 PDE 1994  1  5 13 24 11.20  39.1600   15.1800 291.0 5.9 0.0 SOUTHERN ITALY
event name:     B010594C
time shift:      4.5000
half duration:   1.9000
latitude:       39.1000
longitude:      15.3900
depth:         294.8000
Mrr:      -2.166000e+24
Mtt:      -1.973000e+24
Mpp:       4.139000e+24
Mrt:      -3.507000e+24
Mrp:      -3.292000e+24
Mtp:       1.300000e+22
