 PDE 2002  1  7 13 26 26.50  18.9600  144.9600 599.4 5.7 0.0 MARIANA ISLANDS
event name:     B010702C
time shift:      4.9000
half duration:   2.1000
latitude:       19.0300
longitude:     145.0800
depth:         609.2000
Mrr:      -8.252000e+24
Mtt:       1.025000e+24
Mpp:       7.227000e+24
Mrt:      -9.670000e+23
Mrp:       8.300000e+22
Mtp:      -2.012000e+24
