 PDE 1996  1  7  3 42 46.90 -24.0400 -179.0200 390.0 4.9 0.0 SOUTH OF FIJI ISLANDS
event name:     B010796B
time shift:      6.6000
half duration:   1.7000
latitude:      -23.9500
longitude:    -178.8900
depth:         400.4000
Mrr:      -9.510000e+23
Mtt:       4.040000e+23
Mpp:       5.470000e+23
Mrt:      -2.400000e+22
Mrp:      -3.811000e+24
Mtp:      -1.960000e+23
