 PDE 1999  1  2 19 27  6.60 -15.9200  168.0900 226.0 5.2 0.0 VANUATU ISLANDS
event name:     B010299B
time shift:      5.9000
half duration:   1.8000
latitude:      -15.9200
longitude:     168.1200
depth:         230.7000
Mrr:       2.881000e+24
Mtt:      -3.853000e+24
Mpp:       9.720000e+23
Mrt:      -1.506000e+24
Mrp:      -2.597000e+24
Mtp:       5.010000e+23
