 PDE 1995  1  4  6 28 39.80 -56.0900 -123.1500  10.0 5.1 5.8 SOUTHERN EAST PACIFIC RISE
event name:     B010495E
time shift:      6.8000
half duration:   2.5000
latitude:      -55.9000
longitude:    -123.4500
depth:          15.0000
Mrr:      -1.950000e+23
Mtt:       5.400000e+24
Mpp:      -5.206000e+24
Mrt:       1.383000e+24
Mrp:      -1.248000e+24
Mtp:       8.527000e+24
