 PDE 2003  1  9  2 50 45.80 -19.6600 -176.2900  10.0 5.4 5.8 FIJI ISLANDS REGION
event name:     B010903A
time shift:      5.8000
half duration:   2.2000
latitude:      -19.5900
longitude:    -176.2400
depth:          15.0000
Mrr:      -1.120000e+24
Mtt:      -5.600000e+24
Mpp:       6.720000e+24
Mrt:       1.400000e+23
Mrp:      -1.650000e+24
Mtp:      -7.040000e+24
