 PDE 2002  1  5 18 22 41.10 -17.8400  178.8900 638.5 4.9 0.0 FIJI ISLANDS
event name:     B010502B
time shift:      6.0000
half duration:   1.3000
latitude:      -17.7800
longitude:     178.7400
depth:         670.1000
Mrr:      -1.000000e+21
Mtt:       1.481000e+24
Mpp:      -1.480000e+24
Mrt:       2.700000e+23
Mrp:      -2.480000e+23
Mtp:       1.517000e+24
