 PDE 1994  1  5  4 24 36.70  16.6600  145.6000 592.0 5.3 0.0 MARIANA ISLANDS
event name:     B010594A
time shift:      3.4000
half duration:   1.5000
latitude:       16.6500
longitude:     145.8300
depth:         601.2000
Mrr:      -2.116000e+24
Mtt:      -4.000000e+21
Mpp:       2.120000e+24
Mrt:      -1.780000e+23
Mrp:       8.980000e+23
Mtp:       1.451000e+24
