 PDE 2002  1  1 10 39  6.80 -55.2100 -129.0000  10.0 5.2 5.5 PACIFIC-ANTARCTIC RIDGE
event name:     B010102A
time shift:      6.1000
half duration:   2.1000
latitude:      -55.4700
longitude:    -129.1200
depth:          15.0000
Mrr:      -8.000000e+23
Mtt:       5.036000e+24
Mpp:      -4.235000e+24
Mrt:       3.750000e+24
Mrp:       9.080000e+23
Mtp:       7.577000e+24
