 PDE 1995  1  3  6 49 20.00 -19.6400 -178.1200 601.0 5.3 0.0 FIJI ISLANDS REGION
event name:     B010395D
time shift:      7.0000
half duration:   1.5000
latitude:      -19.6100
longitude:    -178.0800
depth:         623.1000
Mrr:       6.100000e+23
Mtt:       1.014000e+24
Mpp:      -1.623000e+24
Mrt:      -1.924000e+24
Mrp:      -1.623000e+24
Mtp:      -7.840000e+23
