 PDE 2000  1  2 12 14 39.10 -17.9400 -178.4800 582.3 5.0 0.0 FIJI ISLANDS REGION
event name:     B010200B
time shift:      7.7000
half duration:   1.3000
latitude:      -17.7400
longitude:    -178.5600
depth:         610.6000
Mrr:      -4.920000e+23
Mtt:       8.300000e+23
Mpp:      -3.380000e+23
Mrt:      -4.440000e+23
Mrp:      -2.070000e+24
Mtp:       5.670000e+23
