 PDE 1996  1 16  5 15 27.70 -18.7000 -177.4500 334.0 5.4 0.0 FIJI ISLANDS REGION
event name:     B011696A
time shift:      5.4000
half duration:   1.6000
latitude:      -18.6700
longitude:    -177.1500
depth:         361.6000
Mrr:      -5.570000e+23
Mtt:      -2.110000e+24
Mpp:       2.666000e+24
Mrt:      -1.749000e+24
Mrp:       9.260000e+23
Mtp:      -1.486000e+24
