 PDE 2000  1 10 16 40 42.20  27.3500  139.9800 453.2 5.3 0.0 BONIN ISLANDS, JAPAN REGION
event name:     B011000B
time shift:      3.9000
half duration:   1.7000
latitude:       27.3300
longitude:     140.2900
depth:         454.4000
Mrr:      -3.245000e+24
Mtt:       1.392000e+24
Mpp:       1.853000e+24
Mrt:      -1.293000e+24
Mrp:      -1.614000e+24
Mtp:      -1.823000e+24
