 PDE 2004  1 10  2 31  3.80  -6.3100  128.0400 401.8 4.9 0.0 BANDA SEA
event name:     B011004A
time shift:     -1.3000
half duration:   1.3000
latitude:       -6.3000
longitude:     127.9500
depth:         384.8000
Mrr:      -7.990000e+23
Mtt:       9.440000e+23
Mpp:      -1.450000e+23
Mrt:       7.450000e+23
Mrp:       1.700000e+24
Mtp:       3.210000e+23
