 PDE 2000  1 19  7  9 33.60  36.3700   70.3800 206.9 5.5 0.0 HINDU KUSH REGION, AFGHANISTAN
event name:     B011900A
time shift:      5.0000
half duration:   2.4000
latitude:       36.3000
longitude:      70.2900
depth:         224.3000
Mrr:       7.839000e+24
Mtt:      -8.667000e+24
Mpp:       8.280000e+23
Mrt:      -3.900000e+24
Mrp:       2.862000e+24
Mtp:       1.447000e+24
