 PDE 2004  1 11  8  7  5.00 -16.2400 -176.1800 366.1 5.3 0.0 FIJI ISLANDS REGION
event name:     B011104B
time shift:      2.9000
half duration:   2.1000
latitude:      -16.2700
longitude:    -176.0500
depth:         381.4000
Mrr:      -3.560000e+24
Mtt:       2.550000e+24
Mpp:       1.010000e+24
Mrt:       4.160000e+24
Mrp:      -8.720000e+23
Mtp:       6.190000e+24
