 PDE 1995  1 11  9 47 16.40 -22.1000 -179.6100 592.0 5.1 0.0 SOUTH OF FIJI ISLANDS
event name:     B011195C
time shift:      7.0000
half duration:   1.5000
latitude:      -22.0100
longitude:    -179.4400
depth:         607.1000
Mrr:       1.428000e+24
Mtt:       1.430000e+23
Mpp:      -1.571000e+24
Mrt:       5.550000e+23
Mrp:      -1.846000e+24
Mtp:      -9.060000e+23
