 PDE 2004  1 11  9 29 10.30 -20.1400 -179.1500 673.1 5.3 0.0 FIJI ISLANDS REGION
event name:     B011104C
time shift:      2.4000
half duration:   2.5000
latitude:      -20.2100
longitude:    -179.2000
depth:         682.5000
Mrr:      -2.070000e+24
Mtt:      -1.220000e+24
Mpp:       3.290000e+24
Mrt:      -1.010000e+25
Mrp:      -7.540000e+24
Mtp:       1.560000e+24
