 PDE 1994  1 19 16 26 48.40 -17.5000 -178.5900 537.0 5.2 0.0 FIJI ISLANDS REGION
event name:     B011994E
time shift:      7.5000
half duration:   2.6000
latitude:      -17.3700
longitude:    -178.2800
depth:         561.0000
Mrr:       9.800000e+23
Mtt:       3.290000e+24
Mpp:      -4.270000e+24
Mrt:      -3.640000e+24
Mrp:      -1.142000e+25
Mtp:       5.980000e+24
