 PDE 1995  1 14  6 49 23.70 -27.9500 -178.3500 213.0 5.2 0.0 KERMADEC ISLANDS REGION
event name:     B011495A
time shift:      5.3000
half duration:   1.7000
latitude:      -27.8900
longitude:    -178.0800
depth:         214.7000
Mrr:      -2.453000e+24
Mtt:      -7.430000e+23
Mpp:       3.196000e+24
Mrt:      -2.782000e+24
Mrp:      -1.367000e+24
Mtp:      -7.040000e+23
