 PDE 1995  1 19  9 55 34.90  -7.3400  128.2700 170.0 5.8 0.0 BANDA SEA
event name:     B011995D
time shift:      4.5000
half duration:   2.3000
latitude:       -7.5100
longitude:     128.5100
depth:         178.7000
Mrr:       8.158000e+24
Mtt:      -6.356000e+24
Mpp:      -1.802000e+24
Mrt:      -4.000000e+21
Mrp:       1.556000e+24
Mtp:       2.328000e+24
