 PDE 2003  1 17 23 46  8.50   1.9500  122.6800 483.0 5.2 0.0 CELEBES SEA
event name:     B011703F
time shift:      2.1000
half duration:   2.0000
latitude:        2.0100
longitude:     122.7700
depth:         459.9000
Mrr:      -6.400000e+22
Mtt:      -1.170000e+24
Mpp:       1.230000e+24
Mrt:       2.900000e+23
Mrp:      -6.990000e+23
Mtp:       5.880000e+24
