 PDE 1999  1 27  3 37 47.50 -22.3100 -179.0200 436.9 5.0 0.0 SOUTH OF FIJI ISLANDS
event name:     B012799A
time shift:      4.3000
half duration:   1.4000
latitude:      -22.2900
longitude:    -178.8200
depth:         449.4000
Mrr:       1.334000e+24
Mtt:       1.100000e+22
Mpp:      -1.345000e+24
Mrt:      -4.890000e+23
Mrp:       1.423000e+24
Mtp:      -1.149000e+24
