 PDE 1999  1 27  8  9  1.90  -5.3200  146.7600 230.0 5.4 0.0 EASTERN NEW GUINEA REG., P.N.G.
event name:     B012799C
time shift:      6.7000
half duration:   2.2000
latitude:       -5.4900
longitude:     147.1200
depth:         245.5000
Mrr:       5.759000e+24
Mtt:      -7.128000e+24
Mpp:       1.369000e+24
Mrt:      -2.941000e+24
Mrp:      -1.759000e+24
Mtp:       2.347000e+24
