 PDE 1995  1 23 10 16 18.20 -26.8400 -176.4300  33.0 5.3 5.7 SOUTH OF TONGA ISLANDS
event name:     B012395A
time shift:      4.2000
half duration:   2.0000
latitude:      -26.9900
longitude:    -175.9100
depth:          15.0000
Mrr:       4.403000e+24
Mtt:       1.350000e+23
Mpp:      -4.538000e+24
Mrt:       2.014000e+24
Mrp:       4.074000e+24
Mtp:      -8.410000e+23
