 PDE 2000  1 20  6 13  2.70  56.6200 -161.8700 220.8 5.7 0.0 ALASKA PENINSULA
event name:     B012000C
time shift:      1.6000
half duration:   1.8000
latitude:       56.4500
longitude:    -161.6400
depth:         217.7000
Mrr:       5.220000e+23
Mtt:       2.938000e+24
Mpp:      -3.460000e+24
Mrt:       1.457000e+24
Mrp:      -2.478000e+24
Mtp:      -1.949000e+24
