 PDE 2002  1 25  3 28 11.70 -20.8600 -178.7600 576.4 5.5 0.0 FIJI ISLANDS REGION
event name:     B012502B
time shift:      4.9000
half duration:   1.8000
latitude:      -20.9300
longitude:    -178.4900
depth:         586.6000
Mrr:      -8.680000e+23
Mtt:       1.340000e+23
Mpp:       7.340000e+23
Mrt:      -2.875000e+24
Mrp:      -3.518000e+24
Mtp:      -7.110000e+23
