 PDE 1998  1 26 18 30 31.30 -22.0400 -176.8400 159.9 5.0 0.0 SOUTH OF FIJI ISLANDS
event name:     B012698D
time shift:      5.8000
half duration:   1.7000
latitude:      -22.3200
longitude:    -176.3600
depth:         160.8000
Mrr:      -1.360000e+24
Mtt:      -8.900000e+22
Mpp:       1.449000e+24
Mrt:      -7.570000e+23
Mrp:      -3.145000e+24
Mtp:       9.300000e+23
