 PDE 1999  1 25 10 37 13.50 -18.0300 -178.4500 640.0 5.0 0.0 FIJI ISLANDS REGION
event name:     B012599C
time shift:      4.2000
half duration:   1.9000
latitude:      -17.8300
longitude:    -178.2700
depth:         650.1000
Mrr:      -3.892000e+24
Mtt:       1.879000e+24
Mpp:       2.013000e+24
Mrt:       2.449000e+24
Mrp:       1.442000e+24
Mtp:      -2.983000e+24
