 PDE 1995  1 21 16  1 26.10  -7.0200  129.1100 197.0 5.6 0.0 BANDA SEA
event name:     B012195F
time shift:      4.2000
half duration:   1.5000
latitude:       -6.9700
longitude:     129.3900
depth:         192.7000
Mrr:       1.710000e+24
Mtt:      -1.960000e+24
Mpp:       2.500000e+23
Mrt:       1.304000e+24
Mrp:       1.498000e+24
Mtp:      -7.840000e+23
