 PDE 1995  1 20 15 49  1.60   1.1400  126.1100  51.0 5.7 5.4 NORTHERN MOLUCCA SEA
event name:     B012095H
time shift:      6.4000
half duration:   2.0000
latitude:        1.3800
longitude:     126.1700
depth:          49.3000
Mrr:       4.481000e+24
Mtt:       4.550000e+24
Mpp:      -9.031000e+24
Mrt:      -2.045000e+24
Mrp:      -8.250000e+23
Mtp:      -1.694000e+24
