 PDE 1995  1 22  0 20 40.40 -20.3900 -178.0000 504.0 5.1 0.0 FIJI ISLANDS REGION
event name:     B012295A
time shift:      5.5000
half duration:   1.7000
latitude:      -20.2700
longitude:    -177.6600
depth:         508.9000
Mrr:      -1.118000e+24
Mtt:       2.474000e+24
Mpp:      -1.356000e+24
Mrt:      -2.215000e+24
Mrp:      -1.969000e+24
Mtp:      -1.110000e+23
