 PDE 2003  1 20 18 43 53.40 -20.3900 -178.4300 600.0 5.0 0.0 FIJI ISLANDS REGION
event name:     B012003D
time shift:     -1.9000
half duration:   1.6000
latitude:      -20.5700
longitude:    -177.9700
depth:         561.0000
Mrr:      -1.100000e+24
Mtt:       2.250000e+23
Mpp:       8.710000e+23
Mrt:      -1.420000e+24
Mrp:      -2.000000e+24
Mtp:       1.380000e+23
