 PDE 1998  1 27  2 14 12.90 -20.7700 -179.1800 642.8 5.3 0.0 FIJI ISLANDS REGION
event name:     B012798A
time shift:      5.4000
half duration:   2.3000
latitude:      -20.7300
longitude:    -179.1600
depth:         651.4000
Mrr:      -2.365000e+24
Mtt:       8.187000e+24
Mpp:      -5.822000e+24
Mrt:       6.880000e+23
Mrp:      -6.927000e+24
Mtp:      -1.509000e+24
