 PDE 2002  1 21 15 42 35.90 -15.3800  167.4800 115.5 5.3 0.0 VANUATU ISLANDS
event name:     B012102D
time shift:      6.3000
half duration:   2.1000
latitude:      -15.2700
longitude:     167.4100
depth:         118.1000
Mrr:       4.243000e+24
Mtt:      -2.605000e+24
Mpp:      -1.638000e+24
Mrt:      -5.327000e+24
Mrp:       8.350000e+23
Mtp:      -1.194000e+24
