 PDE 2002  1 24 21  7 11.40  -4.5700 -104.8100  10.0 5.0 5.5 CENTRAL EAST PACIFIC RISE
event name:     B012402I
time shift:      6.9000
half duration:   1.9000
latitude:       -4.4400
longitude:    -104.8900
depth:          15.0000
Mrr:      -1.910000e+23
Mtt:       1.700000e+24
Mpp:      -1.510000e+24
Mrt:      -2.510000e+23
Mrp:       1.489000e+24
Mtp:       5.360000e+24
