 PDE 2002  1 30  8 42  3.40  18.1900  -95.9100 108.9 5.6 0.0 VERACRUZ, MEXICO
event name:     B013002A
time shift:      4.1000
half duration:   2.3000
latitude:       18.2200
longitude:     -95.9400
depth:         116.6000
Mrr:      -7.175000e+24
Mtt:       2.666000e+24
Mpp:       4.509000e+24
Mrt:       3.976000e+24
Mrp:      -3.931000e+24
Mtp:      -4.330000e+24
