 PDE 2002  1 31 16 27 19.20 -12.8000  169.5300 667.1 5.3 0.0 SANTA CRUZ ISLANDS REGION
event name:     B013102D
time shift:      4.5000
half duration:   1.7000
latitude:      -12.5700
longitude:     169.7600
depth:         661.9000
Mrr:      -3.186000e+24
Mtt:       2.560000e+23
Mpp:       2.929000e+24
Mrt:      -6.200000e+23
Mrp:       1.720000e+24
Mtp:       1.646000e+24
