 PDE 1995  2  5 20 37 10.90   6.8500  -82.6800  10.0 5.8 5.4 SOUTH OF PANAMA
event name:     B020595C
time shift:      5.3000
half duration:   2.4000
latitude:        6.6900
longitude:     -82.6400
depth:          15.0000
Mrr:      -1.900000e+23
Mtt:      -2.530000e+24
Mpp:       2.710000e+24
Mrt:       1.420000e+24
Mrp:       1.430000e+24
Mtp:       1.034000e+25
