 PDE 2004  2  1 11 41 14.40 -31.6600  179.7000 354.2 5.2 0.0 KERMADEC ISLANDS REGION
event name:     B020104B
time shift:      3.2000
half duration:   1.8000
latitude:      -31.5700
longitude:     179.9200
depth:         356.0000
Mrr:      -3.790000e+24
Mtt:      -4.360000e+23
Mpp:       4.220000e+24
Mrt:      -1.160000e+24
Mrp:      -1.290000e+24
Mtp:      -7.310000e+23
