 PDE 1995  2  5 22 51 10.40 -37.7100  178.7700  59.0 6.4 0.0 OFF E. COAST OF N. ISLAND, N.Z.
event name:     B020595D
time shift:      2.9000
half duration:   9.0000
latitude:      -37.6100
longitude:     179.4000
depth:          15.0000
Mrr:      -4.770000e+26
Mtt:       1.229000e+26
Mpp:       3.541000e+26
Mrt:       1.485000e+26
Mrp:       2.151000e+26
Mtp:       3.090000e+26
