 PDE 1999  2  5 14 37 53.00  47.5100  147.1600 407.4 5.4 0.0 NORTHWEST OF KURIL ISLANDS
event name:     B020599C
time shift:      3.5000
half duration:   2.1000
latitude:       47.4700
longitude:     147.7300
depth:         402.4000
Mrr:      -2.078000e+24
Mtt:       1.732000e+24
Mpp:       3.470000e+23
Mrt:       2.099000e+24
Mrp:      -5.546000e+24
Mtp:       2.580000e+24
