 PDE 2003  2  1 16 30 57.00  16.5500  -92.8900 211.2 5.3 0.0 CHIAPAS, MEXICO
event name:     B020103C
time shift:      4.0000
half duration:   1.9000
latitude:       16.5100
longitude:     -93.2300
depth:         208.8000
Mrr:       1.460000e+24
Mtt:      -1.110000e+24
Mpp:      -3.490000e+23
Mrt:       1.900000e+22
Mrp:      -4.920000e+24
Mtp:      -3.320000e+24
