 PDE 1998  2  7  1 13 36.80  24.7900  141.7500 525.9 5.4 0.0 VOLCANO ISLANDS, JAPAN REGION
event name:     B020798A
time shift:      5.7000
half duration:   2.1000
latitude:       24.4700
longitude:     141.7200
depth:         540.3000
Mrr:      -8.801000e+24
Mtt:       2.024000e+24
Mpp:       6.777000e+24
Mrt:      -1.430000e+24
Mrp:       2.824000e+24
Mtp:      -3.424000e+24
