 PDE 1999  2  5 11 39 45.20 -12.6200  166.9700 213.0 5.7 0.0 SANTA CRUZ ISLANDS
event name:     B020599B
time shift:      5.2000
half duration:   2.2000
latitude:      -12.5600
longitude:     166.8500
depth:         210.5000
Mrr:       6.810000e+24
Mtt:      -4.800000e+22
Mpp:      -6.762000e+24
Mrt:       6.700000e+22
Mrp:      -2.870000e+24
Mtp:      -5.100000e+23
