 PDE 2001  2  7 15 16 15.20  52.7500  153.8500 426.6 5.6 0.0 NORTHWEST OF KURIL ISLANDS
event name:     B020701E
time shift:      4.2000
half duration:   1.8000
latitude:       52.7300
longitude:     153.9700
depth:         434.2000
Mrr:      -3.668000e+24
Mtt:       6.100000e+23
Mpp:       3.058000e+24
Mrt:      -7.600000e+23
Mrp:      -1.731000e+24
Mtp:       1.403000e+24
