 PDE 2004  2  4  5 18 44.80 -26.1300  -63.4600 558.4 5.1 0.0 SANTIAGO DEL ESTERO PROV., ARG.
event name:     B020404C
time shift:      3.7000
half duration:   1.8000
latitude:      -26.2500
longitude:     -63.3700
depth:         568.7000
Mrr:       3.800000e+23
Mtt:       1.950000e+23
Mpp:      -5.750000e+23
Mrt:      -2.090000e+24
Mrp:       4.140000e+24
Mtp:      -2.000000e+24
