 PDE 1995  2  2 19 50 48.80  -6.2800  148.8600  64.0 5.4 0.0 NEW BRITAIN REGION, P.N.G.
event name:     B020295E
time shift:      5.1000
half duration:   2.3000
latitude:       -6.5400
longitude:     149.1900
depth:          22.3000
Mrr:       7.057000e+24
Mtt:      -8.015000e+24
Mpp:       9.590000e+23
Mrt:       5.594000e+24
Mrp:      -3.880000e+23
Mtp:      -1.117000e+24
