 PDE 1995  2 14 20 47 41.10  43.9900  148.1000  37.0 5.9 5.6 KURIL ISLANDS
event name:     B021495F
time shift:      4.9000
half duration:   2.1000
latitude:       44.0600
longitude:     148.2600
depth:          30.0000
Mrr:       6.117000e+24
Mtt:      -2.004000e+24
Mpp:      -4.113000e+24
Mrt:       3.072000e+24
Mrp:       4.618000e+24
Mtp:      -4.089000e+24
