 PDE 1995  2 10 20 27  3.30 -19.7700  -68.5400 164.0 5.4 0.0 NORTHERN CHILE
event name:     B021095D
time shift:      0.9000
half duration:   1.5000
latitude:      -19.9800
longitude:     -69.0100
depth:         130.6000
Mrr:      -1.203000e+24
Mtt:       1.770000e+23
Mpp:       1.026000e+24
Mrt:      -8.000000e+21
Mrp:      -2.678000e+24
Mtp:      -7.370000e+23
