 PDE 1994  2 16  3 48 53.50 -26.1700  178.1800 617.0 5.3 0.0 SOUTH OF FIJI ISLANDS
event name:     B021694A
time shift:      5.7000
half duration:   1.7000
latitude:      -26.1400
longitude:     178.3900
depth:         625.0000
Mrr:       5.800000e+22
Mtt:       2.780000e+23
Mpp:      -3.360000e+23
Mrt:      -3.308000e+24
Mrp:      -2.784000e+24
Mtp:      -1.345000e+24
