 PDE 1995  2 13 12 29 55.30  -1.3800  127.4500  33.0 5.8 6.0 HALMAHERA, INDONESIA
event name:     B021395F
time shift:      4.6000
half duration:   2.8000
latitude:       -1.3500
longitude:     127.5900
depth:          16.0000
Mrr:      -1.446000e+25
Mtt:      -5.000000e+22
Mpp:       1.451000e+25
Mrt:       2.370000e+24
Mrp:       4.890000e+24
Mtp:       7.470000e+24
