 PDE 2000  2 17  4 54 26.50 -10.9000  166.6900  33.0 5.5 5.8 SANTA CRUZ ISLANDS
event name:     B021700A
time shift:      5.2000
half duration:   2.2000
latitude:      -10.8800
longitude:     167.0600
depth:          15.0000
Mrr:      -8.824000e+24
Mtt:       2.596000e+24
Mpp:       6.228000e+24
Mrt:      -7.530000e+23
Mrp:       9.540000e+23
Mtp:      -3.097000e+24
