 PDE 1996  2 18  9 57 16.80  13.8800  120.7700 242.0 5.4 0.0 LUZON, PHILIPPINES
event name:     B021896E
time shift:      4.8000
half duration:   1.6000
latitude:       14.0700
longitude:     120.8000
depth:         243.1000
Mrr:       8.860000e+23
Mtt:      -5.010000e+23
Mpp:      -3.850000e+23
Mrt:      -2.729000e+24
Mrp:       9.260000e+23
Mtp:       6.290000e+23
