 PDE 2001  2 16 13 19 45.50 -15.3500  -70.4700 210.1 5.1 0.0 SOUTHERN PERU
event name:     B021601E
time shift:      4.3000
half duration:   1.3000
latitude:      -15.4800
longitude:     -70.7200
depth:         209.8000
Mrr:      -4.990000e+23
Mtt:      -6.900000e+22
Mpp:       5.680000e+23
Mrt:       8.090000e+23
Mrp:      -1.936000e+24
Mtp:       9.100000e+22
