 PDE 1995  2 14 15 53 56.90 -23.2900  -67.7000 156.0 5.7 0.0 CHILE-ARGENTINA BORDER REGION
event name:     B021495C
time shift:      4.8000
half duration:   2.4000
latitude:      -23.6400
longitude:     -67.8800
depth:         159.5000
Mrr:      -3.718000e+24
Mtt:      -1.849000e+24
Mpp:       5.566000e+24
Mrt:       1.620000e+24
Mrp:      -7.803000e+24
Mtp:      -2.913000e+24
