 PDE 2002  2 15  1 46 37.80 -36.2300 -100.3000  10.0 5.3 5.4 SOUTHEAST OF EASTER ISLAND
event name:     B021502A
time shift:      5.6000
half duration:   2.2000
latitude:      -36.1600
longitude:    -100.6700
depth:          15.0000
Mrr:      -4.600000e+23
Mtt:      -1.241000e+24
Mpp:       1.700000e+24
Mrt:      -2.830000e+23
Mrp:       8.370000e+23
Mtp:      -7.741000e+24
