 PDE 1997  2 15 12 11 14.70  -7.7800  117.4100 274.0 5.6 0.0 BALI SEA
event name:     B021597A
time shift:      6.0000
half duration:   1.5000
latitude:       -7.8100
longitude:     117.5100
depth:         282.9000
Mrr:       1.929000e+24
Mtt:      -1.596000e+24
Mpp:      -3.330000e+23
Mrt:       2.104000e+24
Mrp:       5.530000e+23
Mtp:      -1.360000e+23
