 PDE 1995  2 19  0 17 48.40   5.2100  126.2200 104.0 5.9 0.0 MINDANAO, PHILIPPINES
event name:     B021995A
time shift:      1.3000
half duration:   2.5000
latitude:        5.4500
longitude:     126.6100
depth:          98.7000
Mrr:       2.380000e+23
Mtt:      -1.150000e+24
Mpp:       9.130000e+23
Mrt:       1.728000e+24
Mrp:       9.766000e+24
Mtp:      -5.550000e+23
