 PDE 2002  2 10  1 47  6.20 -55.9100  -29.0000 193.4 5.7 0.0 SOUTH SANDWICH ISLANDS REGION
event name:     B021002A
time shift:      6.7000
half duration:   2.2000
latitude:      -55.8500
longitude:     -28.8100
depth:         199.0000
Mrr:      -5.786000e+24
Mtt:       6.396000e+24
Mpp:      -6.090000e+23
Mrt:       5.324000e+24
Mrp:      -1.800000e+24
Mtp:      -1.997000e+24
