 PDE 1996  2 17 14 21 23.70  -0.5900  135.8700  33.0 5.8 6.7 IRIAN JAYA REGION, INDONESIA
event name:     B021796N
time shift:      3.3000
half duration:   4.2000
latitude:       -0.6400
longitude:     135.8900
depth:          15.0000
Mrr:       2.963000e+25
Mtt:      -2.320000e+25
Mpp:      -6.430000e+24
Mrt:      -4.869000e+25
Mrp:       3.359000e+25
Mtp:       1.251000e+25
