 PDE 2000  2 12 10 39 54.60 -15.8900 -174.8000 226.6 5.2 4.9 TONGA ISLANDS
event name:     B021200F
time shift:      8.1000
half duration:   2.3000
latitude:      -15.7700
longitude:    -174.6000
depth:         237.6000
Mrr:      -6.621000e+24
Mtt:       2.647000e+24
Mpp:       3.974000e+24
Mrt:       2.528000e+24
Mrp:      -4.071000e+24
Mtp:       4.798000e+24
