 PDE 2001  2 15 12 46 59.40  -5.5600  148.3000 168.6 5.6 0.0 NEW BRITAIN REGION, P.N.G.
event name:     B021501B
time shift:      5.7000
half duration:   1.6000
latitude:       -5.6600
longitude:     148.5400
depth:         172.3000
Mrr:      -1.831000e+24
Mtt:       2.259000e+24
Mpp:      -4.280000e+23
Mrt:      -2.850000e+23
Mrp:       1.896000e+24
Mtp:      -8.010000e+23
