 PDE 2003  2 13 15 38 51.70 -22.2100 -179.6400 591.0 5.2 0.0 SOUTH OF FIJI ISLANDS
event name:     B021303E
time shift:      4.1000
half duration:   1.4000
latitude:      -22.3400
longitude:    -179.3300
depth:         607.0000
Mrr:       1.260000e+24
Mtt:      -9.580000e+23
Mpp:      -3.020000e+23
Mrt:      -1.140000e+24
Mrp:      -1.600000e+24
Mtp:      -1.120000e+24
