 PDE 2000  2 12 16 29 20.30  -6.5700  155.0100  33.0 5.6 5.7 SOLOMON ISLANDS
event name:     B021200G
time shift:      6.3000
half duration:   2.0000
latitude:       -6.7100
longitude:     155.0600
depth:          44.0000
Mrr:       6.681000e+24
Mtt:      -3.278000e+24
Mpp:      -3.403000e+24
Mrt:       1.617000e+24
Mrp:      -1.504000e+24
Mtp:       3.245000e+24
