 PDE 2003  2 19  5  1 40.30  44.1500  141.8000 214.4 5.3 0.0 HOKKAIDO, JAPAN REGION
event name:     B021903D
time shift:      1.9000
half duration:   2.2000
latitude:       44.1900
longitude:     141.7300
depth:         226.6000
Mrr:      -2.790000e+24
Mtt:       8.710000e+23
Mpp:       1.920000e+24
Mrt:       6.440000e+24
Mrp:      -3.670000e+23
Mtp:      -5.500000e+24
