 PDE 1997  2 23 19 54 59.50 -21.9700 -179.5900 612.0 5.0 0.0 SOUTH OF FIJI ISLANDS
event name:     B022397B
time shift:      1.2000
half duration:   1.5000
latitude:      -22.1200
longitude:    -178.9700
depth:         619.0000
Mrr:       5.980000e+23
Mtt:      -1.327000e+24
Mpp:       7.290000e+23
Mrt:      -4.750000e+23
Mrp:      -2.034000e+24
Mtp:      -1.113000e+24
