 PDE 2003  2 21 22 13 25.30 -25.9500 -178.3000 255.3 5.4 0.0 SOUTH OF FIJI ISLANDS
event name:     B022103B
time shift:      4.5000
half duration:   1.9000
latitude:      -25.8600
longitude:    -178.0400
depth:         251.8000
Mrr:      -2.270000e+24
Mtt:      -1.710000e+24
Mpp:       3.990000e+24
Mrt:      -2.010000e+24
Mrp:      -3.130000e+24
Mtp:      -2.270000e+24
