 PDE 1994  2 20 21 48 13.80  13.7000  120.8200 219.0 5.5 0.0 MINDORO, PHILIPPINES
event name:     B022094F
time shift:      2.9000
half duration:   2.2000
latitude:       13.6400
longitude:     120.7700
depth:         203.9000
Mrr:       1.112000e+24
Mtt:      -4.532000e+24
Mpp:       3.420000e+24
Mrt:      -5.097000e+24
Mrp:      -5.319000e+24
Mtp:      -4.420000e+24
