 PDE 1995  2 25 21 54 29.80 -18.2400 -178.0900 568.0 5.6 0.0 FIJI ISLANDS REGION
event name:     B022595D
time shift:      8.3000
half duration:   1.7000
latitude:      -18.0700
longitude:    -178.0500
depth:         594.5000
Mrr:      -1.313000e+24
Mtt:      -8.300000e+23
Mpp:       2.143000e+24
Mrt:      -2.894000e+24
Mrp:       2.546000e+24
Mtp:       1.000000e+21
