 PDE 1995  2 21  2  9 50.90  45.9400  151.5500  33.0 5.8 5.9 KURIL ISLANDS
event name:     B022195A
time shift:      7.3000
half duration:   3.1000
latitude:       45.9200
longitude:     151.7900
depth:          41.5000
Mrr:       1.881000e+25
Mtt:      -7.460000e+24
Mpp:      -1.135000e+25
Mrt:       4.590000e+24
Mrp:       1.478000e+25
Mtp:      -1.028000e+25
