 PDE 1995  2 28 21 12  9.00   6.9300  -81.8100  21.0 5.2 5.5 SOUTH OF PANAMA
event name:     B022895C
time shift:      9.1000
half duration:   2.5000
latitude:        6.7700
longitude:     -82.3100
depth:          15.0000
Mrr:      -2.500000e+23
Mtt:       1.290000e+24
Mpp:      -1.040000e+24
Mrt:       3.980000e+24
Mrp:       1.740000e+24
Mtp:       1.208000e+25
