 PDE 1995  2 23 21  3  2.00  35.0400   32.2700  15.0 5.8 5.7 CYPRUS REGION
event name:     B022395G
time shift:      5.7000
half duration:   2.0000
latitude:       35.0200
longitude:      32.4400
depth:          15.0000
Mrr:       3.513000e+24
Mtt:      -6.320000e+23
Mpp:      -2.881000e+24
Mrt:       1.790000e+23
Mrp:       6.923000e+24
Mtp:      -2.550000e+24
