 PDE 2002  2 23 19 37 13.80  -4.4500  151.9800 155.4 5.5 0.0 NEW BRITAIN REGION, P.N.G.
event name:     B022302C
time shift:      4.6000
half duration:   1.4000
latitude:       -4.4900
longitude:     152.3300
depth:         155.1000
Mrr:       1.990000e+24
Mtt:      -1.688000e+24
Mpp:      -3.020000e+23
Mrt:       1.018000e+24
Mrp:       1.243000e+24
Mtp:      -7.480000e+23
