 PDE 2000  2 29 22 44 58.00 -18.1600  169.0100  33.0 5.5 5.9 VANUATU ISLANDS
event name:     B022900B
time shift:      1.8000
half duration:   2.6000
latitude:      -17.9900
longitude:     169.4100
depth:          23.8000
Mrr:      -1.650000e+24
Mtt:      -7.900000e+23
Mpp:       2.450000e+24
Mrt:       2.710000e+24
Mrp:       1.640000e+24
Mtp:      -1.191000e+25
