 PDE 1998  2 28 10 46 52.30 -14.4200  167.3500 184.9 5.4 0.0 VANUATU ISLANDS
event name:     B022898B
time shift:      5.6000
half duration:   2.0000
latitude:      -14.3200
longitude:     167.0700
depth:         187.6000
Mrr:       4.299000e+24
Mtt:       2.750000e+23
Mpp:      -4.574000e+24
Mrt:      -3.495000e+24
Mrp:       3.620000e+23
Mtp:       3.111000e+24
