 PDE 2000  2 29  4 35  4.20 -50.0700 -114.2000  10.0 5.1 5.6 SOUTHERN EAST PACIFIC RISE
event name:     B022900A
time shift:     11.2000
half duration:   2.2000
latitude:      -49.9400
longitude:    -114.5600
depth:          15.0000
Mrr:      -6.050000e+23
Mtt:       3.994000e+24
Mpp:      -3.388000e+24
Mrt:       7.000000e+22
Mrp:       1.849000e+24
Mtp:       9.063000e+24
