 PDE 1998  2 28 17 38 48.60  33.4600  138.1200 291.4 5.3 0.0 SOUTHEAST OF HONSHU, JAPAN
event name:     B022898E
time shift:      3.5000
half duration:   1.8000
latitude:       33.4000
longitude:     138.1800
depth:         293.9000
Mrr:      -2.900000e+23
Mtt:       1.698000e+24
Mpp:      -1.408000e+24
Mrt:      -3.120000e+23
Mrp:      -3.087000e+24
Mtp:      -2.327000e+24
