 PDE 1995  2 23  5  1 25.90  39.6600  143.6900  33.0 5.5 6.0 OFF EAST COAST OF HONSHU, JAPAN
event name:     B022395B
time shift:      4.0000
half duration:   3.1000
latitude:       39.8500
longitude:     143.7000
depth:          15.0000
Mrr:       8.410000e+24
Mtt:       8.000000e+23
Mpp:      -9.210000e+24
Mrt:       6.580000e+24
Mrp:       1.829000e+25
Mtp:      -3.040000e+24
