 PDE 2000  2 28 22 15 20.10 -17.5900 -178.9800 538.0 4.9 0.0 FIJI ISLANDS REGION
event name:     B022800C
time shift:      7.4000
half duration:   2.3000
latitude:      -17.4600
longitude:    -178.8100
depth:         562.6000
Mrr:      -2.560000e+24
Mtt:       9.660000e+23
Mpp:       1.593000e+24
Mrt:       8.800000e+23
Mrp:      -4.803000e+24
Mtp:       8.443000e+24
