 PDE 2004  2 24  2 27 46.20  35.1400   -4.0000   0.0 6.2 6.4 STRAIT OF GIBRALTAR
event name:     B022404C
time shift:      7.2000
half duration:   3.5000
latitude:       35.2900
longitude:      -3.8400
depth:          12.0000
Mrr:      -1.250000e+25
Mtt:      -1.770000e+25
Mpp:       3.020000e+25
Mrt:      -3.500000e+24
Mrp:      -1.620000e+25
Mtp:      -2.580000e+25
