 PDE 1996  2 22 13 40 53.50 -33.6900  -71.7100  44.0 5.9 5.5 OFF COAST OF CENTRAL CHILE
event name:     B022296C
time shift:      4.0000
half duration:   2.2000
latitude:      -33.5300
longitude:     -72.0000
depth:          50.0000
Mrr:       5.769000e+24
Mtt:      -5.615000e+24
Mpp:      -1.540000e+23
Mrt:      -1.019000e+24
Mrp:       3.726000e+24
Mtp:       3.827000e+24
