 PDE 2001  3  3 11 58 13.40 -38.7700  -74.5600  33.0 5.7 5.1 OFF COAST OF CENTRAL CHILE
event name:     B030301E
time shift:      0.0000
half duration:   2.0000
latitude:      -39.4800
longitude:     -75.4500
depth:          15.0000
Mrr:      -4.384000e+24
Mtt:      -2.720000e+23
Mpp:       4.656000e+24
Mrt:       1.281000e+24
Mrp:      -4.823000e+24
Mtp:       2.492000e+24
