 PDE 2002  3  2  3 14 54.70 -35.7200  -17.6200  10.0 4.9 5.5 SOUTHERN MID-ATLANTIC RIDGE
event name:     B030202A
time shift:      5.8000
half duration:   2.1000
latitude:      -35.4500
longitude:     -17.2300
depth:          15.0000
Mrr:       4.900000e+23
Mtt:      -3.950000e+24
Mpp:       3.460000e+24
Mrt:      -8.240000e+23
Mrp:      -6.920000e+23
Mtp:       6.285000e+24
