 PDE 2001  3  7 18 10 58.70  -6.8100  -12.9100  10.0 5.3 5.6 ASCENSION ISLAND REGION
event name:     B030701E
time shift:      9.0000
half duration:   2.4000
latitude:       -6.9300
longitude:     -12.7100
depth:          15.0000
Mrr:      -5.860000e+23
Mtt:      -4.186000e+24
Mpp:       4.772000e+24
Mrt:      -1.921000e+24
Mrp:       2.869000e+24
Mtp:       8.232000e+24
