 PDE 2002  3  7  0  7  6.90  47.8800  146.9600 440.4 5.1 0.0 NORTHWEST OF KURIL ISLANDS
event name:     B030702A
time shift:      5.5000
half duration:   1.4000
latitude:       47.9700
longitude:     146.9300
depth:         453.8000
Mrr:       8.710000e+23
Mtt:      -1.270000e+23
Mpp:      -7.430000e+23
Mrt:      -1.533000e+24
Mrp:      -2.183000e+24
Mtp:      -9.400000e+22
