 PDE 2004  3  8 22 49 33.20 -20.8600 -179.0100 607.0 4.9 0.0 FIJI ISLANDS REGION
event name:     B030804C
time shift:      3.7000
half duration:   1.4000
latitude:      -20.7700
longitude:    -179.0100
depth:         616.4000
Mrr:      -5.060000e+23
Mtt:      -5.650000e+23
Mpp:       1.070000e+24
Mrt:      -1.700000e+24
Mrp:      -1.520000e+24
Mtp:       3.420000e+23
