 PDE 2003  3  1  6 12 47.40  -1.7000  134.3100  28.1 5.5 5.7 IRIAN JAYA REGION, INDONESIA
event name:     B030103B
time shift:      3.2000
half duration:   2.2000
latitude:       -1.5100
longitude:     134.5800
depth:          15.0000
Mrr:      -1.480000e+24
Mtt:       5.840000e+23
Mpp:       8.990000e+23
Mrt:      -1.090000e+24
Mrp:      -4.200000e+24
Mtp:       8.810000e+24
