 PDE 1995  3  3 21 12 37.60 -14.6200 -175.6300  22.0 5.6 5.7 SAMOA ISLANDS REGION
event name:     B030395E
time shift:      6.1000
half duration:   2.3000
latitude:      -14.5800
longitude:    -175.3000
depth:          15.0000
Mrr:      -8.390000e+23
Mtt:       8.990000e+23
Mpp:      -6.000000e+22
Mrt:      -1.117000e+24
Mrp:       2.184000e+24
Mtp:       8.102000e+24
