 PDE 1995  3  6 18 43 42.60   2.6600  118.2200  33.0 5.5 5.8 CELEBES SEA
event name:     B030695B
time shift:      5.2000
half duration:   2.4000
latitude:        2.9000
longitude:     118.2700
depth:          15.0000
Mrr:       8.949000e+24
Mtt:      -3.116000e+24
Mpp:      -5.832000e+24
Mrt:      -7.134000e+24
Mrp:       8.613000e+24
Mtp:       4.999000e+24
