 PDE 1998  3  8  0 35 42.20  20.5800  122.1400 157.5 5.5 0.0 PHILIPPINE ISLANDS REGION
event name:     B030898A
time shift:      4.5000
half duration:   1.8000
latitude:       20.7000
longitude:     122.0600
depth:         158.9000
Mrr:      -2.611000e+24
Mtt:      -1.083000e+24
Mpp:       3.694000e+24
Mrt:      -1.990000e+24
Mrp:       2.562000e+24
Mtp:       6.870000e+23
