 PDE 2004  3  5  6  0 22.40 -20.6100 -178.8400 622.6 5.0 0.0 FIJI ISLANDS REGION
event name:     B030504C
time shift:      2.0000
half duration:   1.4000
latitude:      -20.8000
longitude:    -178.6800
depth:         628.7000
Mrr:       6.350000e+23
Mtt:      -1.130000e+23
Mpp:      -5.230000e+23
Mrt:      -1.220000e+24
Mrp:      -2.130000e+24
Mtp:      -5.820000e+23
