 PDE 2001  3  1  3 59 54.50 -22.2900  170.3200  10.0 5.0 5.0 SOUTHEAST OF LOYALTY ISLANDS
event name:     B030101B
time shift:      9.4000
half duration:   1.9000
latitude:      -22.3800
longitude:     169.9900
depth:          15.0000
Mrr:       4.996000e+24
Mtt:      -2.691000e+24
Mpp:      -2.304000e+24
Mrt:       3.696000e+24
Mrp:      -8.340000e+23
Mtp:       2.361000e+24
