 PDE 2000  3  1  4 21  1.40 -19.0000 -179.3600 675.0 5.3 0.0 FIJI ISLANDS REGION
event name:     B030100B
time shift:      5.7000
half duration:   1.9000
latitude:      -19.0400
longitude:    -179.0800
depth:         686.4000
Mrr:       4.864000e+24
Mtt:      -4.277000e+24
Mpp:      -5.870000e+23
Mrt:      -1.033000e+24
Mrp:      -3.460000e+23
Mtp:      -3.283000e+24
