 PDE 1996  3  4 15 59  5.50   2.8000  125.1700 151.0 5.8 0.0 TALAUD ISLANDS, INDONESIA
event name:     B030496B
time shift:      5.1000
half duration:   2.2000
latitude:        2.8400
longitude:     125.3400
depth:         152.7000
Mrr:      -4.083000e+24
Mtt:      -2.514000e+24
Mpp:       6.597000e+24
Mrt:      -3.780000e+24
Mrp:      -3.795000e+24
Mtp:       2.266000e+24
