 PDE 1999  3  6 20 28 53.70 -21.7300 -179.4600 602.7 5.4 0.0 FIJI ISLANDS REGION
event name:     B030699D
time shift:      5.9000
half duration:   1.7000
latitude:      -21.6000
longitude:    -179.0400
depth:         634.1000
Mrr:       3.919000e+24
Mtt:      -1.422000e+24
Mpp:      -2.497000e+24
Mrt:      -4.920000e+23
Mrp:      -1.201000e+24
Mtp:      -6.900000e+23
