 PDE 2000  3  1  4 46 29.50 -19.1000 -179.3600 671.9 5.2 0.0 FIJI ISLANDS REGION
event name:     B030100C
time shift:      4.0000
half duration:   1.6000
latitude:      -19.1900
longitude:    -179.2000
depth:         687.7000
Mrr:       1.073000e+24
Mtt:      -1.648000e+24
Mpp:       5.750000e+23
Mrt:       7.000000e+22
Mrp:      -9.060000e+23
Mtp:      -2.834000e+24
