 PDE 1995  3 12 12  9 43.50  -5.3300  146.7000 233.0 5.6 0.0 EASTERN NEW GUINEA REG., P.N.G.
event name:     B031295C
time shift:      6.8000
half duration:   2.6000
latitude:       -5.4400
longitude:     146.8600
depth:         245.6000
Mrr:       6.924000e+24
Mtt:      -9.472000e+24
Mpp:       2.548000e+24
Mrt:      -4.139000e+24
Mrp:      -6.044000e+24
Mtp:       4.870000e+24
