 PDE 2001  3 15  1 22 43.40   8.6600   94.0100  33.0 5.6 5.9 NICOBAR ISLANDS, INDIA REGION
event name:     B031501B
time shift:      0.9000
half duration:   2.3000
latitude:        8.7900
longitude:      94.1100
depth:          29.9000
Mrr:       4.650000e+23
Mtt:      -4.382000e+24
Mpp:       3.917000e+24
Mrt:       1.760000e+24
Mrp:      -1.630000e+23
Mtp:       9.317000e+24
