 PDE 1999  3 12 11 16 39.50 -20.0000 -177.7600 587.0 5.2 0.0 FIJI ISLANDS REGION
event name:     B031299D
time shift:      3.4000
half duration:   1.5000
latitude:      -19.9100
longitude:    -177.6100
depth:         585.5000
Mrr:      -2.770000e+23
Mtt:       9.930000e+23
Mpp:      -7.160000e+23
Mrt:      -1.955000e+24
Mrp:      -2.013000e+24
Mtp:      -2.200000e+23
