 PDE 1995  3 10  5 22 22.40  46.0800  143.5400 350.0 5.4 0.0 SAKHALIN, RUSSIA
event name:     B031095A
time shift:      3.5000
half duration:   1.5000
latitude:       46.1000
longitude:     143.3100
depth:         354.8000
Mrr:       2.750000e+23
Mtt:       2.341000e+24
Mpp:      -2.615000e+24
Mrt:       2.500000e+23
Mrp:      -1.648000e+24
Mtp:      -2.073000e+24
