 PDE 2000  3 18 23 22 53.00 -24.3600  178.9800 551.9 5.1 0.0 SOUTH OF FIJI ISLANDS
event name:     B031800C
time shift:      4.1000
half duration:   1.4000
latitude:      -24.1400
longitude:     179.0200
depth:         539.5000
Mrr:      -6.890000e+23
Mtt:      -9.130000e+23
Mpp:       1.602000e+24
Mrt:      -5.340000e+23
Mrp:      -1.374000e+24
Mtp:      -7.080000e+23
