 PDE 2001  3 12 23 35  8.40  -7.2100  106.1200  33.0 5.5 5.6 JAVA, INDONESIA
event name:     B031201B
time shift:      5.9000
half duration:   2.1000
latitude:       -7.8700
longitude:     106.0300
depth:          37.0000
Mrr:       4.085000e+24
Mtt:      -4.567000e+24
Mpp:       4.820000e+23
Mrt:       4.396000e+24
Mrp:      -1.032000e+24
Mtp:       1.812000e+24
