 PDE 2001  3 11  0 50 40.50 -25.3700 -177.9700 231.0 5.5 0.0 SOUTH OF FIJI ISLANDS
event name:     B031101A
time shift:      4.8000
half duration:   2.0000
latitude:      -25.4000
longitude:    -177.5900
depth:         244.7000
Mrr:       5.109000e+24
Mtt:      -5.984000e+24
Mpp:       8.740000e+23
Mrt:      -6.160000e+23
Mrp:      -1.050000e+23
Mtp:      -1.844000e+24
