 PDE 1995  3 16  4 34 44.60 -21.6200 -176.5000 182.0 5.5 0.0 FIJI ISLANDS REGION
event name:     B031695A
time shift:      4.6000
half duration:   1.6000
latitude:      -21.6900
longitude:    -176.1600
depth:         184.9000
Mrr:      -1.681000e+24
Mtt:      -1.620000e+23
Mpp:       1.843000e+24
Mrt:      -1.345000e+24
Mrp:      -2.655000e+24
Mtp:      -2.840000e+23
