 PDE 2000  3 16 15 19 56.00  40.3900 -125.2800   7.8 5.4 5.6 OFF COAST OF NORTHERN CALIFORNIA
event name:     B031600E
time shift:      7.4000
half duration:   2.2000
latitude:       40.4100
longitude:    -125.2400
depth:          15.0000
Mrr:       5.730000e+23
Mtt:      -1.759000e+24
Mpp:       1.185000e+24
Mrt:       9.000000e+21
Mrp:       3.220000e+23
Mtp:      -7.603000e+24
