 PDE 1995  3 14 12 56 30.60 -15.1600  -64.7900 588.0 5.1 0.0 CENTRAL BOLIVIA
event name:     B031495E
time shift:      6.3000
half duration:   1.6000
latitude:      -15.0900
longitude:     -64.6800
depth:         597.1000
Mrr:       1.802000e+24
Mtt:       4.510000e+23
Mpp:      -2.253000e+24
Mrt:      -1.480000e+24
Mrp:       1.610000e+24
Mtp:      -1.253000e+24
