 PDE 2003  3 14  2 55 45.30 -62.1000  161.7300  10.0 5.2 5.6 BALLENY ISLANDS REGION
event name:     B031403A
time shift:      6.8000
half duration:   2.1000
latitude:      -62.0500
longitude:     161.4100
depth:          15.0000
Mrr:      -6.500000e+23
Mtt:       7.430000e+24
Mpp:      -6.780000e+24
Mrt:       5.400000e+23
Mrp:      -7.200000e+23
Mtp:      -2.130000e+24
