 PDE 2003  3 17  4 10  6.40 -58.2000  -11.2000  10.0 5.3 5.2 EAST OF SOUTH SANDWICH ISLANDS
event name:     B031703A
time shift:      7.4000
half duration:   1.9000
latitude:      -58.4700
longitude:     -10.8900
depth:          15.0000
Mrr:       1.310000e+23
Mtt:      -1.080000e+24
Mpp:       9.470000e+23
Mrt:       4.590000e+23
Mrp:      -8.200000e+23
Mtp:       5.960000e+24
