 PDE 2001  3 16  0  1 18.40  13.1400  -88.7000  48.9 5.2 5.8 OFF COAST OF CENTRAL AMERICA
event name:     B031601A
time shift:      4.1000
half duration:   2.2000
latitude:       12.8400
longitude:     -89.4300
depth:          36.0000
Mrr:       4.029000e+24
Mtt:      -4.336000e+24
Mpp:       3.070000e+23
Mrt:       5.585000e+24
Mrp:      -4.922000e+24
Mtp:       2.378000e+24
