 PDE 2003  3 10 10  2 41.60 -28.0700 -177.6800 146.6 5.5 0.0 KERMADEC ISLANDS REGION
event name:     B031003B
time shift:      3.8000
half duration:   2.0000
latitude:      -27.5400
longitude:    -177.5000
depth:         145.4000
Mrr:      -1.690000e+24
Mtt:      -4.350000e+24
Mpp:       6.040000e+24
Mrt:      -3.880000e+24
Mrp:      -3.040000e+24
Mtp:       1.410000e+23
