 PDE 1997  3 11  3 13 59.40 -21.1300 -178.8600 553.0 5.2 0.0 FIJI ISLANDS REGION
event name:     B031197A
time shift:      4.9000
half duration:   1.7000
latitude:      -20.9900
longitude:    -178.6900
depth:         556.8000
Mrr:      -3.035000e+24
Mtt:       2.681000e+24
Mpp:       3.540000e+23
Mrt:      -2.007000e+24
Mrp:      -1.082000e+24
Mtp:      -8.580000e+23
