 PDE 2003  3 15 14  5 16.20  -3.9200  134.3400  33.0 5.8 5.8 IRIAN JAYA REGION, INDONESIA
event name:     B031503B
time shift:      1.7000
half duration:   2.1000
latitude:       -3.8500
longitude:     134.3300
depth:          29.0000
Mrr:      -3.250000e+24
Mtt:       2.280000e+24
Mpp:       9.740000e+23
Mrt:       4.060000e+24
Mrp:      -1.660000e+24
Mtp:       5.290000e+24
