 PDE 1996  3 12 22  6  3.30   2.9000  126.5400  29.0 5.1 5.2 TALAUD ISLANDS, INDONESIA
event name:     B031296D
time shift:      7.7000
half duration:   2.1000
latitude:        3.0000
longitude:     126.8200
depth:          44.6000
Mrr:       5.044000e+24
Mtt:       3.540000e+23
Mpp:      -5.398000e+24
Mrt:       1.832000e+24
Mrp:       5.595000e+24
Mtp:      -1.592000e+24
