 PDE 2002  3 14 16  8 31.40  51.5300 -173.0800  33.0 5.5 5.4 ANDREANOF ISLANDS, ALEUTIAN IS.
event name:     B031402A
time shift:      3.0000
half duration:   2.2000
latitude:       51.6800
longitude:    -173.1800
depth:          16.0000
Mrr:       5.149000e+24
Mtt:      -4.658000e+24
Mpp:      -4.910000e+23
Mrt:       5.898000e+24
Mrp:       2.525000e+24
Mtp:      -1.938000e+24
