 PDE 1999  3 23 11 23 44.30 -20.9100 -178.7300 574.7 5.0 0.0 FIJI ISLANDS REGION
event name:     B032399D
time shift:      4.4000
half duration:   1.7000
latitude:      -20.7900
longitude:    -178.6500
depth:         584.1000
Mrr:      -1.723000e+24
Mtt:      -1.200000e+22
Mpp:       1.736000e+24
Mrt:      -1.433000e+24
Mrp:      -2.070000e+24
Mtp:      -1.289000e+24
