 PDE 1995  3 22 14  0 11.70 -18.7500 -177.6800 618.0 4.9 0.0 FIJI ISLANDS REGION
event name:     B032295C
time shift:      7.8000
half duration:   1.4000
latitude:      -18.7300
longitude:    -177.7500
depth:         643.4000
Mrr:      -1.172000e+24
Mtt:       1.532000e+24
Mpp:      -3.590000e+23
Mrt:       1.170000e+24
Mrp:      -5.400000e+23
Mtp:       9.830000e+23
