 PDE 2000  3 22 23 32 26.50 -14.5600  167.2700 168.7 5.0 0.0 VANUATU ISLANDS
event name:     B032200F
time shift:      3.9000
half duration:   1.4000
latitude:      -14.6600
longitude:     167.1500
depth:         172.0000
Mrr:       2.065000e+24
Mtt:      -3.050000e+23
Mpp:      -1.760000e+24
Mrt:      -4.490000e+23
Mrp:      -6.690000e+23
Mtp:       9.930000e+23
