 PDE 1997  3 21 12  7 17.60 -31.1600  179.6200 449.0 5.6 0.0 KERMADEC ISLANDS REGION
event name:     B032197A
time shift:      4.5000
half duration:   3.5000
latitude:      -31.1800
longitude:     179.9000
depth:         452.8000
Mrr:      -2.850000e+24
Mtt:      -2.305000e+25
Mpp:       2.590000e+25
Mrt:      -8.740000e+24
Mrp:      -1.645000e+25
Mtp:      -9.530000e+24
