 PDE 1995  3 20  8 14 52.30  -8.0100  116.4200 231.0 5.4 0.0 SUMBAWA REGION, INDONESIA
event name:     B032095I
time shift:      1.7000
half duration:   1.8000
latitude:       -8.1400
longitude:     116.4500
depth:         222.0000
Mrr:      -1.409000e+24
Mtt:      -3.336000e+24
Mpp:       4.745000e+24
Mrt:       2.547000e+24
Mrp:       1.900000e+22
Mtp:      -1.106000e+24
