 PDE 1995  3 25 22 44 28.30 -11.0500  166.1100  77.0 5.9 0.0 SANTA CRUZ ISLANDS
event name:     B032595C
time shift:      6.5000
half duration:   3.0000
latitude:      -11.0500
longitude:     165.9100
depth:          81.5000
Mrr:       1.732000e+25
Mtt:      -2.670000e+24
Mpp:      -1.465000e+25
Mrt:       7.430000e+24
Mrp:      -8.030000e+24
Mtp:      -7.050000e+24
