 PDE 1998  3 25 21  2 55.70 -24.3400  -66.9900 197.0 5.2 0.0 JUJUY PROVINCE, ARGENTINA
event name:     B032598M
time shift:      7.1000
half duration:   1.4000
latitude:      -23.9300
longitude:     -66.9700
depth:         208.4000
Mrr:      -1.671000e+24
Mtt:      -1.045000e+24
Mpp:       2.716000e+24
Mrt:       4.810000e+23
Mrp:      -1.458000e+24
Mtp:      -1.100000e+23
