 PDE 1998  3 21 18 22 28.50  36.4300   70.1300 227.8 5.8 0.0 HINDU KUSH REGION, AFGHANISTAN
event name:     B032198D
time shift:      3.9000
half duration:   2.2000
latitude:       36.4600
longitude:      70.0000
depth:         236.3000
Mrr:       3.596000e+24
Mtt:      -4.206000e+24
Mpp:       6.100000e+23
Mrt:       7.269000e+24
Mrp:      -1.480000e+23
Mtp:      -3.710000e+23
