 PDE 2003  3 26  4 22 30.10  12.5200   92.5600  33.0 5.8 5.3 ANDAMAN ISLANDS, INDIA REGION
event name:     B032603B
time shift:      4.2000
half duration:   2.0000
latitude:       12.7800
longitude:      92.6700
depth:          26.2000
Mrr:      -2.080000e+24
Mtt:      -1.770000e+24
Mpp:       3.850000e+24
Mrt:       1.350000e+24
Mrp:      -2.770000e+24
Mtp:       3.410000e+24
