 PDE 1999  3 24 20 32 59.00  -7.0300  117.0900 621.4 5.3 0.0 BALI SEA
event name:     B032499A
time shift:      5.8000
half duration:   1.5000
latitude:       -6.8600
longitude:     117.3600
depth:         631.8000
Mrr:      -2.149000e+24
Mtt:       1.927000e+24
Mpp:       2.220000e+23
Mrt:       6.000000e+23
Mrp:      -7.450000e+23
Mtp:       6.030000e+23
