 PDE 1995  3 30 22 15 52.00  44.8200  137.5700 319.0 5.4 0.0 EASTERN SEA OF JAPAN
event name:     B033095C
time shift:      2.9000
half duration:   2.0000
latitude:       44.7900
longitude:     137.3200
depth:         329.8000
Mrr:      -1.806000e+24
Mtt:       2.872000e+24
Mpp:      -1.067000e+24
Mrt:       2.940000e+24
Mrp:       3.290000e+23
Mtp:      -4.166000e+24
