 PDE 1998  3 30  4  6  2.20 -15.9600  167.9400 178.8 5.2 0.0 VANUATU ISLANDS
event name:     B033098C
time shift:      3.3000
half duration:   1.4000
latitude:      -15.9900
longitude:     168.1600
depth:         175.6000
Mrr:       2.990000e+23
Mtt:       1.070000e+23
Mpp:      -4.060000e+23
Mrt:      -2.465000e+24
Mrp:      -8.720000e+23
Mtp:       8.550000e+23
