 PDE 1994  3 31 22 40 53.40 -21.9500 -179.5800 591.0 5.9 0.0 SOUTH OF FIJI ISLANDS
event name:     B033194A
time shift:      5.3000
half duration:   4.3000
latitude:      -22.0500
longitude:    -179.3000
depth:         607.3000
Mrr:      -6.740000e+24
Mtt:      -1.001000e+25
Mpp:       1.675000e+25
Mrt:      -1.975000e+25
Mrp:      -5.922000e+25
Mtp:      -1.399000e+25
