 PDE 2000  4  1 12 10 49.90 -17.9000 -178.6500 608.1 4.9 0.0 FIJI ISLANDS REGION
event name:     B040100A
time shift:      1.4000
half duration:   1.2000
latitude:      -18.1300
longitude:    -178.3400
depth:         606.6000
Mrr:       1.917000e+24
Mtt:       5.090000e+23
Mpp:      -2.426000e+24
Mrt:       7.220000e+23
Mrp:      -5.570000e+23
Mtp:       6.090000e+23
