 PDE 2003  4  7 18 28 37.40  36.3000  141.6800  33.0 5.5 5.5 OFF EAST COAST OF HONSHU, JAPAN
event name:     B040703H
time shift:      2.1000
half duration:   2.0000
latitude:       36.2000
longitude:     142.0300
depth:          31.0000
Mrr:       3.490000e+24
Mtt:      -1.170000e+23
Mpp:      -3.370000e+24
Mrt:       1.750000e+24
Mrp:       4.140000e+24
Mtp:      -1.670000e+24
