 PDE 1995  4  1  5 50 20.60  52.2800  159.1300  47.0 5.9 5.6 OFF EAST COAST OF KAMCHATKA
event name:     B040195B
time shift:      4.0000
half duration:   2.3000
latitude:       52.0100
longitude:     159.6800
depth:          47.6000
Mrr:       8.456000e+24
Mtt:      -1.563000e+24
Mpp:      -6.893000e+24
Mrt:       2.850000e+24
Mrp:       4.035000e+24
Mtp:      -5.559000e+24
