 PDE 2003  4  7  2 12 15.60 -21.0700  174.0700  33.0 5.1 5.6 VANUATU ISLANDS REGION
event name:     B040703B
time shift:      2.0000
half duration:   1.9000
latitude:      -21.0200
longitude:     174.3200
depth:          31.5000
Mrr:      -2.280000e+23
Mtt:      -4.570000e+24
Mpp:       4.800000e+24
Mrt:      -3.150000e+23
Mrp:      -1.240000e+23
Mtp:      -3.310000e+24
