 PDE 1995  4  3 15 43 46.50 -20.1300 -178.8000 623.0 5.0 0.0 FIJI ISLANDS REGION
event name:     B040395C
time shift:      6.1000
half duration:   1.4000
latitude:      -19.9700
longitude:    -178.5700
depth:         644.4000
Mrr:       3.100000e+22
Mtt:       7.700000e+23
Mpp:      -8.000000e+23
Mrt:      -1.913000e+24
Mrp:      -6.990000e+23
Mtp:      -1.503000e+24
