 PDE 2003  4  5 22  3 32.10 -16.1800  167.8900 177.5 5.2 0.0 VANUATU ISLANDS
event name:     B040503D
time shift:      3.8000
half duration:   2.1000
latitude:      -16.1100
longitude:     167.8100
depth:         180.3000
Mrr:       2.650000e+24
Mtt:       5.870000e+23
Mpp:      -3.240000e+24
Mrt:      -4.860000e+24
Mrp:      -3.250000e+24
Mtp:       4.540000e+24
