 PDE 2003  4  2 21 31 38.00 -25.1200  179.9000 498.0 5.4 0.0 SOUTH OF FIJI ISLANDS
event name:     B040203G
time shift:      2.5000
half duration:   1.7000
latitude:      -25.1100
longitude:     179.9300
depth:         490.3000
Mrr:       1.380000e+23
Mtt:      -3.550000e+23
Mpp:       2.170000e+23
Mrt:       1.640000e+24
Mrp:      -3.880000e+24
Mtp:       3.430000e+23
