 PDE 2000  4  7 18 42 23.70 -18.2700 -175.2700 207.6 5.4 0.0 TONGA ISLANDS
event name:     B040700D
time shift:      0.9000
half duration:   1.9000
latitude:      -18.8600
longitude:    -175.7700
depth:         223.7000
Mrr:      -1.644000e+24
Mtt:       2.286000e+24
Mpp:      -6.420000e+23
Mrt:       1.851000e+24
Mrp:      -2.939000e+24
Mtp:       1.886000e+24
