 PDE 1994  4  2 15 34 44.80 -15.1000 -177.5600 354.0 5.5 0.0 FIJI ISLANDS REGION
event name:     B040294B
time shift:      7.9000
half duration:   2.0000
latitude:      -15.0700
longitude:    -177.3100
depth:         396.6000
Mrr:       7.200000e+22
Mtt:      -2.895000e+24
Mpp:       2.823000e+24
Mrt:       2.770000e+23
Mrp:       1.540000e+24
Mtp:       4.864000e+24
