 PDE 2000  4  1 12 13 24.10 -17.7600 -178.7500 555.8 5.2 0.0 FIJI ISLANDS REGION
event name:     B040100B
time shift:      6.9000
half duration:   1.6000
latitude:      -17.6200
longitude:    -178.6700
depth:         575.8000
Mrr:       1.569000e+24
Mtt:       1.454000e+24
Mpp:      -3.023000e+24
Mrt:       1.226000e+24
Mrp:      -1.354000e+24
Mtp:       8.930000e+23
