 PDE 2001  4 17 21 54  2.60  51.2400 -179.7800  33.0 5.8 5.5 ANDREANOF ISLANDS, ALEUTIAN IS.
event name:     B041701F
time shift:      4.5000
half duration:   2.3000
latitude:       51.3100
longitude:    -179.6800
depth:          35.0000
Mrr:       6.421000e+24
Mtt:      -6.410000e+24
Mpp:      -1.100000e+22
Mrt:       5.624000e+24
Mrp:       1.175000e+24
Mtp:      -2.720000e+24
