 PDE 2000  4 11  6 41 26.20 -27.9400 -178.3900 201.2 5.6 0.0 KERMADEC ISLANDS REGION
event name:     B041100A
time shift:      2.6000
half duration:   2.0000
latitude:      -27.9300
longitude:    -178.0300
depth:         188.3000
Mrr:      -3.525000e+24
Mtt:      -1.007000e+24
Mpp:       4.532000e+24
Mrt:      -3.858000e+24
Mrp:       9.000000e+22
Mtp:      -1.928000e+24
