 PDE 2004  4 17 12 40 15.60 -23.6800 -179.9800 542.9 5.3 0.0 SOUTH OF FIJI ISLANDS
event name:     B041704F
time shift:      3.1000
half duration:   1.5000
latitude:      -23.6600
longitude:    -179.9200
depth:         550.9000
Mrr:      -2.360000e+24
Mtt:       1.160000e+24
Mpp:       1.210000e+24
Mrt:       4.180000e+23
Mrp:      -1.550000e+24
Mtp:      -7.850000e+23
