 PDE 1995  4 17  7 14 35.20  33.7800  -38.6000  10.0 5.8 5.8 NORTHERN MID-ATLANTIC RIDGE
event name:     B041795B
time shift:      7.1000
half duration:   2.8000
latitude:       33.8400
longitude:     -38.6100
depth:          15.0000
Mrr:       7.700000e+23
Mtt:       6.360000e+24
Mpp:      -7.130000e+24
Mrt:      -2.070000e+24
Mrp:      -3.330000e+24
Mtp:       1.629000e+25
