 PDE 1995  4 14 13 15 16.90 -60.6600  -19.9500  10.0 5.4 5.9 EAST OF SOUTH SANDWICH ISLANDS
event name:     B041495C
time shift:      8.5000
half duration:   3.3000
latitude:      -61.0800
longitude:     -20.2100
depth:          15.0000
Mrr:      -6.400000e+23
Mtt:      -4.980000e+24
Mpp:       5.620000e+24
Mrt:       3.350000e+24
Mrp:      -8.000000e+24
Mtp:       2.739000e+25
