 PDE 1994  4 14  3 28 26.90  -6.5700  129.6800 170.0 5.8 0.0 BANDA SEA
event name:     B041494A
time shift:      4.3000
half duration:   1.8000
latitude:       -6.5000
longitude:     130.0500
depth:         186.1000
Mrr:      -1.001000e+24
Mtt:      -9.810000e+23
Mpp:       1.982000e+24
Mrt:       1.522000e+24
Mrp:       3.720000e+24
Mtp:      -1.212000e+24
