 PDE 1995  4 13  2 34 38.30 -13.4000  170.4000 640.0 5.5 0.0 VANUATU ISLANDS REGION
event name:     B041395A
time shift:      4.3000
half duration:   3.1000
latitude:      -13.3400
longitude:     170.7100
depth:         645.7000
Mrr:      -1.851000e+25
Mtt:       1.541000e+25
Mpp:       3.100000e+24
Mrt:      -2.650000e+24
Mrp:      -2.270000e+24
Mtp:      -1.111000e+25
