 PDE 1996  4 11 11 24 26.90 -10.8000  161.5400  43.0 5.9 5.8 SOLOMON ISLANDS
event name:     B041196C
time shift:      3.4000
half duration:   2.1000
latitude:      -10.9100
longitude:     161.6400
depth:          38.0000
Mrr:       3.912000e+24
Mtt:      -4.280000e+23
Mpp:      -3.484000e+24
Mrt:       3.741000e+24
Mrp:       4.379000e+24
Mtp:       2.929000e+24
