 PDE 2000  4 17  4 25 20.50 -22.1700 -179.3500 539.3 4.9 0.0 SOUTH OF FIJI ISLANDS
event name:     B041700A
time shift:      6.4000
half duration:   1.6000
latitude:      -22.0000
longitude:    -179.2200
depth:         559.8000
Mrr:      -1.860000e+24
Mtt:       2.308000e+24
Mpp:      -4.480000e+23
Mrt:      -5.200000e+22
Mrp:      -1.270000e+24
Mtp:       7.860000e+23
