 PDE 1994  4 18 21 39 43.10 -21.3700 -178.8300 541.0 5.5 0.0 FIJI ISLANDS REGION
event name:     B041894E
time shift:      6.1000
half duration:   2.3000
latitude:      -21.2100
longitude:    -178.7900
depth:         551.1000
Mrr:      -6.652000e+24
Mtt:       5.590000e+23
Mpp:       6.093000e+24
Mrt:      -3.919000e+24
Mrp:      -3.100000e+23
Mtp:      -3.938000e+24
