 PDE 2000  4 18 17 28 12.40 -20.6600 -176.4700 220.7 5.6 0.0 FIJI ISLANDS REGION
event name:     B041800D
time shift:      3.3000
half duration:   2.3000
latitude:      -20.7300
longitude:    -176.0700
depth:         220.0000
Mrr:      -2.100000e+23
Mtt:       5.300000e+22
Mpp:       1.570000e+23
Mrt:      -4.930000e+24
Mrp:      -8.210000e+24
Mtp:       1.694000e+24
