 PDE 1996  4 12 18 45 52.00  -6.3100  154.8600  55.0 5.3 5.8 SOLOMON ISLANDS
event name:     B041296C
time shift:      5.6000
half duration:   2.3000
latitude:       -6.4700
longitude:     154.7800
depth:          51.4000
Mrr:       9.186000e+24
Mtt:      -4.268000e+24
Mpp:      -4.918000e+24
Mrt:       1.564000e+24
Mrp:      -5.640000e+23
Mtp:       4.289000e+24
