 PDE 1995  4 13  5 27 26.60 -22.4500  170.4700  33.0 5.2 5.8 SOUTHEAST OF LOYALTY ISLANDS
event name:     B041395C
time shift:      5.4000
half duration:   2.7000
latitude:      -22.5200
longitude:     170.5400
depth:          15.0000
Mrr:       1.164000e+25
Mtt:      -8.660000e+24
Mpp:      -2.980000e+24
Mrt:       1.022000e+25
Mrp:      -1.830000e+24
Mtp:       4.660000e+24
