 PDE 1997  4 12  9 21 56.40 -28.1700 -178.3700 184.0 5.8 0.0 KERMADEC ISLANDS REGION
event name:     B041297B
time shift:      5.4000
half duration:   2.4000
latitude:      -27.9400
longitude:    -178.1000
depth:         191.9000
Mrr:      -5.620000e+24
Mtt:      -3.291000e+24
Mpp:       8.911000e+24
Mrt:      -5.415000e+24
Mrp:       1.997000e+24
Mtp:      -3.800000e+23
