 PDE 2002  4 10 10  9 21.30 -20.7400  169.2900  33.0 5.4 5.7 VANUATU ISLANDS
event name:     B041002D
time shift:      7.3000
half duration:   2.3000
latitude:      -20.9400
longitude:     169.1200
depth:          24.0000
Mrr:       4.994000e+24
Mtt:      -5.134000e+24
Mpp:       1.390000e+23
Mrt:       5.214000e+24
Mrp:       1.567000e+24
Mtp:       4.325000e+24
