 PDE 2001  4 19  2 40 36.00  -7.4100  155.9600  10.0 5.6 5.3 SOLOMON ISLANDS
event name:     B041901C
time shift:      7.6000
half duration:   2.2000
latitude:       -7.6400
longitude:     156.0900
depth:          17.0000
Mrr:       5.861000e+24
Mtt:      -4.011000e+24
Mpp:      -1.851000e+24
Mrt:       4.068000e+24
Mrp:      -2.767000e+24
Mtp:       2.412000e+24
