 PDE 1996  4 20 23  3 29.70 -22.2900 -179.6900 593.0 5.2 0.0 SOUTH OF FIJI ISLANDS
event name:     B042096B
time shift:      3.7000
half duration:   1.5000
latitude:      -22.4400
longitude:    -179.7100
depth:         594.4000
Mrr:       5.200000e+23
Mtt:       2.780000e+23
Mpp:      -7.990000e+23
Mrt:       1.668000e+24
Mrp:      -3.171000e+24
Mtp:      -1.554000e+24
