 PDE 1995  4 23  6 38 11.30   6.0100  123.8400 531.0 5.5 0.0 MINDANAO, PHILIPPINES
event name:     B042395E
time shift:      9.1000
half duration:   2.8000
latitude:        6.3900
longitude:     124.1700
depth:         534.6000
Mrr:      -1.506000e+25
Mtt:       7.160000e+24
Mpp:       7.900000e+24
Mrt:      -5.230000e+24
Mrp:      -3.150000e+24
Mtp:      -7.720000e+24
