 PDE 1996  4 25  5 50  8.70 -22.0700  179.0600 639.0 5.1 0.0 SOUTH OF FIJI ISLANDS
event name:     B042596B
time shift:      4.4000
half duration:   1.2000
latitude:      -22.0300
longitude:     179.1700
depth:         629.0000
Mrr:       3.450000e+23
Mtt:       1.328000e+24
Mpp:      -1.674000e+24
Mrt:      -4.000000e+22
Mrp:      -1.640000e+24
Mtp:      -8.230000e+23
