 PDE 2000  4 23 17  1 17.50 -28.3800  -62.9400 609.8 5.8 0.0 SANTIAGO DEL ESTERO PROV., ARG.
event name:     B042300D
time shift:      4.7000
half duration:   2.7000
latitude:      -28.4300
longitude:     -62.9600
depth:         610.4000
Mrr:       5.000000e+23
Mtt:      -4.810000e+24
Mpp:       4.310000e+24
Mrt:      -2.220000e+24
Mrp:       1.472000e+25
Mtp:      -5.100000e+23
