 PDE 1996  4 22 11 27 55.90  29.8000  129.0500 197.0 5.2 0.0 NORTHWEST OF RYUKYU ISLANDS
event name:     B042296D
time shift:      3.1000
half duration:   1.6000
latitude:       29.6700
longitude:     128.9300
depth:         205.7000
Mrr:      -2.850000e+23
Mtt:      -8.200000e+22
Mpp:       3.670000e+23
Mrt:       4.970000e+23
Mrp:       2.476000e+24
Mtp:      -1.477000e+24
