 PDE 1994  4 20 23 35 30.10 -17.7800 -178.4500 542.0 5.4 0.0 FIJI ISLANDS REGION
event name:     B042094E
time shift:      6.2000
half duration:   2.2000
latitude:      -17.6900
longitude:    -178.3400
depth:         570.9000
Mrr:      -3.470000e+24
Mtt:       1.958000e+24
Mpp:       1.513000e+24
Mrt:      -4.850000e+24
Mrp:      -6.678000e+24
Mtp:       1.650000e+24
