 PDE 1998  4 28 15 44  6.10 -21.9700 -179.6100 607.8 5.3 0.0 FIJI ISLANDS REGION
event name:     B042898A
time shift:      5.0000
half duration:   1.7000
latitude:      -21.8800
longitude:    -179.4900
depth:         618.4000
Mrr:      -2.680000e+24
Mtt:      -1.230000e+23
Mpp:       2.803000e+24
Mrt:      -1.023000e+24
Mrp:      -3.096000e+24
Mtp:      -6.630000e+23
