 PDE 1994  4 24  2 41 31.00 -20.9500 -178.7900 584.0 5.2 0.0 FIJI ISLANDS REGION
event name:     B042494A
time shift:      5.4000
half duration:   1.9000
latitude:      -20.7900
longitude:    -178.7800
depth:         593.7000
Mrr:      -1.323000e+24
Mtt:       1.367000e+24
Mpp:      -4.400000e+22
Mrt:      -1.903000e+24
Mrp:      -2.833000e+24
Mtp:       5.830000e+23
