 PDE 1994  4 20  2 59 11.90 -15.0300  -70.5300 208.0 5.1 0.0 SOUTHERN PERU
event name:     B042094A
time shift:      7.7000
half duration:   1.6000
latitude:      -15.0900
longitude:     -70.5000
depth:         200.7000
Mrr:      -1.391000e+24
Mtt:       1.236000e+24
Mpp:       1.550000e+23
Mrt:       2.305000e+24
Mrp:      -1.798000e+24
Mtp:      -9.400000e+22
