 PDE 1998  4 27 23 51 35.70  -6.0800  113.1000 590.7 5.5 0.0 JAVA, INDONESIA
event name:     B042798C
time shift:      5.3000
half duration:   1.8000
latitude:       -6.0200
longitude:     113.1100
depth:         595.5000
Mrr:      -4.110000e+24
Mtt:       4.263000e+24
Mpp:      -1.530000e+23
Mrt:       1.820000e+23
Mrp:       3.640000e+23
Mtp:      -9.600000e+23
