 PDE 1999  4 21 11  8 28.60 -29.6800 -178.4700 237.1 4.9 0.0 KERMADEC ISLANDS, NEW ZEALAND
event name:     B042199A
time shift:     -7.7000
half duration:   1.4000
latitude:      -29.6500
longitude:    -178.3700
depth:         149.2000
Mrr:      -1.780000e+23
Mtt:      -1.834000e+24
Mpp:       2.012000e+24
Mrt:      -1.338000e+24
Mrp:       1.010000e+23
Mtp:       7.520000e+23
