 PDE 1996  4 24 17  6 36.30  -8.1300  -74.3600 151.0 5.6 0.0 PERU-BRAZIL BORDER REGION
event name:     B042496D
time shift:      5.4000
half duration:   1.5000
latitude:       -7.8900
longitude:     -74.0300
depth:         160.6000
Mrr:      -1.893000e+24
Mtt:      -1.297000e+24
Mpp:       3.190000e+24
Mrt:       1.127000e+24
Mrp:      -3.940000e+23
Mtp:       7.930000e+23
