 PDE 2000  4 21 11  6 16.00  35.6700  135.4900 346.5 5.4 0.0 WESTERN HONSHU, JAPAN
event name:     B042100B
time shift:      3.6000
half duration:   1.4000
latitude:       35.7300
longitude:     135.3300
depth:         357.7000
Mrr:      -1.770000e+24
Mtt:       1.150000e+24
Mpp:       6.210000e+23
Mrt:       8.950000e+23
Mrp:       6.110000e+23
Mtp:       1.032000e+24
