 PDE 1994  4 26 23 36 45.30 -16.0100  167.9700 187.0 5.6 0.0 VANUATU ISLANDS
event name:     B042694E
time shift:      5.2000
half duration:   2.1000
latitude:      -15.9400
longitude:     167.8000
depth:         190.0000
Mrr:      -1.923000e+24
Mtt:       9.210000e+23
Mpp:       1.002000e+24
Mrt:      -4.791000e+24
Mrp:      -2.495000e+24
Mtp:       2.504000e+24
