 PDE 2003  4 27 22 57 44.80  -8.1900  -71.5900 559.9 5.6 0.0 WESTERN BRAZIL
event name:     B042703C
time shift:      4.3000
half duration:   2.1000
latitude:       -8.2000
longitude:     -71.5600
depth:         580.2000
Mrr:      -7.840000e+24
Mtt:       9.600000e+23
Mpp:       6.880000e+24
Mrt:      -2.200000e+23
Mrp:      -7.400000e+23
Mtp:      -1.930000e+24
