 PDE 2002  4 23 15  5 31.60 -12.5200  166.9400 217.3 5.3 0.0 SANTA CRUZ ISLANDS
event name:     B042302B
time shift:      4.9000
half duration:   1.4000
latitude:      -12.4700
longitude:     166.9100
depth:         218.1000
Mrr:       1.645000e+24
Mtt:      -4.600000e+23
Mpp:      -1.185000e+24
Mrt:       1.790000e+23
Mrp:      -1.402000e+24
Mtp:       5.910000e+23
