 PDE 2002  4 21 22 24  7.20  -5.7800  -81.0300  33.0 5.0 5.2 NEAR COAST OF NORTHERN PERU
event name:     B042102D
time shift:      3.1000
half duration:   2.1000
latitude:       -6.0400
longitude:     -81.2600
depth:          25.0000
Mrr:       4.145000e+24
Mtt:       1.590000e+23
Mpp:      -4.304000e+24
Mrt:       8.400000e+23
Mrp:      -5.460000e+24
Mtp:       1.082000e+24
