 PDE 2001  5  7  0 33 23.80 -56.1900 -144.4700  10.0 5.4 5.8 PACIFIC-ANTARCTIC RIDGE
event name:     B050701B
time shift:      6.6000
half duration:   2.1000
latitude:      -55.9000
longitude:    -144.1600
depth:          15.0000
Mrr:       5.970000e+23
Mtt:       6.741000e+24
Mpp:      -7.338000e+24
Mrt:      -7.470000e+23
Mrp:      -1.099000e+24
Mtp:       3.759000e+24
