 PDE 2000  5  8 21 35 42.80 -31.3200  179.8400 383.1 5.4 0.0 KERMADEC ISLANDS REGION
event name:     B050800G
time shift:      4.4000
half duration:   1.6000
latitude:      -31.0700
longitude:    -179.9800
depth:         394.3000
Mrr:      -2.339000e+24
Mtt:      -8.700000e+23
Mpp:       3.209000e+24
Mrt:      -9.830000e+23
Mrp:       5.230000e+23
Mtp:       5.560000e+23
