 PDE 2002  5  8 19 45 18.90  53.8100  160.7700  39.0 5.8 5.4 OFF EAST COAST OF KAMCHATKA
event name:     B050802C
time shift:      6.2000
half duration:   2.1000
latitude:       53.6100
longitude:     161.1500
depth:          48.0000
Mrr:       5.719000e+24
Mtt:      -1.285000e+24
Mpp:      -4.434000e+24
Mrt:       2.379000e+24
Mrp:       2.353000e+24
Mtp:      -3.457000e+24
