 PDE 2000  5  1 18 41 41.80  38.1800   73.0500 140.5 5.3 0.0 TAJIKISTAN
event name:     B050100B
time shift:      1.8000
half duration:   1.5000
latitude:       37.8200
longitude:      72.4300
depth:         152.0000
Mrr:      -8.600000e+22
Mtt:       9.240000e+23
Mpp:      -8.390000e+23
Mrt:       2.960000e+23
Mrp:      -7.570000e+23
Mtp:      -2.723000e+24
