 PDE 1997  5  8  5 56 10.10 -19.4300 -175.8300 218.0 5.1 0.0 TONGA ISLANDS
event name:     B050897B
time shift:      1.0000
half duration:   1.1000
latitude:      -19.3100
longitude:    -175.1700
depth:         201.0000
Mrr:      -1.152000e+24
Mtt:       5.990000e+23
Mpp:       5.530000e+23
Mrt:       1.641000e+24
Mrp:      -1.420000e+24
Mtp:       1.982000e+24
