 PDE 2003  5  8 20 22  8.10  -3.4500  150.8200  10.0 5.5 5.7 NEW IRELAND REGION, P.N.G.
event name:     B050803D
time shift:      5.4000
half duration:   2.0000
latitude:       -3.4700
longitude:     150.9700
depth:          15.0000
Mrr:      -3.600000e+23
Mtt:       6.240000e+24
Mpp:      -5.880000e+24
Mrt:      -1.740000e+24
Mrp:      -2.500000e+23
Mtp:       2.340000e+24
