 PDE 2002  5  4  7  0 48.20 -17.9000 -178.7400 559.9 5.3 0.0 FIJI ISLANDS REGION
event name:     B050402A
time shift:      7.1000
half duration:   1.8000
latitude:      -17.6800
longitude:    -178.6400
depth:         580.3000
Mrr:      -5.520000e+23
Mtt:       2.984000e+24
Mpp:      -2.432000e+24
Mrt:       3.006000e+24
Mrp:      -1.845000e+24
Mtp:       1.472000e+24
