 PDE 2000  5  2  9 58 34.20 -15.5400 -177.5200 400.6 5.3 0.0 FIJI ISLANDS REGION
event name:     B050200C
time shift:      9.1000
half duration:   1.4000
latitude:      -15.4100
longitude:    -177.2400
depth:         423.5000
Mrr:       7.600000e+22
Mtt:      -1.130000e+23
Mpp:       3.700000e+22
Mrt:       1.073000e+24
Mrp:      -1.897000e+24
Mtp:       1.000000e+21
