 PDE 2002  5  7 15 16  6.90 -19.0300  168.6600  33.0 5.6 5.4 VANUATU ISLANDS
event name:     B050702B
time shift:      8.1000
half duration:   2.0000
latitude:      -19.1200
longitude:     168.3600
depth:          48.0000
Mrr:       6.438000e+24
Mtt:       4.500000e+23
Mpp:      -6.888000e+24
Mrt:       1.490000e+23
Mrp:       2.130000e+23
Mtp:       1.473000e+24
