 PDE 1996  5  6 12 11 30.00 -24.6300  178.7600 561.0 5.0 0.0 SOUTH OF FIJI ISLANDS
event name:     B050696B
time shift:      4.4000
half duration:   1.4000
latitude:      -24.8500
longitude:     178.9700
depth:         575.4000
Mrr:      -2.660000e+23
Mtt:      -1.260000e+23
Mpp:       3.930000e+23
Mrt:      -1.268000e+24
Mrp:      -3.730000e+23
Mtp:      -1.527000e+24
