 PDE 2003  5  1  4  2  5.20  -7.2100  122.7000 573.4 5.6 0.0 FLORES SEA
event name:     B050103C
time shift:      3.4000
half duration:   1.5000
latitude:       -7.1400
longitude:     122.8300
depth:         584.6000
Mrr:      -8.340000e+23
Mtt:       2.430000e+24
Mpp:      -1.600000e+24
Mrt:      -4.610000e+23
Mrp:       1.780000e+24
Mtp:       5.910000e+23
