 PDE 1994  5  4  6 37 37.90 -17.0700  168.2700 221.0 5.7 0.0 VANUATU ISLANDS
event name:     B050494A
time shift:      6.0000
half duration:   2.3000
latitude:      -17.0000
longitude:     168.3200
depth:         225.2000
Mrr:       1.262000e+25
Mtt:      -9.960000e+24
Mpp:      -2.660000e+24
Mrt:       6.500000e+24
Mrp:       6.940000e+24
Mtp:      -1.204000e+25
