 PDE 2001  5  3  4 31 57.10   0.4600  126.3000  33.0 5.7 5.4 NORTHERN MOLUCCA SEA
event name:     B050301A
time shift:      7.2000
half duration:   1.9000
latitude:        0.3400
longitude:     126.3800
depth:          26.7000
Mrr:       3.713000e+24
Mtt:      -5.500000e+23
Mpp:      -3.163000e+24
Mrt:       3.159000e+24
Mrp:      -1.644000e+24
Mtp:      -2.978000e+24
