 PDE 2002  5  9 23 41 30.90   2.6500  128.3000 173.0 5.7 0.0 HALMAHERA, INDONESIA
event name:     B050902B
time shift:      7.0000
half duration:   1.4000
latitude:        2.8500
longitude:     128.3800
depth:         200.7000
Mrr:       7.130000e+23
Mtt:      -1.076000e+24
Mpp:       3.630000e+23
Mrt:      -1.223000e+24
Mrp:      -1.337000e+24
Mtp:      -1.222000e+24
