 PDE 2004  5  6 12  1 39.30  -4.6000  149.4600 573.5 4.9 0.0 BISMARCK SEA
event name:     B050604C
time shift:      2.5000
half duration:   1.5000
latitude:       -4.6100
longitude:     149.5200
depth:         571.6000
Mrr:       1.310000e+24
Mtt:      -2.390000e+24
Mpp:       1.080000e+24
Mrt:       4.570000e+23
Mrp:      -1.440000e+24
Mtp:      -5.400000e+23
