 PDE 1998  5 16 10 41 28.70 -21.7900 -176.6400 174.1 5.3 0.0 FIJI ISLANDS REGION
event name:     B051698D
time shift:      5.0000
half duration:   1.3000
latitude:      -21.8000
longitude:    -176.1700
depth:         178.0000
Mrr:      -1.228000e+24
Mtt:       6.850000e+23
Mpp:       5.440000e+23
Mrt:      -3.490000e+23
Mrp:      -1.485000e+24
Mtp:       9.140000e+23
