 PDE 1996  5 14 12 36 59.40 -17.9500 -178.5500 605.0 5.5 0.0 FIJI ISLANDS REGION
event name:     B051496A
time shift:      7.7000
half duration:   1.7000
latitude:      -17.7700
longitude:    -178.5100
depth:         629.0000
Mrr:       1.590000e+24
Mtt:       1.721000e+24
Mpp:      -3.311000e+24
Mrt:       1.894000e+24
Mrp:      -6.960000e+23
Mtp:      -2.062000e+24
