 PDE 1995  5 16  4 33 46.00 -20.7500 -178.7800 605.0 4.9 0.0 FIJI ISLANDS REGION
event name:     B051695B
time shift:      4.7000
half duration:   1.7000
latitude:      -20.7200
longitude:    -178.6500
depth:         617.3000
Mrr:       8.400000e+22
Mtt:      -2.306000e+24
Mpp:       2.222000e+24
Mrt:      -2.189000e+24
Mrp:      -2.939000e+24
Mtp:       3.730000e+23
