 PDE 2002  5 12 23 12 52.90  -1.1400  127.0900  33.0 5.7 5.6 HALMAHERA, INDONESIA
event name:     B051202B
time shift:      5.2000
half duration:   2.1000
latitude:       -0.9000
longitude:     127.1500
depth:          20.0000
Mrr:       3.061000e+24
Mtt:      -4.800000e+22
Mpp:      -3.013000e+24
Mrt:       1.953000e+24
Mrp:      -6.517000e+24
Mtp:       1.463000e+24
