 PDE 1996  5 11  9 35  6.30  -3.3100  135.8600  24.0 5.4 5.7 IRIAN JAYA, INDONESIA
event name:     B051196D
time shift:      2.6000
half duration:   2.1000
latitude:       -3.3600
longitude:     136.0800
depth:          15.0000
Mrr:      -5.520000e+23
Mtt:      -4.079000e+24
Mpp:       4.631000e+24
Mrt:      -1.148000e+24
Mrp:       2.433000e+24
Mtp:      -3.920000e+24
