 PDE 1995  5 16  3 35  3.00  36.4900   70.9000 190.0 5.7 0.0 HINDU KUSH REGION, AFGHANISTAN
event name:     B051695A
time shift:      4.4000
half duration:   2.0000
latitude:       36.6700
longitude:      70.6700
depth:         182.4000
Mrr:       3.488000e+24
Mtt:      -3.548000e+24
Mpp:       6.000000e+22
Mrt:      -4.612000e+24
Mrp:      -9.620000e+23
Mtp:      -1.984000e+24
