 PDE 1995  5 13 21  0 54.30  -5.2200  108.9200 554.0 5.7 0.0 JAVA SEA
event name:     B051395H
time shift:      7.2000
half duration:   2.0000
latitude:       -5.2100
longitude:     108.9400
depth:         581.9000
Mrr:      -4.712000e+24
Mtt:       5.595000e+24
Mpp:      -8.830000e+23
Mrt:      -1.470000e+24
Mrp:      -3.000000e+24
Mtp:      -3.021000e+24
