 PDE 2003  5 17  2  5 11.60  -5.3600  129.8400  31.4 5.3 5.2 BANDA SEA
event name:     B051703B
time shift:      2.8000
half duration:   1.9000
latitude:       -5.3500
longitude:     129.8600
depth:          41.7000
Mrr:       0.000000e+00
Mtt:      -4.380000e+24
Mpp:       4.380000e+24
Mrt:      -8.560000e+23
Mrp:       1.220000e+24
Mtp:       3.690000e+24
