 PDE 1997  5 15  4 39 21.50  14.4600  -89.7800 274.0 4.9 0.0 GUATEMALA
event name:     B051597B
time shift:      4.8000
half duration:   1.5000
latitude:       14.5300
longitude:     -89.8500
depth:         272.9000
Mrr:       4.840000e+23
Mtt:      -2.050000e+23
Mpp:      -2.800000e+23
Mrt:       8.960000e+23
Mrp:      -1.751000e+24
Mtp:       1.210000e+23
