 PDE 1996  5 11 13 43 45.00  -6.6100  155.0400  33.0 5.7 6.3 SOLOMON ISLANDS
event name:     B051196E
time shift:      7.6000
half duration:   3.6000
latitude:       -6.9300
longitude:     155.0800
depth:          37.0000
Mrr:       3.063000e+25
Mtt:      -1.881000e+25
Mpp:      -1.182000e+25
Mrt:       1.075000e+25
Mrp:      -1.016000e+25
Mtp:       1.509000e+25
