 PDE 2001  5 15 23 53 18.40 -28.0600  -66.5500 176.5 5.1 0.0 CATAMARCA PROVINCE, ARGENTINA
event name:     B051501A
time shift:      4.6000
half duration:   1.5000
latitude:      -28.1500
longitude:     -66.4000
depth:         180.8000
Mrr:      -1.450000e+24
Mtt:      -1.300000e+22
Mpp:       1.462000e+24
Mrt:       1.304000e+24
Mrp:       1.830000e+23
Mtp:      -2.282000e+24
