 PDE 1999  5 18  9 19 34.10 -38.6700  175.2600 282.5 5.5 0.0 NORTH ISLAND, NEW ZEALAND
event name:     B051899E
time shift:      3.8000
half duration:   1.7000
latitude:      -38.4700
longitude:     175.2900
depth:         275.9000
Mrr:      -3.978000e+24
Mtt:       2.041000e+24
Mpp:       1.937000e+24
Mrt:       2.188000e+24
Mrp:      -9.910000e+23
Mtp:      -1.706000e+24
