 PDE 1994  5 19 17 52 58.70 -28.2200 -178.5500 258.0 4.9 0.0 KERMADEC ISLANDS REGION
event name:     B051994A
time shift:      1.3000
half duration:   1.9000
latitude:      -28.2700
longitude:    -178.1300
depth:         254.7000
Mrr:       2.560000e+23
Mtt:      -3.257000e+24
Mpp:       3.001000e+24
Mrt:      -5.420000e+23
Mrp:      -9.170000e+23
Mtp:       1.533000e+24
