 PDE 2000  5 22  4 24 38.40   0.7400  -25.8600  10.0 4.9 5.0 CENTRAL MID-ATLANTIC RIDGE
event name:     B052200B
time shift:      9.8000
half duration:   2.1000
latitude:        0.8500
longitude:     -25.7500
depth:          15.0000
Mrr:       2.500000e+23
Mtt:       8.620000e+23
Mpp:      -1.112000e+24
Mrt:       4.740000e+23
Mrp:      -2.640000e+23
Mtp:      -7.116000e+24
