 PDE 2002  5 21 20 53 29.70  36.6300   24.2700  97.1 5.4 0.0 SOUTHERN GREECE
event name:     B052102F
time shift:      5.1000
half duration:   2.2000
latitude:       36.3400
longitude:      24.4100
depth:         100.4000
Mrr:       6.500000e+23
Mtt:       2.709000e+24
Mpp:      -3.359000e+24
Mrt:      -2.440000e+23
Mrp:       1.354000e+24
Mtp:      -8.189000e+24
