 PDE 2002  5 23 15 52 15.30 -30.7500  -71.2000  52.1 5.7 0.0 NEAR COAST OF CENTRAL CHILE
event name:     B052302B
time shift:      7.2000
half duration:   2.2000
latitude:      -30.9100
longitude:     -71.7600
depth:          50.0000
Mrr:       8.037000e+24
Mtt:       1.481000e+24
Mpp:      -9.518000e+24
Mrt:       1.000000e+22
Mrp:      -3.216000e+24
Mtp:       2.330000e+23
