 PDE 1999  5 25 16 42  5.30 -27.9300  -66.9300 169.3 5.3 0.0 CATAMARCA PROVINCE, ARGENTINA
event name:     B052599D
time shift:      5.6000
half duration:   1.9000
latitude:      -27.9000
longitude:     -66.4600
depth:         175.6000
Mrr:      -2.438000e+24
Mtt:      -6.390000e+23
Mpp:       3.078000e+24
Mrt:       2.864000e+24
Mrp:       2.240000e+23
Mtp:      -3.643000e+24
