 PDE 2001  5 23 15 35 23.20 -17.7100 -178.7000 567.2 5.3 0.0 FIJI ISLANDS REGION
event name:     B052301A
time shift:      5.2000
half duration:   1.6000
latitude:      -17.8200
longitude:    -178.6100
depth:         588.1000
Mrr:       4.140000e+23
Mtt:       1.509000e+24
Mpp:      -1.924000e+24
Mrt:       7.730000e+23
Mrp:      -2.201000e+24
Mtp:      -1.184000e+24
