 PDE 2000  5 20  9 59 35.20 -23.7700  179.9600 547.6 5.0 0.0 SOUTH OF FIJI ISLANDS
event name:     B052000B
time shift:      5.4000
half duration:   1.4000
latitude:      -23.2800
longitude:     179.7700
depth:         553.6000
Mrr:       1.127000e+24
Mtt:       1.630000e+23
Mpp:      -1.290000e+24
Mrt:       9.200000e+23
Mrp:      -1.448000e+24
Mtp:      -1.873000e+24
