 PDE 2003  5 23 11  5 11.90   5.6800  -82.6500  10.0 5.1 5.4 SOUTH OF PANAMA
event name:     B052303C
time shift:      4.7000
half duration:   2.1000
latitude:        5.4800
longitude:     -82.6200
depth:          15.0000
Mrr:      -6.790000e+23
Mtt:       8.400000e+22
Mpp:       5.950000e+23
Mrt:       1.820000e+24
Mrp:       2.720000e+24
Mtp:       7.460000e+24
