 PDE 1997  5 27 15  9  3.70  16.3300  145.4400 536.0 5.5 0.0 MARIANA ISLANDS
event name:     B052797E
time shift:      4.1000
half duration:   1.5000
latitude:       16.2400
longitude:     145.6100
depth:         537.0000
Mrr:      -2.675000e+24
Mtt:       2.306000e+24
Mpp:       3.690000e+23
Mrt:       2.660000e+23
Mrp:       1.287000e+24
Mtp:       7.470000e+23
