 PDE 2000  5 22 13 15  9.00  -4.1000  -81.1000  33.0 5.3 5.4 NEAR COAST OF NORTHERN PERU
event name:     B052200C
time shift:      4.8000
half duration:   2.0000
latitude:       -4.1100
longitude:     -81.0700
depth:          41.3000
Mrr:       4.996000e+24
Mtt:      -1.049000e+24
Mpp:      -3.948000e+24
Mrt:      -4.100000e+24
Mrp:      -2.189000e+24
Mtp:      -1.017000e+24
