 PDE 1999  5 25  7 34 40.70 -19.0800  169.4400 242.6 5.6 0.0 VANUATU ISLANDS
event name:     B052599B
time shift:      3.7000
half duration:   1.5000
latitude:      -19.2600
longitude:     169.3700
depth:         260.9000
Mrr:       7.570000e+23
Mtt:       5.270000e+23
Mpp:      -1.284000e+24
Mrt:       1.120000e+23
Mrp:      -1.706000e+24
Mtp:      -1.089000e+24
