 PDE 1996  5 26  1 43 44.50 -22.1900  171.4800 108.0 5.6 0.0 SOUTHEAST OF LOYALTY ISLANDS
event name:     B052696A
time shift:      5.5000
half duration:   2.6000
latitude:      -22.4900
longitude:     171.5500
depth:         112.3000
Mrr:       6.568000e+24
Mtt:      -4.031000e+24
Mpp:      -2.537000e+24
Mrt:       7.013000e+24
Mrp:       5.492000e+24
Mtp:       7.799000e+24
