 PDE 2003  5 24  1 46  6.30  14.4300   53.8100  10.0 5.6 5.4 OWEN FRACTURE ZONE REGION
event name:     B052403B
time shift:      3.0000
half duration:   1.9000
latitude:       14.7600
longitude:      53.7600
depth:          15.0000
Mrr:      -1.070000e+24
Mtt:       5.010000e+24
Mpp:      -3.930000e+24
Mrt:      -5.440000e+23
Mrp:      -1.220000e+24
Mtp:       4.210000e+24
