 PDE 1996  5 30  3  4 37.60 -56.7200  -26.3100  84.0 5.7 0.0 SOUTH SANDWICH ISLANDS REGION
event name:     B053096A
time shift:      3.6000
half duration:   2.3000
latitude:      -56.7700
longitude:     -26.1900
depth:          81.8000
Mrr:      -2.890000e+24
Mtt:       6.248000e+24
Mpp:      -3.358000e+24
Mrt:      -6.359000e+24
Mrp:       4.592000e+24
Mtp:       1.800000e+23
