 PDE 2002  5 30 14 41 40.30 -19.1400  168.9900 157.5 5.6 0.0 VANUATU ISLANDS
event name:     B053002C
time shift:      5.5000
half duration:   1.5000
latitude:      -19.2300
longitude:     168.8600
depth:         162.1000
Mrr:       1.689000e+24
Mtt:       7.900000e+22
Mpp:      -1.769000e+24
Mrt:       7.780000e+23
Mrp:      -1.259000e+24
Mtp:       4.860000e+23
