 PDE 1998  6  1  7 35 50.40  33.9400  136.0900 398.5 5.2 0.0 WESTERN HONSHU, JAPAN
event name:     B060198C
time shift:      2.9000
half duration:   1.9000
latitude:       34.0400
longitude:     136.2400
depth:         405.0000
Mrr:       9.060000e+23
Mtt:       2.834000e+24
Mpp:      -3.740000e+24
Mrt:       6.180000e+23
Mrp:      -5.835000e+24
Mtp:       1.048000e+24
