 PDE 1996  6  4  4 13 16.90 -50.0100 -114.7800  10.0 5.3 5.7 SOUTHERN EAST PACIFIC RISE
event name:     B060496B
time shift:      8.5000
half duration:   2.2000
latitude:      -49.8700
longitude:    -114.9100
depth:          15.0000
Mrr:       4.470000e+23
Mtt:       3.972000e+24
Mpp:      -4.419000e+24
Mrt:      -8.940000e+23
Mrp:      -9.000000e+21
Mtp:       7.325000e+24
