 PDE 2001  6  1 20 36 56.80  -7.2000  154.9200  33.0 5.6 5.7 SOLOMON ISLANDS
event name:     B060101C
time shift:      4.2000
half duration:   2.2000
latitude:       -7.3300
longitude:     154.9200
depth:          15.0000
Mrr:       5.924000e+24
Mtt:      -4.182000e+24
Mpp:      -1.742000e+24
Mrt:       5.150000e+24
Mrp:      -2.058000e+24
Mtp:       2.324000e+24
