 PDE 1999  6  2  0 23 19.50   0.0500  123.4800 161.0 5.8 0.0 MINAHASSA PENINSULA, SULAWESI
event name:     B060299A
time shift:      1.8000
half duration:   1.7000
latitude:        0.1800
longitude:     123.7200
depth:         135.3000
Mrr:       2.611000e+24
Mtt:      -2.632000e+24
Mpp:       2.000000e+22
Mrt:       2.606000e+24
Mrp:      -4.440000e+23
Mtp:      -1.064000e+24
