 PDE 2004  6  2 17  5  7.90 -23.7700  179.2600 537.0 5.2 0.0 SOUTH OF FIJI ISLANDS
event name:     B060204D
time shift:      2.7000
half duration:   1.5000
latitude:      -23.7200
longitude:     179.4700
depth:         560.4000
Mrr:      -2.540000e+24
Mtt:       1.780000e+24
Mpp:       7.550000e+23
Mrt:       3.830000e+23
Mrp:      -2.740000e+23
Mtp:      -1.100000e+24
