 PDE 2002  6  3  9 15  0.70  27.5600  139.7800 488.7 5.0 0.0 BONIN ISLANDS, JAPAN REGION
event name:     B060302A
time shift:      4.1000
half duration:   2.1000
latitude:       27.5000
longitude:     139.8600
depth:         491.2000
Mrr:      -3.274000e+24
Mtt:       2.577000e+24
Mpp:       6.970000e+23
Mrt:       2.494000e+24
Mrp:      -5.230000e+24
Mtp:      -2.198000e+24
