 PDE 2004  6  6  9 38  7.30  -6.0400  113.1100 579.4 5.6 0.0 JAVA, INDONESIA
event name:     B060604A
time shift:      3.6000
half duration:   2.1000
latitude:       -6.1000
longitude:     113.1500
depth:         600.6000
Mrr:      -6.630000e+24
Mtt:       6.510000e+24
Mpp:       1.270000e+23
Mrt:       2.850000e+24
Mrp:       8.770000e+23
Mtp:      -1.150000e+24
