 PDE 2000  6  9 22 35 13.80  30.4700  137.6800 472.6 5.4 0.0 SOUTHEAST OF HONSHU, JAPAN
event name:     B060900P
time shift:      3.2000
half duration:   1.8000
latitude:       30.4100
longitude:     137.9600
depth:         484.7000
Mrr:      -3.055000e+24
Mtt:       4.591000e+24
Mpp:      -1.536000e+24
Mrt:       1.060000e+23
Mrp:      -2.642000e+24
Mtp:       2.033000e+24
