 PDE 2003  6  9  1 52 51.00  24.4100  122.0200  48.1 5.3 5.5 TAIWAN REGION
event name:     B060903A
time shift:      3.3000
half duration:   2.0000
latitude:       24.3000
longitude:     122.0000
depth:          24.0000
Mrr:       4.110000e+24
Mtt:      -1.130000e+24
Mpp:      -2.980000e+24
Mrt:       1.010000e+24
Mrp:       4.950000e+24
Mtp:      -1.540000e+24
