 PDE 2001  6  5 15 13 58.20  -6.8200  146.4100  10.0 5.8 5.6 EASTERN NEW GUINEA REG., P.N.G.
event name:     B060501H
time shift:      8.6000
half duration:   2.4000
latitude:       -7.1900
longitude:     146.4600
depth:          15.0000
Mrr:       9.335000e+24
Mtt:      -2.364000e+24
Mpp:      -6.970000e+24
Mrt:      -2.743000e+24
Mrp:      -9.320000e+23
Mtp:      -5.723000e+24
