 PDE 2001  6 19  9 32 24.70 -22.7400  -67.8800 146.6 5.5 5.2 NORTHERN CHILE
event name:     B061901D
time shift:      3.4000
half duration:   2.3000
latitude:      -22.9500
longitude:     -68.3100
depth:         152.6000
Mrr:      -4.316000e+24
Mtt:       1.620000e+23
Mpp:       4.154000e+24
Mrt:       2.420000e+23
Mrp:      -7.973000e+24
Mtp:      -2.409000e+24
