 PDE 1999  6 19  9  3  9.10  -5.4100  146.8800 208.5 5.1 0.0 EASTERN NEW GUINEA REG., P.N.G.
event name:     B061999A
time shift:      6.1000
half duration:   2.2000
latitude:       -5.3800
longitude:     147.3100
depth:         230.0000
Mrr:       2.713000e+24
Mtt:      -2.538000e+24
Mpp:      -1.750000e+23
Mrt:       1.303000e+24
Mrp:      -2.665000e+24
Mtp:       1.182000e+24
