 PDE 1995  6 16 13 49 49.40 -18.2400 -178.0400 567.0 5.5 0.0 FIJI ISLANDS REGION
event name:     B061695B
time shift:      6.7000
half duration:   1.8000
latitude:      -18.0300
longitude:    -177.8800
depth:         593.1000
Mrr:      -1.620000e+24
Mtt:       2.034000e+24
Mpp:      -4.150000e+23
Mrt:      -1.386000e+24
Mrp:      -4.241000e+24
Mtp:       4.800000e+22
