 PDE 2001  6 14 12 27  4.40 -22.0500 -179.4600 604.0 5.3 0.0 FIJI ISLANDS REGION
event name:     B061401D
time shift:      4.2000
half duration:   1.8000
latitude:      -21.9900
longitude:    -179.3400
depth:         603.3000
Mrr:      -2.650000e+23
Mtt:      -8.320000e+23
Mpp:       1.096000e+24
Mrt:      -3.984000e+24
Mrp:      -1.036000e+24
Mtp:      -1.611000e+24
