 PDE 1994  6 16 18 41 31.30 -15.1800  -70.3400 225.0 5.6 0.0 SOUTHERN PERU
event name:     B061694F
time shift:      6.3000
half duration:   2.3000
latitude:      -15.2600
longitude:     -70.4000
depth:         200.3000
Mrr:       3.090000e+23
Mtt:       6.646000e+24
Mpp:      -6.955000e+24
Mrt:       4.364000e+24
Mrp:       9.370000e+23
Mtp:      -1.539000e+24
