 PDE 2002  6 16 18 31 10.80  -2.3400  102.5600 231.6 5.4 0.0 SOUTHERN SUMATRA, INDONESIA
event name:     B061602F
time shift:      2.6000
half duration:   1.9000
latitude:       -2.2600
longitude:     102.5100
depth:         217.1000
Mrr:       1.653000e+24
Mtt:      -9.850000e+23
Mpp:      -6.680000e+23
Mrt:       3.464000e+24
Mrp:      -3.040000e+24
Mtp:      -1.940000e+23
