 PDE 2002  6 16  6 55 13.30 -17.8700 -178.7000 569.0 5.7 0.0 FIJI ISLANDS REGION
event name:     B061602C
time shift:      6.7000
half duration:   2.2000
latitude:      -17.6500
longitude:    -178.5000
depth:         588.1000
Mrr:       7.499000e+24
Mtt:       7.400000e+22
Mpp:      -7.573000e+24
Mrt:       2.570000e+24
Mrp:      -2.718000e+24
Mtp:      -1.840000e+23
