 PDE 2000  6 16 20 23 33.40 -28.8800 -178.4600 222.6 5.2 0.0 KERMADEC ISLANDS REGION
event name:     B061600E
time shift:      4.1000
half duration:   1.4000
latitude:      -28.7400
longitude:    -178.0900
depth:         230.3000
Mrr:       1.495000e+24
Mtt:       2.400000e+23
Mpp:      -1.735000e+24
Mrt:      -1.311000e+24
Mrp:      -1.038000e+24
Mtp:      -5.970000e+23
