 PDE 1997  6 11  9 29 23.40 -23.9700 -177.5100 164.0 5.4 0.0 SOUTH OF FIJI ISLANDS
event name:     B061197C
time shift:      3.4000
half duration:   1.9000
latitude:      -23.9500
longitude:    -177.1200
depth:         162.9000
Mrr:       3.490000e+23
Mtt:      -1.664000e+24
Mpp:       1.315000e+24
Mrt:      -1.146000e+24
Mrp:      -3.825000e+24
Mtp:      -3.356000e+24
