 PDE 1996  6 13  6 57 58.20 -20.4200 -178.3100 535.0 5.1 0.0 FIJI ISLANDS REGION
event name:     B061396A
time shift:      5.3000
half duration:   1.4000
latitude:      -20.2900
longitude:    -178.2700
depth:         553.0000
Mrr:      -9.350000e+23
Mtt:       1.061000e+24
Mpp:      -1.260000e+23
Mrt:      -1.788000e+24
Mrp:      -1.137000e+24
Mtp:       1.900000e+23
