 PDE 2001  6 15 16 19  7.60  13.9000   51.6800  10.0 5.5 5.5 EASTERN GULF OF ADEN
event name:     B061501J
time shift:      4.3000
half duration:   2.3000
latitude:       14.0300
longitude:      51.5900
depth:          15.0000
Mrr:      -1.229000e+24
Mtt:       7.546000e+24
Mpp:      -6.317000e+24
Mrt:       1.500000e+22
Mrp:      -2.224000e+24
Mtp:       6.414000e+24
