 PDE 2000  6 14  3 19 18.10 -24.0300  -66.7500 196.5 5.3 0.0 CHILE-ARGENTINA BORDER REGION
event name:     B061400D
time shift:      7.7000
half duration:   1.5000
latitude:      -23.8400
longitude:     -67.1100
depth:         239.6000
Mrr:      -4.376000e+24
Mtt:      -1.693000e+24
Mpp:       6.069000e+24
Mrt:       2.653000e+24
Mrp:      -4.035000e+24
Mtp:      -3.270000e+23
