 PDE 1998  6 17 18 49  3.10  -6.0300  130.1600 147.5 5.5 0.0 BANDA SEA
event name:     B061798A
time shift:      4.1000
half duration:   1.5000
latitude:       -6.0700
longitude:     130.1000
depth:         154.7000
Mrr:      -5.210000e+23
Mtt:      -1.512000e+24
Mpp:       2.033000e+24
Mrt:      -1.547000e+24
Mrp:      -1.085000e+24
Mtp:      -4.110000e+23
