 PDE 2003  6 14 18 28 49.50  -7.5800  156.7800 405.8 5.6 0.0 SOLOMON ISLANDS
event name:     B061403G
time shift:      1.0000
half duration:   1.7000
latitude:       -7.5600
longitude:     156.9400
depth:         392.1000
Mrr:      -4.190000e+24
Mtt:      -2.170000e+23
Mpp:       4.410000e+24
Mrt:      -9.500000e+22
Mrp:       1.570000e+23
Mtp:       1.000000e+22
