 PDE 2004  6 13 19 28 13.30 -17.8900 -178.5700 580.1 5.4 0.0 FIJI ISLANDS REGION
event name:     B061304A
time shift:      3.6000
half duration:   1.6000
latitude:      -17.9900
longitude:    -178.3200
depth:         598.7000
Mrr:       6.300000e+22
Mtt:       1.920000e+24
Mpp:      -1.990000e+24
Mrt:       1.550000e+24
Mrp:      -2.490000e+24
Mtp:      -1.490000e+24
