 PDE 2003  6 21  7 34 34.40  -7.5600  127.8600 167.9 5.3 0.0 BANDA SEA
event name:     B062103B
time shift:      5.1000
half duration:   2.0000
latitude:       -7.6100
longitude:     128.1400
depth:         172.5000
Mrr:       4.560000e+24
Mtt:      -5.400000e+24
Mpp:       8.360000e+23
Mrt:       1.890000e+24
Mrp:       3.790000e+24
Mtp:       2.260000e+24
