 PDE 2003  6 26 14 11 44.60  12.2500  123.8500  10.0 5.3 5.7 LUZON, PHILIPPINES
event name:     B062603D
time shift:      6.1000
half duration:   2.3000
latitude:       12.3900
longitude:     123.6500
depth:          15.0000
Mrr:      -8.100000e+23
Mtt:       1.040000e+25
Mpp:      -9.610000e+24
Mrt:       1.210000e+24
Mrp:       1.520000e+24
Mtp:      -1.480000e+24
