 PDE 1996  6 26  3 55  9.40  27.6700  139.5300 471.0 5.0 0.0 BONIN ISLANDS, JAPAN REGION
event name:     B062696C
time shift:      4.1000
half duration:   1.4000
latitude:       27.8300
longitude:     139.5300
depth:         489.9000
Mrr:      -2.138000e+24
Mtt:       1.092000e+24
Mpp:       1.046000e+24
Mrt:      -4.100000e+23
Mrp:      -8.080000e+23
Mtp:      -7.020000e+23
