 PDE 2000  6 27 11 37  5.80  -7.1000  125.9100 496.1 5.3 0.0 BANDA SEA
event name:     B062700C
time shift:      6.8000
half duration:   1.9000
latitude:       -7.0900
longitude:     126.0900
depth:         517.5000
Mrr:      -4.620000e+24
Mtt:      -1.330000e+23
Mpp:       4.753000e+24
Mrt:       1.729000e+24
Mrp:       3.810000e+23
Mtp:       1.472000e+24
