 PDE 2002  6 21 14 21 44.90 -15.1100 -175.8600 318.6 5.7 0.0 SAMOA ISLANDS REGION
event name:     B062102C
time shift:      6.5000
half duration:   1.7000
latitude:      -14.7900
longitude:    -175.7100
depth:         322.1000
Mrr:       2.471000e+24
Mtt:      -2.149000e+24
Mpp:      -3.220000e+23
Mrt:       2.724000e+24
Mrp:       4.880000e+23
Mtp:      -1.304000e+24
