 PDE 1995  7  7 21 15 18.50  33.9500  137.1200 324.0 5.8 0.0 NEAR S. COAST OF HONSHU, JAPAN
event name:     B070795F
time shift:      5.4000
half duration:   2.2000
latitude:       33.8900
longitude:     137.1100
depth:         348.4000
Mrr:       4.500000e+24
Mtt:      -3.580000e+23
Mpp:      -4.142000e+24
Mrt:       2.291000e+24
Mrp:      -7.997000e+24
Mtp:       2.048000e+24
