 PDE 1996  7  3 16 48 27.50 -23.3800  -70.4000  33.0 5.3 5.4 OFF COAST OF NORTHERN CHILE
event name:     B070396C
time shift:      6.4000
half duration:   2.2000
latitude:      -23.2400
longitude:     -71.2200
depth:          15.0000
Mrr:       4.807000e+24
Mtt:       7.820000e+23
Mpp:      -5.589000e+24
Mrt:       1.940000e+24
Mrp:      -5.224000e+24
Mtp:      -2.520000e+23
