 PDE 1994  7  5  2 59 42.10 -16.3300 -177.5000 413.0 5.4 0.0 FIJI ISLANDS REGION
event name:     B070594B
time shift:      6.9000
half duration:   2.5000
latitude:      -16.0400
longitude:    -177.2400
depth:         424.7000
Mrr:      -8.482000e+24
Mtt:       7.143000e+24
Mpp:       1.340000e+24
Mrt:       3.980000e+23
Mrp:      -2.390000e+23
Mtp:       2.912000e+24
