 PDE 2003  7  3  6 21 50.40 -21.2800 -174.5200  10.0 5.5 5.7 TONGA ISLANDS
event name:     B070303C
time shift:      6.9000
half duration:   2.3000
latitude:      -21.4600
longitude:    -173.8000
depth:          16.0000
Mrr:       6.830000e+24
Mtt:       4.700000e+23
Mpp:      -7.300000e+24
Mrt:       2.410000e+24
Mrp:       6.180000e+24
Mtp:      -2.530000e+24
