 PDE 2003  7  1 17  0 22.80  12.8000  124.9000  33.0 5.6 5.8 SAMAR, PHILIPPINES
event name:     B070103C
time shift:      3.5000
half duration:   2.2000
latitude:       12.9600
longitude:     124.9100
depth:          38.0000
Mrr:      -1.230000e+24
Mtt:       3.210000e+24
Mpp:      -1.980000e+24
Mrt:      -4.210000e+24
Mrp:       8.790000e+24
Mtp:      -5.900000e+23
