 PDE 1999  7  9 18 16 20.90 -20.0900 -178.1600 567.0 5.0 0.0 FIJI ISLANDS REGION
event name:     B070999D
time shift:      3.2000
half duration:   1.5000
latitude:      -20.3600
longitude:    -177.9700
depth:         585.6000
Mrr:      -4.500000e+22
Mtt:      -1.043000e+24
Mpp:       1.088000e+24
Mrt:      -1.995000e+24
Mrp:      -1.765000e+24
Mtp:      -6.430000e+23
