 PDE 1994  7  6  9 13 11.30   5.9700  125.9300 164.0 5.7 0.0 MINDANAO, PHILIPPINES
event name:     B070694A
time shift:      1.2000
half duration:   2.1000
latitude:        5.9800
longitude:     126.0800
depth:         148.0000
Mrr:      -8.090000e+23
Mtt:       3.115000e+24
Mpp:      -2.305000e+24
Mrt:      -1.616000e+24
Mrp:       4.664000e+24
Mtp:      -3.473000e+24
