 PDE 1994  7  2  6 43 15.80 -21.1400 -178.7300 577.0 5.2 0.0 FIJI ISLANDS REGION
event name:     B070294D
time shift:      5.9000
half duration:   1.3000
latitude:      -20.8200
longitude:    -178.9300
depth:         583.0000
Mrr:      -8.300000e+23
Mtt:       8.940000e+23
Mpp:      -6.400000e+22
Mrt:      -1.228000e+24
Mrp:      -1.274000e+24
Mtp:       6.640000e+23
