 PDE 2001  7  3  3 18  7.20  -6.0300  154.8100 210.7 5.2 0.0 SOLOMON ISLANDS
event name:     B070301A
time shift:      3.9000
half duration:   2.3000
latitude:       -5.8500
longitude:     154.7100
depth:         208.4000
Mrr:       5.500000e+23
Mtt:      -1.600000e+23
Mpp:      -3.890000e+23
Mrt:      -2.919000e+24
Mrp:      -3.274000e+24
Mtp:       7.162000e+24
