 PDE 1994  7  2  5 46 54.40 -21.0500 -178.7100 567.0 5.3 0.0 FIJI ISLANDS REGION
event name:     B070294C
time shift:      5.9000
half duration:   1.6000
latitude:      -20.7600
longitude:    -178.8400
depth:         577.3000
Mrr:      -1.960000e+24
Mtt:       1.402000e+24
Mpp:       5.580000e+23
Mrt:      -1.497000e+24
Mrp:      -1.625000e+24
Mtp:       8.830000e+23
