 PDE 2000  7  1  4 48 55.00 -35.2300  178.6000 240.6 5.2 0.0 SOUTH OF KERMADEC ISLANDS
event name:     B070100A
time shift:      1.1000
half duration:   1.6000
latitude:      -34.8900
longitude:     178.8200
depth:         201.4000
Mrr:       2.955000e+24
Mtt:      -6.570000e+23
Mpp:      -2.298000e+24
Mrt:       7.310000e+23
Mrp:       1.664000e+24
Mtp:      -1.466000e+24
