 PDE 1997  7  6 20 13 37.00  16.1600  -87.9200  33.0 5.5 5.5 BELIZE
event name:     B070697C
time shift:     -3.0000
half duration:   2.0000
latitude:       16.0000
longitude:     -88.0000
depth:          15.0000
Mrr:      -4.010000e+23
Mtt:      -4.670000e+24
Mpp:       5.071000e+24
Mrt:      -1.924000e+24
Mrp:       3.770000e+23
Mtp:       3.598000e+24
