 PDE 2003  7  7  6 55 43.00  34.6100   89.4700  17.7 5.3 5.7 XIZANG
event name:     B070703A
time shift:     11.0000
half duration:   1.9000
latitude:       34.6700
longitude:      89.5900
depth:          33.0000
Mrr:      -9.850000e+23
Mtt:      -4.380000e+24
Mpp:       5.370000e+24
Mrt:      -7.060000e+23
Mrp:       4.410000e+23
Mtp:       2.990000e+24
