 PDE 2004  7  1 16 20 59.40 -25.5400 -179.3800 405.5 5.4 0.0 SOUTH OF FIJI ISLANDS
event name:     B070104K
time shift:      4.5000
half duration:   1.6000
latitude:      -25.2900
longitude:    -179.2500
depth:         408.2000
Mrr:       4.670000e+23
Mtt:      -2.030000e+24
Mpp:       1.560000e+24
Mrt:       2.260000e+24
Mrp:      -1.530000e+24
Mtp:       1.970000e+24
