 PDE 2003  7  2 23 52 26.30  42.3200  144.8400  23.9 5.8 5.5 HOKKAIDO, JAPAN REGION
event name:     B070203D
time shift:      5.2000
half duration:   1.9000
latitude:       42.3500
longitude:     145.2700
depth:          26.0000
Mrr:       3.010000e+24
Mtt:      -1.220000e+24
Mpp:      -1.790000e+24
Mrt:       2.670000e+24
Mrp:       5.430000e+24
Mtp:      -2.410000e+24
