 PDE 1995  7 15  1 35 14.50 -19.8600 -177.6100 358.0 5.4 0.0 FIJI ISLANDS REGION
event name:     B071595A
time shift:      6.7000
half duration:   1.8000
latitude:      -19.9000
longitude:    -177.4900
depth:         384.6000
Mrr:       3.000000e+21
Mtt:      -3.584000e+24
Mpp:       3.581000e+24
Mrt:      -2.276000e+24
Mrp:      -1.908000e+24
Mtp:      -1.289000e+24
