 PDE 2000  7 13 17 41 54.10 -18.3400 -175.5800 251.9 4.9 0.0 TONGA ISLANDS
event name:     B071300E
time shift:      7.1000
half duration:   1.4000
latitude:      -18.2300
longitude:    -175.2700
depth:         266.7000
Mrr:      -5.710000e+23
Mtt:       6.120000e+23
Mpp:      -4.100000e+22
Mrt:      -5.510000e+23
Mrp:      -2.054000e+24
Mtp:       1.035000e+24
