 PDE 2000  7 15  7 13 44.70  -7.0300  128.9300 217.9 5.6 0.0 BANDA SEA
event name:     B071500E
time shift:      6.1000
half duration:   2.0000
latitude:       -6.9200
longitude:     128.9100
depth:         226.1000
Mrr:      -1.000000e+21
Mtt:      -5.260000e+23
Mpp:       5.270000e+23
Mrt:       7.165000e+24
Mrp:      -4.760000e+23
Mtp:      -3.066000e+24
