 PDE 2003  7 14 20  0  6.30  -0.5400  100.8200 144.2 5.4 0.0 SOUTHERN SUMATRA, INDONESIA
event name:     B071403F
time shift:      4.7000
half duration:   1.4000
latitude:       -0.5000
longitude:     100.6200
depth:         152.8000
Mrr:       1.030000e+24
Mtt:      -6.390000e+23
Mpp:      -3.940000e+23
Mrt:       1.070000e+24
Mrp:      -8.500000e+23
Mtp:      -1.760000e+24
