 PDE 1994  7 16 18  5  7.50  -4.6000  125.6300 461.0 5.8 0.0 BANDA SEA
event name:     B071694B
time shift:      3.2000
half duration:   1.6000
latitude:       -4.5700
longitude:     125.5700
depth:         466.1000
Mrr:      -8.450000e+23
Mtt:       6.850000e+23
Mpp:       1.600000e+23
Mrt:       2.605000e+24
Mrp:      -1.777000e+24
Mtp:       3.980000e+23
