 PDE 1997  7 11  9 55 12.60  -5.7000  110.8000 574.4 5.6 0.0 JAVA SEA
event name:     B071197D
time shift:      4.7000
half duration:   2.3000
latitude:       -5.7000
longitude:     110.6500
depth:         592.1000
Mrr:      -3.448000e+24
Mtt:       7.235000e+24
Mpp:      -3.787000e+24
Mrt:       1.835000e+24
Mrp:      -6.035000e+24
Mtp:      -3.504000e+24
