 PDE 2001  7 19 20 12 15.60 -16.9700 -174.6800 226.6 5.4 0.0 TONGA ISLANDS
event name:     B071901D
time shift:      5.7000
half duration:   2.1000
latitude:      -17.0200
longitude:    -174.3200
depth:         230.1000
Mrr:       3.015000e+24
Mtt:      -1.002000e+24
Mpp:      -2.012000e+24
Mrt:       2.393000e+24
Mrp:       5.665000e+24
Mtp:      -1.389000e+24
