 PDE 1999  7 18 10 34  3.20 -22.5500  179.4100 590.9 5.4 0.0 SOUTH OF FIJI ISLANDS
event name:     B071899A
time shift:      4.4000
half duration:   2.3000
latitude:      -22.4500
longitude:     179.7000
depth:         586.5000
Mrr:      -2.749000e+24
Mtt:      -6.056000e+24
Mpp:       8.805000e+24
Mrt:       2.581000e+24
Mrp:       4.538000e+24
Mtp:       1.057000e+24
