 PDE 2003  7 11 13 53 24.90   9.3400  122.0400  33.0 5.6 5.5 SULU SEA
event name:     B071103A
time shift:      2.0000
half duration:   2.1000
latitude:        9.4000
longitude:     121.8200
depth:          18.0000
Mrr:       4.680000e+24
Mtt:       2.940000e+24
Mpp:      -7.630000e+24
Mrt:       3.580000e+24
Mrp:       1.980000e+24
Mtp:       1.710000e+24
