 PDE 1995  7 26  9  9 50.90 -16.1700 -175.0500 235.0 5.0 0.0 TONGA ISLANDS
event name:     B072695A
time shift:      6.6000
half duration:   1.6000
latitude:      -16.3400
longitude:    -174.5200
depth:         243.0000
Mrr:      -2.332000e+24
Mtt:       1.080000e+23
Mpp:       2.224000e+24
Mrt:       2.560000e+23
Mrp:      -2.681000e+24
Mtp:       9.610000e+23
