 PDE 2002  7 28 19  1 19.30 -17.9300 -178.3400 580.2 5.0 0.0 FIJI ISLANDS REGION
event name:     B072802D
time shift:      5.7000
half duration:   1.5000
latitude:      -17.8700
longitude:    -178.2300
depth:         607.2000
Mrr:      -1.977000e+24
Mtt:      -1.680000e+23
Mpp:       2.144000e+24
Mrt:      -4.900000e+23
Mrp:      -9.550000e+23
Mtp:      -5.000000e+21
