 PDE 1999  7 21  3 10 44.50 -18.2900 -177.9100 560.8 5.4 0.0 FIJI ISLANDS REGION
event name:     B072199B
time shift:      4.7000
half duration:   1.6000
latitude:      -18.2000
longitude:    -177.8500
depth:         583.5000
Mrr:      -2.589000e+24
Mtt:       2.341000e+24
Mpp:       2.480000e+23
Mrt:      -1.235000e+24
Mrp:      -1.856000e+24
Mtp:       8.960000e+23
