 PDE 1995  7 29 16 18 44.70  30.3600  138.2900 436.0 5.5 0.0 SOUTHEAST OF HONSHU, JAPAN
event name:     B072995C
time shift:      3.4000
half duration:   1.4000
latitude:       30.3500
longitude:     138.3200
depth:         445.2000
Mrr:      -5.430000e+23
Mtt:       1.184000e+24
Mpp:      -6.400000e+23
Mrt:       5.800000e+23
Mrp:      -1.988000e+24
Mtp:      -9.300000e+23
