 PDE 1996  7 20  7 41 15.20 -19.8200 -177.6400 357.0 5.7 0.0 FIJI ISLANDS REGION
event name:     B072096B
time shift:      6.0000
half duration:   2.1000
latitude:      -19.7200
longitude:    -177.4600
depth:         373.1000
Mrr:       2.689000e+24
Mtt:      -4.202000e+24
Mpp:       1.513000e+24
Mrt:      -5.485000e+24
Mrp:       2.076000e+24
Mtp:      -7.400000e+22
