 PDE 2003  7 22  4 21 40.80 -15.4200  166.1400  33.0 5.7 5.7 VANUATU ISLANDS
event name:     B072203B
time shift:      3.3000
half duration:   2.2000
latitude:      -15.5200
longitude:     166.3300
depth:          32.6000
Mrr:       6.900000e+23
Mtt:       3.060000e+24
Mpp:      -3.750000e+24
Mrt:      -5.060000e+24
Mrp:      -3.920000e+24
Mtp:       6.560000e+24
