 PDE 1996  7 27 11 40  2.80 -28.6600 -177.4600  48.0 5.6 5.5 KERMADEC ISLANDS REGION
event name:     B072796B
time shift:      4.8000
half duration:   2.1000
latitude:      -28.5800
longitude:    -177.0400
depth:          50.9000
Mrr:       6.030000e+24
Mtt:       1.517000e+24
Mpp:      -7.547000e+24
Mrt:       9.120000e+23
Mrp:       3.392000e+24
Mtp:      -1.663000e+24
