 PDE 2003  7 26 13 45 25.90 -17.5900 -175.1000 226.1 5.4 0.0 TONGA ISLANDS
event name:     B072603H
time shift:      4.8000
half duration:   1.7000
latitude:      -17.6000
longitude:    -174.7400
depth:         237.0000
Mrr:      -2.220000e+24
Mtt:       9.400000e+22
Mpp:       2.130000e+24
Mrt:      -1.180000e+24
Mrp:      -3.080000e+24
Mtp:       8.150000e+23
