 PDE 2003  7 24 10 23 21.70   0.1400  124.5800  73.2 5.7 0.0 MINAHASSA PENINSULA, SULAWESI
event name:     B072403C
time shift:      5.8000
half duration:   1.9000
latitude:        0.4300
longitude:     124.7800
depth:          77.2000
Mrr:       1.770000e+24
Mtt:      -8.990000e+23
Mpp:      -8.740000e+23
Mrt:       1.080000e+24
Mrp:       3.070000e+24
Mtp:       4.340000e+24
