 PDE 2001  7 23  1  2 28.00 -22.5900 -179.6800 595.6 4.9 0.0 SOUTH OF FIJI ISLANDS
event name:     B072301B
time shift:      4.0000
half duration:   1.3000
latitude:      -22.8300
longitude:    -179.5200
depth:         610.9000
Mrr:       1.420000e+23
Mtt:      -1.116000e+24
Mpp:       9.750000e+23
Mrt:      -7.340000e+23
Mrp:      -1.970000e+24
Mtp:      -4.380000e+23
