 PDE 2001  7 25 21 56 37.00   0.0400  122.9700 156.6 5.3 0.0 MINAHASSA PENINSULA, SULAWESI
event name:     B072501F
time shift:      4.9000
half duration:   1.6000
latitude:        0.1600
longitude:     123.2300
depth:         165.5000
Mrr:       2.545000e+24
Mtt:      -2.333000e+24
Mpp:      -2.120000e+23
Mrt:       7.140000e+23
Mrp:       8.490000e+23
Mtp:       1.076000e+24
