 PDE 2001  7 31  6 57 40.80 -17.6900 -178.8300 564.0 5.3 0.0 FIJI ISLANDS REGION
event name:     B073101B
time shift:      5.0000
half duration:   1.4000
latitude:      -17.7600
longitude:    -178.6900
depth:         575.8000
Mrr:       1.052000e+24
Mtt:       7.720000e+23
Mpp:      -1.823000e+24
Mrt:       1.181000e+24
Mrp:      -2.710000e+23
Mtp:       2.070000e+23
