 PDE 1994  8  8  7 55 39.60 -13.8200  -68.4000 602.0 5.4 0.0 PERU-BOLIVIA BORDER REGION
event name:     B080894B
time shift:      6.7000
half duration:   1.6000
latitude:      -13.5400
longitude:     -68.4700
depth:         602.9000
Mrr:      -6.920000e+23
Mtt:       3.260000e+23
Mpp:       3.660000e+23
Mrt:      -2.026000e+24
Mrp:       1.847000e+24
Mtp:      -4.320000e+23
