 PDE 2002  8  4 15 16 27.00 -35.4600  -16.2400  10.0 5.4 5.3 SOUTHERN MID-ATLANTIC RIDGE
event name:     B080402C
time shift:      7.1000
half duration:   2.2000
latitude:      -35.2900
longitude:     -16.1700
depth:          15.0000
Mrr:       7.250000e+23
Mtt:      -4.129000e+24
Mpp:       3.403000e+24
Mrt:      -7.280000e+23
Mrp:      -2.395000e+24
Mtp:       6.981000e+24
