 PDE 2000  8  5 19 43  7.90  -5.8400  130.3100 171.2 5.4 0.0 BANDA SEA
event name:     B080500E
time shift:      1.8000
half duration:   1.4000
latitude:       -5.8300
longitude:     130.6100
depth:         177.2000
Mrr:      -7.820000e+23
Mtt:      -2.830000e+23
Mpp:       1.066000e+24
Mrt:       6.440000e+23
Mrp:       1.686000e+24
Mtp:       1.320000e+23
