 PDE 1995  8  3  8 18 53.50 -28.3500  -69.2000 104.0 5.9 0.0 CHILE-ARGENTINA BORDER REGION
event name:     B080395E
time shift:      8.0000
half duration:   1.9000
latitude:      -28.2600
longitude:     -69.2200
depth:         121.2000
Mrr:      -6.170000e+24
Mtt:       8.650000e+23
Mpp:       5.305000e+24
Mrt:       1.900000e+23
Mrp:       2.035000e+24
Mtp:      -1.400000e+24
