 PDE 2001  8  9  2  6 59.90 -14.2600  -72.6800  33.0 5.4 5.5 CENTRAL PERU
event name:     B080901A
time shift:      0.8000
half duration:   1.9000
latitude:      -14.3800
longitude:     -72.3900
depth:          41.4000
Mrr:      -2.173000e+24
Mtt:       6.745000e+24
Mpp:      -4.572000e+24
Mrt:      -1.500000e+22
Mrp:      -9.310000e+23
Mtp:       1.880000e+24
