 PDE 2002  8  7  4 50  6.70 -21.8600 -176.5800 174.2 5.4 0.0 FIJI ISLANDS REGION
event name:     B080702A
time shift:      3.1000
half duration:   1.9000
latitude:      -21.9200
longitude:    -176.1600
depth:         178.5000
Mrr:      -3.700000e+22
Mtt:       4.840000e+23
Mpp:      -4.470000e+23
Mrt:      -1.254000e+24
Mrp:      -4.535000e+24
Mtp:       6.500000e+23
