 PDE 2000  8  2  0 37 16.30 -17.9400 -174.8200 191.2 5.2 0.0 TONGA ISLANDS
event name:     B080200B
time shift:      3.5000
half duration:   1.4000
latitude:      -18.2100
longitude:    -174.4600
depth:         202.8000
Mrr:       1.780000e+23
Mtt:       1.553000e+24
Mpp:      -1.731000e+24
Mrt:       1.035000e+24
Mrp:       1.288000e+24
Mtp:       8.270000e+23
