 PDE 2001  8  5  5 16 16.90  12.2200   93.3500  96.4 5.4 5.2 ANDAMAN ISLANDS, INDIA REGION
event name:     B080501B
time shift:      2.2000
half duration:   2.3000
latitude:       12.5100
longitude:      93.1900
depth:         101.8000
Mrr:       2.089000e+24
Mtt:      -1.720000e+24
Mpp:      -3.690000e+23
Mrt:      -2.917000e+24
Mrp:      -5.050000e+24
Mtp:       6.430000e+24
