 PDE 2003  8  3 19  4 25.30 -22.5800 -177.0100 168.3 5.2 0.0 SOUTH OF FIJI ISLANDS
event name:     B080303G
time shift:      3.8000
half duration:   1.4000
latitude:      -22.6600
longitude:    -176.5300
depth:         173.4000
Mrr:      -4.850000e+23
Mtt:      -4.100000e+23
Mpp:       8.950000e+23
Mrt:      -4.750000e+23
Mrp:      -2.000000e+24
Mtp:      -3.250000e+23
