 PDE 2000  8  1 18 54 46.10 -38.7600   78.4200  10.0 5.2 5.6 MID-INDIAN RIDGE
event name:     B080100I
time shift:      8.8000
half duration:   2.1000
latitude:      -38.5900
longitude:      78.1900
depth:          15.0000
Mrr:      -7.970000e+23
Mtt:      -7.007000e+24
Mpp:       7.804000e+24
Mrt:       1.224000e+24
Mrp:      -1.231000e+24
Mtp:      -1.246000e+24
