 PDE 1997  8  7  1  4  8.70 -23.5100  179.1000 550.0 4.9 0.0 SOUTH OF FIJI ISLANDS
event name:     B080797A
time shift:      6.2000
half duration:   1.5000
latitude:      -23.4900
longitude:     179.2600
depth:         577.9000
Mrr:      -2.333000e+24
Mtt:       1.898000e+24
Mpp:       4.350000e+23
Mrt:       9.320000e+23
Mrp:       2.320000e+23
Mtp:      -9.970000e+23
