 PDE 1996  8  5 21 39 16.20  -2.0000  -81.0000  33.0 5.7 5.9 NEAR COAST OF ECUADOR
event name:     B080596E
time shift:      3.1000
half duration:   3.5000
latitude:       -2.1000
longitude:     -81.0800
depth:          16.0000
Mrr:       1.701000e+25
Mtt:       4.400000e+23
Mpp:      -1.745000e+25
Mrt:       2.240000e+24
Mrp:      -2.849000e+25
Mtp:       1.880000e+24
