 PDE 1995  8  4 13 31 49.10  52.8700  152.9000 529.0 5.2 0.0 NORTHWEST OF KURIL ISLANDS
event name:     B080495B
time shift:      3.6000
half duration:   1.4000
latitude:       52.7700
longitude:     152.7700
depth:         531.1000
Mrr:      -1.761000e+24
Mtt:       8.730000e+23
Mpp:       8.880000e+23
Mrt:      -8.250000e+23
Mrp:      -5.900000e+23
Mtp:      -1.909000e+24
