 PDE 2001  8  4  1 44 53.70   2.8100  127.0000  33.0 5.8 5.6 NORTHERN MOLUCCA SEA
event name:     B080401A
time shift:      6.0000
half duration:   2.1000
latitude:        2.7800
longitude:     127.3600
depth:          33.0000
Mrr:       4.976000e+24
Mtt:      -8.220000e+23
Mpp:      -4.154000e+24
Mrt:       1.789000e+24
Mrp:       3.331000e+24
Mtp:      -2.294000e+24
