 PDE 1999  8  2  9 47 12.10 -12.5500  167.1800 251.2 5.3 0.0 SANTA CRUZ ISLANDS
event name:     B080299D
time shift:      1.6000
half duration:   1.8000
latitude:      -12.6100
longitude:     167.2300
depth:         246.8000
Mrr:       3.378000e+24
Mtt:      -3.558000e+24
Mpp:       1.800000e+23
Mrt:      -1.770000e+23
Mrp:      -9.460000e+23
Mtp:       9.760000e+23
