 PDE 1994  8  4 21 39  2.80 -23.9700 -179.9600 510.0 5.4 0.0 SOUTH OF FIJI ISLANDS
event name:     B080494C
time shift:      5.8000
half duration:   1.6000
latitude:      -23.9200
longitude:    -179.7900
depth:         542.0000
Mrr:       7.700000e+23
Mtt:      -1.933000e+24
Mpp:       1.163000e+24
Mrt:      -4.980000e+23
Mrp:      -1.791000e+24
Mtp:      -6.980000e+23
