 PDE 1994  8  2 14 17 54.80  52.3900  158.1100 170.0 5.8 0.0 NEAR EAST COAST OF KAMCHATKA
event name:     B080294D
time shift:      2.3000
half duration:   2.0000
latitude:       52.4000
longitude:     158.2700
depth:         159.3000
Mrr:       1.667000e+24
Mtt:      -5.990000e+23
Mpp:      -1.068000e+24
Mrt:       2.904000e+24
Mrp:       5.453000e+24
Mtp:      -6.910000e+23
