 PDE 1995  8 16  1 22 38.20 -23.5700  178.9600 540.0 5.1 0.0 SOUTH OF FIJI ISLANDS
event name:     B081695A
time shift:      8.8000
half duration:   1.8000
latitude:      -23.3500
longitude:     179.0300
depth:         572.7000
Mrr:      -3.357000e+24
Mtt:       3.360000e+24
Mpp:      -3.000000e+21
Mrt:       1.102000e+24
Mrp:      -1.303000e+24
Mtp:      -2.327000e+24
