 PDE 2001  8 15 15  8 20.00 -22.6600  179.3200 586.8 5.1 0.0 SOUTH OF FIJI ISLANDS
event name:     B081501A
time shift:      3.6000
half duration:   1.6000
latitude:      -22.4700
longitude:     179.3900
depth:         604.2000
Mrr:       1.285000e+24
Mtt:      -2.985000e+24
Mpp:       1.700000e+24
Mrt:       1.700000e+22
Mrp:       1.223000e+24
Mtp:      -1.125000e+24
