 PDE 1995  8 16 16 24 26.70  -5.4200  153.7600  21.0 5.6 6.8 NEW IRELAND REGION, P.N.G.
event name:     B081695L
time shift:      7.9000
half duration:   4.6000
latitude:       -5.4600
longitude:     153.5700
depth:          39.0000
Mrr:       7.513000e+25
Mtt:      -7.410000e+24
Mpp:      -6.772000e+25
Mrt:       2.799000e+25
Mrp:      -1.767000e+25
Mtp:       2.751000e+25
