 PDE 2003  8 14 18 23  6.30 -19.9000 -177.9800 563.3 5.2 0.0 FIJI ISLANDS REGION
event name:     B081403J
time shift:      5.9000
half duration:   2.2000
latitude:      -19.8100
longitude:    -177.6500
depth:         588.8000
Mrr:      -2.500000e+23
Mtt:       4.840000e+24
Mpp:      -4.590000e+24
Mrt:      -3.890000e+24
Mrp:      -1.880000e+24
Mtp:      -6.510000e+24
