 PDE 1996  8 19  4 19 16.10  51.4500 -178.3700  33.0 5.7 5.6 ANDREANOF ISLANDS, ALEUTIAN IS.
event name:     B081996A
time shift:      3.6000
half duration:   2.6000
latitude:       51.4300
longitude:    -178.0200
depth:          42.1000
Mrr:       7.504000e+24
Mtt:      -7.277000e+24
Mpp:      -2.270000e+23
Mrt:       5.951000e+24
Mrp:       4.774000e+24
Mtp:      -3.253000e+24
