 PDE 2001  8 17 22 25 49.00  25.7500  126.1900  33.0 5.6 5.6 RYUKYU ISLANDS, JAPAN
event name:     B081701B
time shift:      0.6000
half duration:   2.2000
latitude:       25.4800
longitude:     126.1500
depth:          16.0000
Mrr:      -7.632000e+24
Mtt:       3.845000e+24
Mpp:       3.787000e+24
Mrt:       2.610000e+23
Mrp:      -3.083000e+24
Mtp:      -3.959000e+24
