 PDE 1995  8 17  5 35 37.30 -21.8200  170.3900  75.0 5.5 0.0 SOUTHEAST OF LOYALTY ISLANDS
event name:     B081795D
time shift:      5.6000
half duration:   2.6000
latitude:      -21.7800
longitude:     170.3200
depth:          66.3000
Mrr:      -1.060000e+24
Mtt:      -2.880000e+24
Mpp:       3.940000e+24
Mrt:       8.580000e+24
Mrp:       3.850000e+24
Mtp:       1.018000e+25
