 PDE 1994  8 11 19 32 52.50 -21.7500 -176.7900 180.0 5.5 0.0 FIJI ISLANDS REGION
event name:     B081194F
time shift:      3.1000
half duration:   2.3000
latitude:      -21.9900
longitude:    -176.2200
depth:         191.6000
Mrr:      -7.830000e+23
Mtt:       1.514000e+24
Mpp:      -7.310000e+23
Mrt:      -4.323000e+24
Mrp:      -6.923000e+24
Mtp:       1.629000e+24
