 PDE 1999  8 18  1 16 48.50 -37.3400  177.3300 155.0 5.6 0.0 OFF E. COAST OF N. ISLAND, N.Z.
event name:     B081899C
time shift:      5.8000
half duration:   1.8000
latitude:      -36.9100
longitude:     177.6000
depth:         153.0000
Mrr:       3.598000e+24
Mtt:      -1.608000e+24
Mpp:      -1.990000e+24
Mrt:       1.626000e+24
Mrp:       2.457000e+24
Mtp:      -1.594000e+24
