 PDE 1996  8 11  1 31 16.70 -13.4000  166.6900 100.0 5.6 5.8 VANUATU ISLANDS
event name:     B081196A
time shift:     -0.2000
half duration:   2.4000
latitude:      -13.4000
longitude:     166.5600
depth:          58.6000
Mrr:       1.053000e+25
Mtt:      -6.000000e+22
Mpp:      -1.047000e+25
Mrt:      -7.200000e+23
Mrp:       3.940000e+24
Mtp:       1.100000e+24
