 PDE 2002  8 12  2 59 24.00 -19.5100  169.0400 112.2 5.6 0.0 VANUATU ISLANDS
event name:     B081202A
time shift:      4.8000
half duration:   2.1000
latitude:      -19.5200
longitude:     168.6700
depth:         117.0000
Mrr:       2.425000e+24
Mtt:       9.190000e+23
Mpp:      -3.344000e+24
Mrt:       1.714000e+24
Mrp:      -6.802000e+24
Mtp:       2.333000e+24
