 PDE 1995  8 17 23 14 19.40  36.4700   71.1600 239.0 5.4 0.0 AFGHANISTAN-TAJIKISTAN BORD REG.
event name:     B081795P
time shift:      0.8000
half duration:   1.6000
latitude:       36.2200
longitude:      71.1800
depth:         243.5000
Mrr:       1.884000e+24
Mtt:      -1.033000e+24
Mpp:      -8.510000e+23
Mrt:      -5.190000e+23
Mrp:       2.760000e+24
Mtp:      -9.050000e+23
