 PDE 1994  8 23  6 22  5.20 -23.7200  179.9000 521.0 5.1 0.0 SOUTH OF FIJI ISLANDS
event name:     B082394C
time shift:      4.7000
half duration:   1.6000
latitude:      -23.8300
longitude:    -179.7100
depth:         530.4000
Mrr:      -5.400000e+22
Mtt:       4.000000e+23
Mpp:      -3.460000e+23
Mrt:       2.500000e+22
Mrp:      -3.047000e+24
Mtp:      -1.189000e+24
