 PDE 1995  8 24  6 28 54.60  18.8800  145.0100 600.0 5.4 0.0 MARIANA ISLANDS
event name:     B082495B
time shift:      3.9000
half duration:   2.0000
latitude:       18.8600
longitude:     145.2400
depth:         617.0000
Mrr:      -1.384000e+24
Mtt:       3.920000e+23
Mpp:       9.920000e+23
Mrt:      -2.419000e+24
Mrp:      -9.480000e+23
Mtp:      -4.499000e+24
