 PDE 2003  8 25  6 28 35.20  14.0300  -91.0700 100.0 5.4 0.0 NEAR COAST OF GUATEMALA
event name:     B082503A
time shift:     -2.0000
half duration:   2.3000
latitude:       13.7500
longitude:     -91.5800
depth:          66.8000
Mrr:      -9.760000e+24
Mtt:       7.300000e+24
Mpp:       2.460000e+24
Mrt:       1.950000e+24
Mrp:      -1.080000e+24
Mtp:      -4.500000e+24
