 PDE 2003  8 28  6 38 11.60  -7.3200  126.0500 409.2 5.6 0.0 BANDA SEA
event name:     B082803C
time shift:      3.2000
half duration:   2.2000
latitude:       -7.2900
longitude:     126.1000
depth:         427.3000
Mrr:       5.020000e+24
Mtt:      -9.100000e+23
Mpp:      -4.110000e+24
Mrt:       2.500000e+23
Mrp:       7.450000e+24
Mtp:       4.160000e+24
