 PDE 1996  8 27  6 24  7.90 -22.5700 -179.7900 575.0 5.6 0.0 SOUTH OF FIJI ISLANDS
event name:     B082796D
time shift:      7.4000
half duration:   2.3000
latitude:      -22.5400
longitude:    -179.6100
depth:         597.5000
Mrr:      -4.203000e+24
Mtt:       4.188000e+24
Mpp:       1.500000e+22
Mrt:       7.370000e+24
Mrp:       1.286000e+24
Mtp:       4.212000e+24
