 PDE 1997  8 25 11 59  0.80 -20.8000 -177.7800 394.0 5.3 0.0 FIJI ISLANDS REGION
event name:     B082597C
time shift:      5.3000
half duration:   1.4000
latitude:      -20.8100
longitude:    -177.5000
depth:         416.2000
Mrr:      -2.695000e+24
Mtt:       1.072000e+24
Mpp:       1.623000e+24
Mrt:      -2.210000e+23
Mrp:      -4.760000e+23
Mtp:       7.720000e+23
