 PDE 1997  8 26 15 22  9.20 -25.5100  178.3300 609.6 5.5 0.0 SOUTH OF FIJI ISLANDS
event name:     B082697H
time shift:      4.4000
half duration:   1.7000
latitude:      -25.4300
longitude:     178.3400
depth:         605.1000
Mrr:      -1.640000e+23
Mtt:      -8.420000e+23
Mpp:       1.006000e+24
Mrt:      -7.700000e+23
Mrp:      -3.566000e+24
Mtp:      -4.780000e+23
