 PDE 1995  8 24  7 54 41.70  18.8600  144.9800 598.0 5.3 0.0 MARIANA ISLANDS
event name:     B082495C
time shift:     -1.7000
half duration:   2.8000
latitude:       18.7900
longitude:     145.3300
depth:         611.8000
Mrr:      -7.020000e+24
Mtt:       3.020000e+24
Mpp:       4.000000e+24
Mrt:      -7.200000e+24
Mrp:      -6.000000e+24
Mtp:      -1.253000e+25
