 PDE 2003  8 21  4  2  9.20  29.0500   59.7700  20.2 5.5 5.8 SOUTHERN IRAN
event name:     B082103B
time shift:      6.6000
half duration:   2.3000
latitude:       28.8800
longitude:      59.7000
depth:          15.0000
Mrr:       1.270000e+24
Mtt:      -1.530000e+23
Mpp:      -1.120000e+24
Mrt:      -2.460000e+24
Mrp:       1.960000e+24
Mtp:       8.210000e+24
