 PDE 1999  8 25  7  6 22.00 -19.0600  169.6100 263.4 5.4 0.0 VANUATU ISLANDS
event name:     B082599A
time shift:      5.8000
half duration:   1.7000
latitude:      -19.1400
longitude:     169.5300
depth:         282.6000
Mrr:       1.730000e+24
Mtt:      -1.338000e+24
Mpp:      -3.920000e+23
Mrt:       4.020000e+23
Mrp:      -2.242000e+24
Mtp:      -2.532000e+24
