 PDE 1996  8 22  5 35 42.00  -7.1200  123.2800 596.0 5.8 0.0 BANDA SEA
event name:     B082296B
time shift:      5.4000
half duration:   2.3000
latitude:       -7.1400
longitude:     123.5200
depth:         614.7000
Mrr:      -9.275000e+24
Mtt:       2.739000e+24
Mpp:       6.536000e+24
Mrt:      -1.873000e+24
Mrp:       1.695000e+24
Mtp:       3.448000e+24
