 PDE 2000  8 20  7 55 49.30   7.4300  126.5500 174.3 5.5 0.0 MINDANAO, PHILIPPINES
event name:     B082000B
time shift:      6.9000
half duration:   1.6000
latitude:        7.9600
longitude:     126.0500
depth:         174.4000
Mrr:       1.570000e+23
Mtt:       1.957000e+24
Mpp:      -2.113000e+24
Mrt:       2.139000e+24
Mrp:      -8.210000e+23
Mtp:       7.760000e+23
