 PDE 2002  8 29  5 36 54.00  -3.3600  145.7700  33.0 5.2 5.7 BISMARCK SEA
event name:     B082902B
time shift:      2.2000
half duration:   2.0000
latitude:       -3.5300
longitude:     146.0300
depth:          21.0000
Mrr:       1.670000e+23
Mtt:       1.097000e+24
Mpp:      -1.264000e+24
Mrt:       1.097000e+24
Mrp:      -7.000000e+22
Mtp:       5.815000e+24
