 PDE 1995  8 24  7 55 25.60  18.8600  145.0100 580.0 5.4 0.0 MARIANA ISLANDS
event name:     B082495D
time shift:     11.7000
half duration:   3.1000
latitude:       18.8500
longitude:     145.3500
depth:         609.8000
Mrr:      -9.000000e+24
Mtt:       3.950000e+24
Mpp:       5.050000e+24
Mrt:      -7.040000e+24
Mrp:      -7.690000e+24
Mtp:      -1.689000e+25
