 PDE 1994  8 30 19 42 48.20  -6.9800  124.1500 618.0 5.8 0.0 BANDA SEA
event name:     B083094E
time shift:      4.8000
half duration:   2.9000
latitude:       -6.9700
longitude:     124.3100
depth:         604.0000
Mrr:      -1.932000e+25
Mtt:       5.200000e+23
Mpp:       1.880000e+25
Mrt:      -5.450000e+24
Mrp:      -3.150000e+24
Mtp:       5.890000e+24
