 PDE 2000  8 31  8 24 11.50   5.0700  123.2100 588.3 5.5 0.0 MINDANAO, PHILIPPINES
event name:     B083100C
time shift:      1.2000
half duration:   1.7000
latitude:        5.0500
longitude:     123.4900
depth:         578.7000
Mrr:      -1.984000e+24
Mtt:       1.409000e+24
Mpp:       5.740000e+23
Mrt:      -1.955000e+24
Mrp:      -2.410000e+24
Mtp:       5.900000e+23
