 PDE 1998  8 30  7 52 25.30 -23.9300  -66.9100 219.5 4.9 0.0 JUJUY PROVINCE, ARGENTINA
event name:     B083098D
time shift:      7.4000
half duration:   1.7000
latitude:      -23.6200
longitude:     -66.7200
depth:         216.8000
Mrr:      -3.890000e+23
Mtt:      -3.230000e+23
Mpp:       7.120000e+23
Mrt:       1.710000e+23
Mrp:      -3.309000e+24
Mtp:       3.700000e+23
