 PDE 2002  9  8 13 15 55.70 -22.8400  178.9300 618.8 5.2 0.0 SOUTH OF FIJI ISLANDS
event name:     B090802E
time shift:      5.5000
half duration:   2.2000
latitude:      -22.8200
longitude:     179.1600
depth:         630.1000
Mrr:       1.501000e+24
Mtt:       2.071000e+24
Mpp:      -3.572000e+24
Mrt:      -5.905000e+24
Mrp:      -3.892000e+24
Mtp:      -3.134000e+24
