 PDE 2000  9  2 10 19 13.30 -17.9200 -178.3200 587.5 5.1 0.0 FIJI ISLANDS REGION
event name:     B090200B
time shift:      6.7000
half duration:   1.8000
latitude:      -17.8200
longitude:    -178.3000
depth:         620.9000
Mrr:      -9.210000e+23
Mtt:       1.740000e+23
Mpp:       7.470000e+23
Mrt:      -4.610000e+23
Mrp:      -4.398000e+24
Mtp:       1.236000e+24
