 PDE 2003  9  8  6 26 32.20  -8.5500  110.1900  50.6 5.4 0.0 JAVA, INDONESIA
event name:     B090803B
time shift:      7.3000
half duration:   2.1000
latitude:       -8.9800
longitude:     110.6200
depth:          44.0000
Mrr:       4.320000e+24
Mtt:      -5.760000e+24
Mpp:       1.440000e+24
Mrt:       3.920000e+24
Mrp:       2.420000e+24
Mtp:      -2.540000e+24
