 PDE 1996  9  8 11 42 51.80 -19.7200 -179.1000 600.0 4.9 0.0 FIJI ISLANDS REGION
event name:     B090896F
time shift:     12.2000
half duration:   1.3000
latitude:      -19.7200
longitude:    -179.1000
depth:         684.4000
Mrr:       2.049000e+24
Mtt:      -1.181000e+24
Mpp:      -8.680000e+23
Mrt:      -1.610000e+24
Mrp:      -7.610000e+23
Mtp:      -1.087000e+24
