 PDE 2002  9  7  8 14 19.60 -20.2700 -176.0400 209.9 5.5 0.0 TONGA ISLANDS
event name:     B090702C
time shift:      3.5000
half duration:   2.3000
latitude:      -20.2900
longitude:    -175.6100
depth:         208.4000
Mrr:      -1.276000e+24
Mtt:       2.800000e+24
Mpp:      -1.523000e+24
Mrt:      -3.076000e+24
Mrp:      -8.745000e+24
Mtp:       1.657000e+24
