 PDE 1995  9  1  6 30 37.50   0.0000  123.2500 163.0 5.5 0.0 MINAHASSA PENINSULA, SULAWESI
event name:     B090195B
time shift:      1.7000
half duration:   2.2000
latitude:        0.1200
longitude:     123.1900
depth:         137.9000
Mrr:       6.008000e+24
Mtt:      -6.383000e+24
Mpp:       3.750000e+23
Mrt:      -5.286000e+24
Mrp:      -1.400000e+24
Mtp:      -1.119000e+24
