 PDE 1996  9  1  6 45 41.50 -11.8100  166.6200 187.0 5.5 0.0 SANTA CRUZ ISLANDS
event name:     B090196A
time shift:      4.5000
half duration:   2.0000
latitude:      -11.8500
longitude:     166.5700
depth:         185.9000
Mrr:       6.050000e+24
Mtt:       4.010000e+23
Mpp:      -6.451000e+24
Mrt:       1.390000e+24
Mrp:      -3.920000e+23
Mtp:       3.720000e+23
