 PDE 2003  9  5  1 23  2.00   5.3200   95.9000 124.8 5.7 0.0 NORTHERN SUMATRA, INDONESIA
event name:     B090503A
time shift:      3.7000
half duration:   2.1000
latitude:        5.3600
longitude:      95.9000
depth:         125.3000
Mrr:       6.420000e+23
Mtt:      -1.380000e+24
Mpp:       7.360000e+23
Mrt:       6.520000e+23
Mrp:       6.090000e+24
Mtp:      -5.030000e+24
