 PDE 2000  9  9  6  1 53.40   6.4200   95.4600 229.3 5.1 0.0 NICOBAR ISLANDS, INDIA REGION
event name:     B090900A
time shift:      3.3000
half duration:   1.7000
latitude:        6.5000
longitude:      95.5100
depth:         222.0000
Mrr:       1.580000e+23
Mtt:       1.151000e+24
Mpp:      -1.309000e+24
Mrt:       1.461000e+24
Mrp:      -1.491000e+24
Mtp:       2.884000e+24
