 PDE 1998  9  2 18 52 42.20 -29.6900 -178.7900 230.1 5.4 0.0 KERMADEC ISLANDS, NEW ZEALAND
event name:     B090298B
time shift:      0.5000
half duration:   1.4000
latitude:      -29.5900
longitude:    -178.3800
depth:         206.3000
Mrr:      -9.010000e+23
Mtt:       6.360000e+23
Mpp:       2.650000e+23
Mrt:      -1.663000e+24
Mrp:       3.260000e+23
Mtp:      -7.690000e+23
