 PDE 1998  9  1 10 29 49.10 -58.2100  -26.5300 151.7 5.4 0.0 SOUTH SANDWICH ISLANDS REGION
event name:     B090198B
time shift:      5.4000
half duration:   1.5000
latitude:      -58.5000
longitude:     -26.1000
depth:         158.2000
Mrr:       1.743000e+24
Mtt:      -6.220000e+23
Mpp:      -1.121000e+24
Mrt:       1.280000e+23
Mrp:       1.959000e+24
Mtp:      -8.790000e+23
