 PDE 1997  9  7 12 57  6.70  -6.0200  154.4600 421.1 5.6 0.0 SOLOMON ISLANDS
event name:     B090797C
time shift:      3.8000
half duration:   1.9000
latitude:       -5.9400
longitude:     154.5300
depth:         418.3000
Mrr:      -2.653000e+24
Mtt:      -6.020000e+23
Mpp:       3.255000e+24
Mrt:      -3.924000e+24
Mrp:       2.614000e+24
Mtp:      -2.236000e+24
