 PDE 2000  9  9 12 18 10.30 -35.8800 -103.0600  10.0 5.2 5.2 SOUTHEAST OF EASTER ISLAND
event name:     B090900D
time shift:      9.4000
half duration:   2.2000
latitude:      -35.9400
longitude:    -102.6400
depth:          15.0000
Mrr:      -3.800000e+23
Mtt:      -1.859000e+24
Mpp:       2.239000e+24
Mrt:      -3.800000e+22
Mrp:      -1.145000e+24
Mtp:      -8.121000e+24
