 PDE 1998  9  1  1 19 37.50 -17.5600 -174.7700 219.8 5.3 0.0 TONGA ISLANDS
event name:     B090198A
time shift:      4.0000
half duration:   1.6000
latitude:      -17.5500
longitude:    -174.5200
depth:         219.2000
Mrr:       1.000000e+24
Mtt:       3.490000e+23
Mpp:      -1.349000e+24
Mrt:       2.307000e+24
Mrp:       1.329000e+24
Mtp:      -8.520000e+23
