 PDE 2000  9  2 17  2 19.50 -20.0700 -179.1300 687.6 5.5 0.0 FIJI ISLANDS REGION
event name:     B090200D
time shift:      5.9000
half duration:   2.3000
latitude:      -19.9000
longitude:    -178.9200
depth:         698.4000
Mrr:      -7.453000e+24
Mtt:       6.115000e+24
Mpp:       1.338000e+24
Mrt:      -4.756000e+24
Mrp:      -6.920000e+23
Mtp:      -6.315000e+24
