 PDE 1998  9  5 17  9 31.50  -4.0500  152.0400 191.8 5.5 0.0 NEW IRELAND REGION, P.N.G.
event name:     B090598E
time shift:      3.7000
half duration:   1.7000
latitude:       -3.9700
longitude:     152.3200
depth:         191.5000
Mrr:      -1.056000e+24
Mtt:       6.350000e+23
Mpp:       4.210000e+23
Mrt:       5.520000e+23
Mrp:      -3.350000e+24
Mtp:       1.650000e+23
