 PDE 1997  9  4 20 52 58.30  -3.4800  151.3900 365.6 5.1 0.0 NEW IRELAND REGION, P.N.G.
event name:     B090497C
time shift:      7.6000
half duration:   1.8000
latitude:       -3.3400
longitude:     151.6300
depth:         385.8000
Mrr:       7.780000e+23
Mtt:      -1.044000e+24
Mpp:       2.660000e+23
Mrt:       3.031000e+24
Mrp:      -1.034000e+24
Mtp:      -2.785000e+24
