 PDE 2000  9  3  8 21 23.80 -20.5500 -177.8200 363.8 5.2 0.0 FIJI ISLANDS REGION
event name:     B090300B
time shift:      4.5000
half duration:   1.9000
latitude:      -20.6300
longitude:    -177.7100
depth:         383.6000
Mrr:       1.592000e+24
Mtt:      -4.204000e+24
Mpp:       2.611000e+24
Mrt:      -2.428000e+24
Mrp:       1.262000e+24
Mtp:      -2.661000e+24
