 PDE 1995  9  8  0 27 49.00 -56.2100 -122.2900  10.0 4.8 5.7 SOUTHERN EAST PACIFIC RISE
event name:     B090895A
time shift:      8.0000
half duration:   2.2000
latitude:      -56.3300
longitude:    -122.3400
depth:          15.0000
Mrr:      -5.230000e+23
Mtt:       3.795000e+24
Mpp:      -3.271000e+24
Mrt:       9.600000e+22
Mrp:      -9.530000e+23
Mtp:       7.074000e+24
