 PDE 1996  9 18 17 34 20.60  11.4400  -85.4700 193.0 5.3 0.0 NICARAGUA
event name:     B091896G
time shift:      5.8000
half duration:   1.5000
latitude:       11.4500
longitude:     -85.8200
depth:         184.2000
Mrr:       1.793000e+24
Mtt:      -6.620000e+23
Mpp:      -1.131000e+24
Mrt:       9.600000e+23
Mrp:      -1.701000e+24
Mtp:       9.270000e+23
