 PDE 1995  9 14 12 24 34.20 -17.5800 -179.0100 533.0 5.3 0.0 FIJI ISLANDS REGION
event name:     B091495B
time shift:      5.3000
half duration:   2.2000
latitude:      -17.5000
longitude:    -178.9800
depth:         547.3000
Mrr:       2.982000e+24
Mtt:      -1.739000e+24
Mpp:      -1.244000e+24
Mrt:       3.814000e+24
Mrp:       3.798000e+24
Mtp:       6.043000e+24
