 PDE 1995  9 12 14 23 33.10 -21.6000 -179.4300 599.0 5.1 0.0 FIJI ISLANDS REGION
event name:     B091295A
time shift:      6.5000
half duration:   1.5000
latitude:      -21.5700
longitude:    -179.0500
depth:         623.9000
Mrr:       1.565000e+24
Mtt:       5.220000e+23
Mpp:      -2.087000e+24
Mrt:      -1.373000e+24
Mrp:      -1.577000e+24
Mtp:      -8.060000e+23
