 PDE 1998  9 12  9  3 48.30 -24.5100  -67.1200 187.2 5.1 0.0 CHILE-ARGENTINA BORDER REGION
event name:     B091298B
time shift:      4.5000
half duration:   1.4000
latitude:      -24.3200
longitude:     -67.0000
depth:         185.1000
Mrr:      -1.433000e+24
Mtt:      -5.590000e+23
Mpp:       1.991000e+24
Mrt:       1.091000e+24
Mrp:      -1.233000e+24
Mtp:      -2.310000e+23
