 PDE 2001  9 13  3 48 32.00 -21.0900 -179.1100 619.3 5.2 0.0 FIJI ISLANDS REGION
event name:     B091301B
time shift:      4.0000
half duration:   1.4000
latitude:      -21.0600
longitude:    -179.0200
depth:         629.5000
Mrr:       1.890000e+23
Mtt:      -1.660000e+23
Mpp:      -2.300000e+22
Mrt:      -1.000000e+23
Mrp:      -1.481000e+24
Mtp:      -1.461000e+24
