 PDE 1996  9 14  2 53 24.50  -0.0100  122.7900 181.0 5.5 0.0 MINAHASSA PENINSULA, SULAWESI
event name:     B091496B
time shift:      4.2000
half duration:   2.0000
latitude:        0.1100
longitude:     123.0100
depth:         177.6000
Mrr:       5.255000e+24
Mtt:      -5.070000e+24
Mpp:      -1.850000e+23
Mrt:       3.630000e+23
Mrp:       4.323000e+24
Mtp:      -6.040000e+23
