 PDE 1995  9 18  6 56 31.20  -6.9500  128.9000 180.0 5.5 0.0 BANDA SEA
event name:     B091895A
time shift:      4.6000
half duration:   2.5000
latitude:       -6.7600
longitude:     129.3000
depth:         176.6000
Mrr:      -6.660000e+23
Mtt:      -7.857000e+24
Mpp:       8.524000e+24
Mrt:      -3.150000e+23
Mrp:       7.247000e+24
Mtp:       5.150000e+24
