 PDE 1996  9 19 21  5 28.10 -25.3600  179.7900 485.0 5.1 0.0 SOUTH OF FIJI ISLANDS
event name:     B091996C
time shift:      0.6000
half duration:   1.3000
latitude:      -25.6500
longitude:     179.7400
depth:         475.3000
Mrr:      -6.200000e+22
Mtt:      -2.490000e+23
Mpp:       3.120000e+23
Mrt:       1.980000e+23
Mrp:      -2.096000e+24
Mtp:      -4.230000e+23
