 PDE 1999  9 19  3 18 54.60  -3.6200  150.8800 430.5 5.2 0.0 NEW IRELAND REGION, P.N.G.
event name:     B091999B
time shift:      5.7000
half duration:   2.2000
latitude:       -3.6300
longitude:     150.9300
depth:         435.4000
Mrr:       4.021000e+24
Mtt:      -5.272000e+24
Mpp:       1.251000e+24
Mrt:       5.629000e+24
Mrp:      -2.730000e+24
Mtp:      -3.942000e+24
