 PDE 1995  9 18 20 22 14.00 -20.5500 -178.6800 617.0 5.0 0.0 FIJI ISLANDS REGION
event name:     B091895C
time shift:      3.4000
half duration:   1.4000
latitude:      -20.5600
longitude:    -178.5300
depth:         625.3000
Mrr:      -1.589000e+24
Mtt:       1.487000e+24
Mpp:       1.020000e+23
Mrt:      -1.426000e+24
Mrp:      -1.381000e+24
Mtp:       9.600000e+22
