 PDE 2003  9 12 15 40 46.20 -36.1600   53.5200  10.0 5.3 5.2 SOUTHWEST INDIAN RIDGE
event name:     B091203D
time shift:      5.7000
half duration:   2.0000
latitude:      -35.9100
longitude:      53.5900
depth:          15.0000
Mrr:      -8.000000e+23
Mtt:       9.400000e+23
Mpp:      -1.400000e+23
Mrt:       1.020000e+24
Mrp:       1.350000e+24
Mtp:       6.790000e+24
