 PDE 2001  9 11  9 13 26.10  14.9900  -91.5700 161.1 5.0 0.0 MEXICO-GUATEMALA BORDER REGION
event name:     B091101C
time shift:      3.5000
half duration:   1.6000
latitude:       15.1100
longitude:     -91.8900
depth:         158.5000
Mrr:       2.000000e+22
Mtt:      -7.770000e+23
Mpp:       7.570000e+23
Mrt:       2.052000e+24
Mrp:      -2.170000e+24
Mtp:      -3.390000e+23
