 PDE 2000  9 17  9 29 57.00  -5.3600  146.7600 228.0 5.2 0.0 EASTERN NEW GUINEA REG., P.N.G.
event name:     B091700B
time shift:      7.5000
half duration:   2.0000
latitude:       -5.2600
longitude:     146.9300
depth:         237.2000
Mrr:       1.300000e+23
Mtt:      -3.192000e+24
Mpp:       3.063000e+24
Mrt:       4.149000e+24
Mrp:      -2.956000e+24
Mtp:      -1.973000e+24
