 PDE 1995  9 19 22 52 23.10 -39.6500  174.1500 219.0 5.9 0.0 NORTH ISLAND, NEW ZEALAND
event name:     B091995F
time shift:      3.5000
half duration:   1.9000
latitude:      -39.4600
longitude:     174.2200
depth:         216.0000
Mrr:       1.920000e+24
Mtt:       2.450000e+23
Mpp:      -2.165000e+24
Mrt:       4.221000e+24
Mrp:      -2.893000e+24
Mtp:       1.181000e+24
