 PDE 2001  9 26 21 31 12.20 -26.5600  178.1600 631.1 5.4 0.0 SOUTH OF FIJI ISLANDS
event name:     B092601C
time shift:      3.9000
half duration:   2.1000
latitude:      -26.4800
longitude:     178.3400
depth:         623.1000
Mrr:      -4.864000e+24
Mtt:      -3.819000e+24
Mpp:       8.683000e+24
Mrt:       9.500000e+22
Mrp:       6.500000e+22
Mtp:       2.152000e+24
