 PDE 1995  9 23  2 34 16.50  -6.0200  146.6100  60.0 5.8 0.0 EASTERN NEW GUINEA REG., P.N.G.
event name:     B092395B
time shift:      5.0000
half duration:   2.4000
latitude:       -6.0500
longitude:     146.8700
depth:          39.8000
Mrr:       9.008000e+24
Mtt:      -8.104000e+24
Mpp:      -9.050000e+23
Mrt:      -2.662000e+24
Mrp:      -2.541000e+24
Mtp:       5.791000e+24
