 PDE 1996  9 21  2 53 18.60 -19.0000  -67.5300 224.0 5.0 0.0 CENTRAL BOLIVIA
event name:     B092196F
time shift:      3.9000
half duration:   1.5000
latitude:      -18.7600
longitude:     -67.2200
depth:         215.5000
Mrr:      -2.630000e+23
Mtt:      -1.351000e+24
Mpp:       1.614000e+24
Mrt:       2.580000e+23
Mrp:      -2.121000e+24
Mtp:       3.141000e+24
