 PDE 2000  9 25  4  0 39.70 -46.8100   37.5900  10.0 5.6 5.6 PRINCE EDWARD ISLANDS REGION
event name:     B092500A
time shift:      5.3000
half duration:   2.2000
latitude:      -46.5900
longitude:      37.5600
depth:          15.0000
Mrr:       8.330000e+23
Mtt:      -1.211000e+24
Mpp:       3.780000e+23
Mrt:      -8.350000e+23
Mrp:      -1.060000e+23
Mtp:      -7.327000e+24
