 PDE 2000  9 22 13 21 31.50 -29.8500 -178.3800 156.5 5.2 0.0 KERMADEC ISLANDS, NEW ZEALAND
event name:     B092200C
time shift:      4.4000
half duration:   1.4000
latitude:      -29.5300
longitude:    -178.4700
depth:         156.0000
Mrr:      -5.810000e+23
Mtt:       1.100000e+24
Mpp:      -5.190000e+23
Mrt:       2.280000e+23
Mrp:       9.060000e+23
Mtp:      -1.621000e+24
