 PDE 2003  9 22 22 59  2.50  -4.9900  153.8100  94.1 5.2 0.0 NEW IRELAND REGION, P.N.G.
event name:     B092203I
time shift:      5.4000
half duration:   1.9000
latitude:       -5.0700
longitude:     153.8500
depth:         101.5000
Mrr:       4.450000e+24
Mtt:      -2.210000e+24
Mpp:      -2.240000e+24
Mrt:      -2.490000e+24
Mrp:       3.480000e+24
Mtp:       2.110000e+24
