 PDE 1994  9 28 17 33 58.60  -5.7200  110.3800 634.0 5.4 0.0 JAVA SEA
event name:     B092894C
time shift:      6.4000
half duration:   2.2000
latitude:       -5.7600
longitude:     110.4800
depth:         653.2000
Mrr:      -9.216000e+24
Mtt:       4.710000e+24
Mpp:       4.506000e+24
Mrt:       5.648000e+24
Mrp:      -5.493000e+24
Mtp:      -2.583000e+24
