 PDE 1998  9 27 11  7 16.10 -20.2700 -175.8800 207.3 5.2 0.0 TONGA ISLANDS
event name:     B092798E
time shift:      5.9000
half duration:   1.6000
latitude:      -20.3800
longitude:    -175.5400
depth:         231.9000
Mrr:       1.901000e+24
Mtt:      -5.050000e+23
Mpp:      -1.396000e+24
Mrt:       2.760000e+23
Mrp:       2.784000e+24
Mtp:      -9.770000e+23
