 PDE 1994  9 28 16 39 52.20  -5.7700  110.3300 643.0 5.7 0.0 JAVA SEA
event name:     B092894B
time shift:      5.2000
half duration:   4.7000
latitude:       -5.7500
longitude:     110.2800
depth:         652.7000
Mrr:      -8.328000e+25
Mtt:       5.991000e+25
Mpp:       2.337000e+25
Mrt:      -5.500000e+24
Mrp:      -2.571000e+25
Mtp:      -4.384000e+25
