 PDE 1995  9 26 18 24 12.90 -13.0700  166.9700 187.0 5.5 0.0 VANUATU ISLANDS
event name:     B092695E
time shift:      4.6000
half duration:   1.9000
latitude:      -13.1200
longitude:     166.8600
depth:         186.1000
Mrr:       4.378000e+24
Mtt:       2.080000e+23
Mpp:      -4.587000e+24
Mrt:      -2.469000e+24
Mrp:       3.310000e+23
Mtp:       1.480000e+24
