 PDE 1995  9 30 10 47 56.70  50.8200  157.3800  33.0 5.7 5.5 KURIL ISLANDS
event name:     B093095B
time shift:      6.8000
half duration:   2.5000
latitude:       50.6700
longitude:     157.7500
depth:          50.0000
Mrr:       1.117000e+25
Mtt:      -3.670000e+24
Mpp:      -7.500000e+24
Mrt:       4.250000e+24
Mrp:       2.950000e+24
Mtp:      -6.770000e+24
