 PDE 1994  9 30 19 30 16.90 -21.0600 -179.2500 613.0 5.2 0.0 FIJI ISLANDS REGION
event name:     B093094E
time shift:      5.2000
half duration:   1.9000
latitude:      -21.0400
longitude:    -179.1500
depth:         644.1000
Mrr:      -3.067000e+24
Mtt:      -6.710000e+23
Mpp:       3.738000e+24
Mrt:      -2.383000e+24
Mrp:      -3.543000e+24
Mtp:      -8.440000e+23
