 PDE 1995 10  2 23 48 23.40 -15.0500 -175.1000  33.0 5.5 5.9 SAMOA ISLANDS REGION
event name:     B100295B
time shift:      4.6000
half duration:   2.3000
latitude:      -14.5600
longitude:    -174.8600
depth:          15.0000
Mrr:      -1.900000e+22
Mtt:       4.414000e+24
Mpp:      -4.395000e+24
Mrt:      -2.420000e+23
Mrp:      -5.380000e+23
Mtp:       9.663000e+24
