 PDE 2003 10  8 13 32  9.50  42.2300  144.7200  33.0 5.4 5.5 HOKKAIDO, JAPAN REGION
event name:     B100803B
time shift:      3.8000
half duration:   1.9000
latitude:       42.1200
longitude:     144.8700
depth:          26.0000
Mrr:       2.880000e+24
Mtt:      -1.810000e+24
Mpp:      -1.070000e+24
Mrt:       2.550000e+24
Mrp:       5.070000e+24
Mtp:      -2.680000e+24
