 PDE 2002 10  7 19  0 32.00 -18.7100  169.2900 245.5 5.4 0.0 VANUATU ISLANDS
event name:     B100702D
time shift:      4.6000
half duration:   1.5000
latitude:      -18.7300
longitude:     169.3000
depth:         253.6000
Mrr:       2.013000e+24
Mtt:      -5.910000e+23
Mpp:      -1.422000e+24
Mrt:       1.000000e+24
Mrp:      -1.523000e+24
Mtp:      -1.213000e+24
