 PDE 1997 10  5 19  0  2.40   5.6800  125.4500 223.9 5.6 0.0 MINDANAO, PHILIPPINES
event name:     B100597G
time shift:      6.7000
half duration:   1.9000
latitude:        5.5800
longitude:     126.0500
depth:         204.7000
Mrr:       4.941000e+24
Mtt:      -1.553000e+24
Mpp:      -3.389000e+24
Mrt:      -2.259000e+24
Mrp:       3.513000e+24
Mtp:       1.919000e+24
