 PDE 2002 10  8  1 23 58.80 -42.0400   88.3800  10.0 5.3 5.7 SOUTHEAST INDIAN RIDGE
event name:     B100802A
time shift:      7.6000
half duration:   2.1000
latitude:      -41.8000
longitude:      88.1900
depth:          15.0000
Mrr:      -4.550000e+23
Mtt:       7.143000e+24
Mpp:      -6.688000e+24
Mrt:      -1.127000e+24
Mrp:       1.573000e+24
Mtp:       1.460000e+24
