 PDE 2001 10  3 17 25 12.50  47.0800  148.6300 284.5 5.6 0.0 NORTHWEST OF KURIL ISLANDS
event name:     B100301E
time shift:      4.2000
half duration:   2.3000
latitude:       46.9500
longitude:     148.6200
depth:         288.1000
Mrr:      -2.686000e+24
Mtt:      -3.140000e+23
Mpp:       3.000000e+24
Mrt:      -1.840000e+24
Mrp:      -7.622000e+24
Mtp:      -2.980000e+23
