 PDE 1997 10  8 10 47 49.90 -29.2500  178.3500 617.3 5.5 0.0 KERMADEC ISLANDS REGION
event name:     B100897B
time shift:      4.2000
half duration:   1.7000
latitude:      -29.0100
longitude:     178.4100
depth:         612.7000
Mrr:      -1.247000e+24
Mtt:      -5.940000e+23
Mpp:       1.840000e+24
Mrt:      -5.820000e+23
Mrp:      -2.571000e+24
Mtp:      -1.681000e+24
