 PDE 1999 10  8 22 13 16.60 -21.8900 -176.7200 183.8 5.4 0.0 FIJI ISLANDS REGION
event name:     B100899E
time shift:      2.8000
half duration:   1.5000
latitude:      -21.7700
longitude:    -176.3500
depth:         184.0000
Mrr:       5.770000e+23
Mtt:       3.060000e+23
Mpp:      -8.830000e+23
Mrt:      -5.350000e+23
Mrp:      -2.316000e+24
Mtp:       5.540000e+23
