 PDE 2003 10  4 14 49  2.70  -7.0500  125.4100 532.7 5.5 0.0 BANDA SEA
event name:     B100403C
time shift:      5.5000
half duration:   2.1000
latitude:       -6.9600
longitude:     125.4300
depth:         533.1000
Mrr:      -3.770000e+24
Mtt:       1.050000e+24
Mpp:       2.710000e+24
Mrt:      -5.750000e+24
Mrp:       1.000000e+23
Mtp:       3.280000e+24
