 PDE 2003 10  6 18 29 38.30 -10.7500  164.4200  33.0 5.5 5.4 SANTA CRUZ ISLANDS REGION
event name:     B100603G
time shift:      4.0000
half duration:   1.9000
latitude:      -10.5700
longitude:     164.6000
depth:          16.0000
Mrr:      -3.270000e+24
Mtt:       2.820000e+24
Mpp:       4.530000e+23
Mrt:      -4.200000e+24
Mrp:      -3.120000e+24
Mtp:       2.210000e+23
