 PDE 1995 10  3 12 45  0.10  -2.8200  -77.9000  33.0 6.0 6.1 PERU-ECUADOR BORDER REGION
event name:     B100395I
time shift:      4.0000
half duration:   3.7000
latitude:       -2.8800
longitude:     -77.7700
depth:          15.0000
Mrr:       2.478000e+25
Mtt:       2.058000e+25
Mpp:      -4.536000e+25
Mrt:       1.660000e+24
Mrp:       2.931000e+25
Mtp:      -3.049000e+25
