 PDE 1995 10  1 17  6  3.00  29.3100  138.9500 427.0 5.5 0.0 SOUTHEAST OF HONSHU, JAPAN
event name:     B100195C
time shift:      5.7000
half duration:   2.7000
latitude:       29.3000
longitude:     139.0200
depth:         448.0000
Mrr:       8.000000e+23
Mtt:       2.630000e+24
Mpp:      -3.430000e+24
Mrt:       3.330000e+24
Mrp:      -1.549000e+25
Mtp:      -4.640000e+24
