 PDE 1996 10  8  7 52 58.00  52.8700  152.5300 627.0 5.2 0.0 NORTHWEST OF KURIL ISLANDS
event name:     B100896C
time shift:      4.3000
half duration:   1.6000
latitude:       52.9100
longitude:     152.5800
depth:         635.2000
Mrr:      -1.923000e+24
Mtt:      -1.760000e+23
Mpp:       2.099000e+24
Mrt:      -8.740000e+23
Mrp:      -2.020000e+24
Mtp:       3.390000e+23
