 PDE 1995 10  3  1 51 24.10  -2.7700  -77.8800  27.0 6.5 7.0 PERU-ECUADOR BORDER REGION
event name:     B100395B
time shift:     12.6000
half duration:   7.4000
latitude:       -2.5500
longitude:     -77.5300
depth:          25.0000
Mrr:       3.057000e+26
Mtt:      -6.710000e+25
Mpp:      -2.386000e+26
Mrt:       0.000000e+00
Mrp:       1.512000e+26
Mtp:      -2.378000e+26
