 PDE 2001 10 10 16 18 49.40 -23.8500 -179.8900 520.8 5.0 0.0 SOUTH OF FIJI ISLANDS
event name:     B101001F
time shift:      3.1000
half duration:   1.1000
latitude:      -23.6500
longitude:    -179.3100
depth:         538.1000
Mrr:      -8.460000e+23
Mtt:      -9.800000e+23
Mpp:       1.826000e+24
Mrt:      -1.340000e+24
Mrp:       4.160000e+23
Mtp:      -4.450000e+23
