 PDE 1995 10 14 20 45  0.00  -6.4200  154.5100  33.0 5.2 5.9 SOLOMON ISLANDS
event name:     B101495C
time shift:      6.3000
half duration:   2.6000
latitude:       -6.6700
longitude:     154.6500
depth:          30.0000
Mrr:       1.212000e+25
Mtt:      -5.520000e+24
Mpp:      -6.600000e+24
Mrt:       9.530000e+24
Mrp:      -5.270000e+24
Mtp:       5.430000e+24
