 PDE 2000 10 11  4 13 35.50 -20.6500 -177.9900 488.6 4.9 0.0 FIJI ISLANDS REGION
event name:     B101100A
time shift:      4.9000
half duration:   2.2000
latitude:      -20.7700
longitude:    -177.7300
depth:         495.6000
Mrr:      -3.948000e+24
Mtt:       7.070000e+23
Mpp:       3.241000e+24
Mrt:      -1.518000e+24
Mrp:      -4.859000e+24
Mtp:       1.142000e+24
