 PDE 2003 10 13  9 52 26.20 -15.9400 -178.4300  10.0 5.5 5.8 FIJI ISLANDS REGION
event name:     B101303E
time shift:      5.1000
half duration:   2.2000
latitude:      -15.8600
longitude:    -178.1300
depth:          15.0000
Mrr:       2.100000e+23
Mtt:       2.940000e+24
Mpp:      -3.150000e+24
Mrt:       8.400000e+23
Mrp:      -3.120000e+24
Mtp:       8.720000e+24
