 PDE 2003 10 11 19 46  7.80 -17.9000 -178.5700 597.4 5.2 0.0 FIJI ISLANDS REGION
event name:     B101103H
time shift:      3.9000
half duration:   1.7000
latitude:      -17.9700
longitude:    -178.2800
depth:         607.0000
Mrr:       3.670000e+24
Mtt:      -6.800000e+22
Mpp:      -3.610000e+24
Mrt:       1.230000e+24
Mrp:       1.300000e+22
Mtp:       6.970000e+23
