 PDE 1995 10 19  0 32  6.40  28.1500  130.2100  33.0 5.9 6.3 RYUKYU ISLANDS, JAPAN
event name:     B101995A
time shift:      4.2000
half duration:   3.4000
latitude:       28.2400
longitude:     130.1700
depth:          23.0000
Mrr:      -1.412000e+25
Mtt:       2.150000e+24
Mpp:       1.197000e+25
Mrt:       1.520000e+25
Mrp:       2.662000e+25
Mtp:       1.240000e+24
