 PDE 1995 10 13 15 22 23.70 -58.8300  158.3200  10.0 5.6 5.9 MACQUARIE ISLAND REGION
event name:     B101395A
time shift:      9.0000
half duration:   2.7000
latitude:      -58.6500
longitude:     158.2200
depth:          15.0000
Mrr:       1.234000e+25
Mtt:      -4.930000e+24
Mpp:      -7.420000e+24
Mrt:       7.700000e+24
Mrp:      -5.580000e+24
Mtp:       8.690000e+24
