 PDE 2000 10 15 18  7 30.50  -6.8600  129.3000 186.4 4.9 0.0 BANDA SEA
event name:     B101500A
time shift:      4.1000
half duration:   1.7000
latitude:       -6.5100
longitude:     129.6800
depth:         175.4000
Mrr:       3.000000e+21
Mtt:      -1.932000e+24
Mpp:       1.929000e+24
Mrt:      -1.920000e+23
Mrp:       1.695000e+24
Mtp:       1.070000e+24
