 PDE 2002 10 16 14 13 12.70 -15.6800 -173.0500  33.0 5.7 5.7 SAMOA ISLANDS REGION
event name:     B101602E
time shift:      8.6000
half duration:   2.2000
latitude:      -15.4400
longitude:    -172.6700
depth:          51.1000
Mrr:      -1.366000e+24
Mtt:       2.525000e+24
Mpp:      -1.158000e+24
Mrt:      -2.373000e+24
Mrp:       6.483000e+24
Mtp:      -2.993000e+24
