 PDE 1995 10 18  9 30 38.60  36.4400   70.4300 226.0 5.4 0.0 HINDU KUSH REGION, AFGHANISTAN
event name:     B101895A
time shift:      4.3000
half duration:   3.2000
latitude:       36.1800
longitude:      70.4500
depth:         238.4000
Mrr:       1.624000e+25
Mtt:      -1.804000e+25
Mpp:       1.800000e+24
Mrt:      -1.388000e+25
Mrp:      -2.560000e+24
Mtp:      -2.240000e+24
