 PDE 1995 10 15 15  4 13.10  -6.5400  154.5300  52.0 5.3 5.9 SOLOMON ISLANDS
event name:     B101595B
time shift:      3.1000
half duration:   2.8000
latitude:       -6.7300
longitude:     154.7000
depth:          18.0000
Mrr:       1.060000e+25
Mtt:      -5.310000e+24
Mpp:      -5.290000e+24
Mrt:       9.130000e+24
Mrp:      -6.050000e+24
Mtp:       4.990000e+24
