 PDE 1998 10 19  1 25  1.00 -17.2700  167.7600  33.0 5.3 5.6 VANUATU ISLANDS
event name:     B101998A
time shift:      4.8000
half duration:   2.2000
latitude:      -17.2000
longitude:     167.5700
depth:          17.0000
Mrr:       6.194000e+24
Mtt:       4.490000e+23
Mpp:      -6.643000e+24
Mrt:       2.981000e+24
Mrp:      -3.606000e+24
Mtp:       4.850000e+23
