 PDE 1998 10 11 12  4 54.70 -21.0400 -179.1100 623.9 5.4 0.0 FIJI ISLANDS REGION
event name:     B101198C
time shift:      4.7000
half duration:   1.0000
latitude:      -20.9100
longitude:    -178.9900
depth:         638.1000
Mrr:      -5.591000e+24
Mtt:       3.315000e+24
Mpp:       2.276000e+24
Mrt:      -5.448000e+24
Mrp:      -3.297000e+24
Mtp:       1.277000e+24
