 PDE 1995 10 12 23 41 45.30 -35.4100 -106.2200  10.0 5.5 5.3 SOUTHERN EAST PACIFIC RISE
event name:     B101295E
time shift:      7.7000
half duration:   2.2000
latitude:      -35.3700
longitude:    -105.9300
depth:          15.0000
Mrr:      -1.117000e+24
Mtt:      -7.970000e+23
Mpp:       1.914000e+24
Mrt:      -4.970000e+23
Mrp:      -6.640000e+23
Mtp:      -9.064000e+24
