 PDE 1996 10 18 16 44 47.90  33.6900  137.4000 338.0 5.4 0.0 NEAR S. COAST OF HONSHU, JAPAN
event name:     B101896J
time shift:      2.4000
half duration:   1.5000
latitude:       33.6300
longitude:     137.3300
depth:         339.9000
Mrr:       1.012000e+24
Mtt:       3.940000e+23
Mpp:      -1.406000e+24
Mrt:      -2.680000e+23
Mrp:      -2.292000e+24
Mtp:      -2.610000e+23
