 PDE 2003 10 15  2 19 43.90 -17.8200 -178.7000 582.6 5.8 0.0 FIJI ISLANDS REGION
event name:     B101503A
time shift:      3.3000
half duration:   2.3000
latitude:      -17.8400
longitude:    -178.5900
depth:         594.9000
Mrr:      -2.800000e+24
Mtt:       6.230000e+24
Mpp:      -3.430000e+24
Mrt:       5.260000e+24
Mrp:      -6.310000e+24
Mtp:      -1.340000e+24
