 PDE 2003 10 20 16 50 18.40 -58.0900  -26.2500 156.8 5.4 0.0 SOUTH SANDWICH ISLANDS REGION
event name:     B102003B
time shift:      0.0000
half duration:   1.4000
latitude:      -58.2100
longitude:     -25.9700
depth:         117.7000
Mrr:      -1.150000e+24
Mtt:       2.180000e+24
Mpp:      -1.030000e+24
Mrt:      -3.900000e+22
Mrp:       1.240000e+24
Mtp:       1.210000e+24
