 PDE 1995 10 25 13 47 13.10  -7.0500  123.6500 618.3 4.7 0.0 BANDA SEA
event name:     B102595B
time shift:      4.6000
half duration:   1.5000
latitude:       -6.8800
longitude:     123.7900
depth:         643.4000
Mrr:      -1.904000e+24
Mtt:       2.377000e+24
Mpp:      -4.720000e+23
Mrt:      -1.008000e+24
Mrp:       1.542000e+24
Mtp:      -3.510000e+23
