 PDE 1994 10 20  1 15 16.30 -39.1900  -70.8000 164.0 5.7 0.0 SOUTHERN ARGENTINA
event name:     B102094A
time shift:      4.2000
half duration:   2.3000
latitude:      -39.1900
longitude:     -70.8000
depth:         170.2000
Mrr:       1.434000e+24
Mtt:       1.437000e+24
Mpp:      -2.870000e+24
Mrt:      -2.767000e+24
Mrp:       8.700000e+24
Mtp:      -1.384000e+24
