 PDE 2001 10 22  6 46 48.10 -20.9100 -179.1200 622.5 5.5 0.0 FIJI ISLANDS REGION
event name:     B102201B
time shift:      5.3000
half duration:   1.6000
latitude:      -20.9400
longitude:    -179.0400
depth:         639.3000
Mrr:      -1.060000e+24
Mtt:       1.280000e+23
Mpp:       9.320000e+23
Mrt:      -1.693000e+24
Mrp:      -1.619000e+24
Mtp:       5.270000e+23
