 PDE 1996 10 21 19 33  1.30 -19.2300 -177.3500 500.0 5.1 0.0 FIJI ISLANDS REGION
event name:     B102196B
time shift:     12.5000
half duration:   1.4000
latitude:      -19.0800
longitude:    -177.4000
depth:         591.4000
Mrr:      -2.314000e+24
Mtt:       1.701000e+24
Mpp:       6.130000e+23
Mrt:       1.522000e+24
Mrp:      -1.457000e+24
Mtp:       8.170000e+23
