 PDE 1994 10 27 22 20 31.00 -25.7900  179.3500 549.0 5.9 0.0 SOUTH OF FIJI ISLANDS
event name:     B102794C
time shift:      6.2000
half duration:   5.2000
latitude:      -25.7500
longitude:     179.3900
depth:         540.6000
Mrr:       3.101000e+25
Mtt:      -3.704000e+25
Mpp:       6.030000e+24
Mrt:      -3.202000e+25
Mrp:      -9.801000e+25
Mtp:      -3.254000e+25
