 PDE 1997 10 23  1 16  1.80  -8.6700  117.0200 160.0 5.5 0.0 SUMBAWA REGION, INDONESIA
event name:     B102397A
time shift:      2.5000
half duration:   1.6000
latitude:       -8.7700
longitude:     116.9500
depth:         154.3000
Mrr:      -8.170000e+23
Mtt:       9.980000e+23
Mpp:      -1.810000e+23
Mrt:       3.487000e+24
Mrp:      -2.220000e+23
Mtp:       6.340000e+23
