 PDE 2001 10 28 20 24  5.60 -21.8000 -176.7200 189.7 5.5 0.0 FIJI ISLANDS REGION
event name:     B102801C
time shift:      3.5000
half duration:   1.7000
latitude:      -21.7200
longitude:    -176.4300
depth:         186.0000
Mrr:       2.780000e+23
Mtt:      -4.840000e+23
Mpp:       2.060000e+23
Mrt:       3.300000e+22
Mrp:      -3.453000e+24
Mtp:       7.850000e+23
