 PDE 2003 10 24  1 26 57.90  -3.4700  145.4000  33.0 5.4 5.8 NEAR N COAST OF NEW GUINEA, PNG.
event name:     B102403A
time shift:      0.8000
half duration:   2.0000
latitude:       -3.4100
longitude:     145.8600
depth:          15.0000
Mrr:       2.820000e+23
Mtt:      -2.590000e+23
Mpp:      -2.300000e+22
Mrt:       2.280000e+24
Mrp:      -1.370000e+24
Mtp:       6.340000e+24
