 PDE 1997 10 22  9 55 47.80  44.7200  146.2100 153.8 5.5 0.0 KURIL ISLANDS
event name:     B102297B
time shift:      4.7000
half duration:   1.5000
latitude:       44.8300
longitude:     146.4000
depth:         161.1000
Mrr:      -1.034000e+24
Mtt:       2.258000e+24
Mpp:      -1.224000e+24
Mrt:      -1.410000e+23
Mrp:      -1.494000e+24
Mtp:       9.140000e+23
