 PDE 2000 10 21 22 30 32.50  13.6800  120.7300 151.8 5.5 0.0 MINDORO, PHILIPPINES
event name:     B102100K
time shift:      4.0000
half duration:   2.4000
latitude:       13.7400
longitude:     120.8100
depth:         152.5000
Mrr:       6.150000e+24
Mtt:      -2.260000e+24
Mpp:      -3.890000e+24
Mrt:       5.630000e+23
Mrp:      -3.751000e+24
Mtp:       2.052000e+24
