 PDE 2001 10 26 18 59 56.90 -14.7700  -70.5000 212.4 5.4 0.0 CENTRAL PERU
event name:     B102601F
time shift:      4.8000
half duration:   2.0000
latitude:      -14.6800
longitude:     -70.5900
depth:         221.7000
Mrr:      -3.509000e+24
Mtt:       6.983000e+24
Mpp:      -3.474000e+24
Mrt:       5.780000e+23
Mrp:      -2.409000e+24
Mtp:      -7.910000e+23
