 PDE 1995 10 29 19 40 57.30 -21.7000 -179.4800 611.0 5.7 0.0 FIJI ISLANDS REGION
event name:     B102995I
time shift:      6.7000
half duration:   2.7000
latitude:      -21.7200
longitude:    -179.2600
depth:         633.9000
Mrr:       3.010000e+24
Mtt:      -5.490000e+24
Mpp:       2.480000e+24
Mrt:      -1.307000e+25
Mrp:      -9.180000e+24
Mtp:      -3.000000e+22
