 PDE 2003 10 23  7 58 24.50 -23.7000  179.8000 503.8 5.2 0.0 SOUTH OF FIJI ISLANDS
event name:     B102303D
time shift:      6.5000
half duration:   1.8000
latitude:      -23.8400
longitude:     179.9800
depth:         551.3000
Mrr:       2.240000e+24
Mtt:      -2.480000e+24
Mpp:       2.390000e+23
Mrt:      -1.460000e+24
Mrp:      -2.960000e+24
Mtp:      -2.560000e+24
