 PDE 1999 10 20  8 28 52.50  -6.9400  129.3400 189.0 5.8 4.8 BANDA SEA
event name:     B102099B
time shift:      4.7000
half duration:   1.8000
latitude:       -6.8600
longitude:     129.6000
depth:         196.6000
Mrr:       3.183000e+24
Mtt:      -3.426000e+24
Mpp:       2.440000e+23
Mrt:       1.444000e+24
Mrp:       2.654000e+24
Mtp:      -2.720000e+23
