 PDE 1994 10 25  0 54 34.60  36.3000   70.9100 244.0 5.9 0.0 AFGHANISTAN-TAJIKISTAN BORD REG.
event name:     B102594B
time shift:      4.8000
half duration:   2.2000
latitude:       36.2500
longitude:      71.0000
depth:         258.3000
Mrr:       7.961000e+24
Mtt:      -6.491000e+24
Mpp:      -1.469000e+24
Mrt:       1.234000e+24
Mrp:       2.538000e+24
Mtp:      -8.500000e+23
