 PDE 2002 10 23 19 15 13.10 -30.9700 -179.8200 360.7 5.0 0.0 KERMADEC ISLANDS REGION
event name:     B102302F
time shift:      5.5000
half duration:   1.9000
latitude:      -30.6900
longitude:    -179.5600
depth:         363.8000
Mrr:      -2.818000e+24
Mtt:       6.570000e+23
Mpp:       2.161000e+24
Mrt:      -4.890000e+24
Mrp:      -1.503000e+24
Mtp:       1.157000e+24
