 PDE 1999 10 25  0  1 20.50 -19.4400 -173.8800  33.0 5.5 5.6 TONGA ISLANDS
event name:     B102599A
time shift:      4.6000
half duration:   2.1000
latitude:      -19.5900
longitude:    -173.2500
depth:          17.8000
Mrr:       5.812000e+24
Mtt:       6.330000e+23
Mpp:      -6.445000e+24
Mrt:       1.661000e+24
Mrp:       4.325000e+24
Mtp:      -1.370000e+24
