 PDE 1995 10 23  3 58 11.60 -14.2100  167.2200 210.7 5.1 0.0 VANUATU ISLANDS
event name:     B102395B
time shift:      1.2000
half duration:   2.2000
latitude:      -14.2400
longitude:     167.1800
depth:         198.6000
Mrr:       6.987000e+24
Mtt:       6.000000e+21
Mpp:      -6.994000e+24
Mrt:      -2.139000e+24
Mrp:       1.265000e+24
Mtp:       1.867000e+24
