 PDE 2003 10 28  8 14 25.00 -14.2900  -70.5800 196.8 5.4 0.0 CENTRAL PERU
event name:     B102803C
time shift:      5.4000
half duration:   1.5000
latitude:      -14.2500
longitude:     -70.6600
depth:         203.1000
Mrr:      -1.820000e+24
Mtt:       2.400000e+24
Mpp:      -5.750000e+23
Mrt:       1.690000e+23
Mrp:      -8.270000e+23
Mtp:      -1.150000e+24
