 PDE 1995 10 30 20 25 28.80  51.6900 -173.4400  33.0 5.4 5.3 ANDREANOF ISLANDS, ALEUTIAN IS.
event name:     B103095E
time shift:      2.1000
half duration:   2.0000
latitude:       51.7300
longitude:    -173.4800
depth:          15.0000
Mrr:       3.608000e+24
Mtt:      -3.376000e+24
Mpp:      -2.320000e+23
Mrt:       4.479000e+24
Mrp:       2.677000e+24
Mtp:      -1.589000e+24
