 PDE 1994 10 30  8 11 29.60  -6.1600  129.4100 263.0 5.6 0.0 BANDA SEA
event name:     B103094B
time shift:      2.8000
half duration:   2.3000
latitude:       -6.2400
longitude:     129.4600
depth:         253.8000
Mrr:      -1.982000e+24
Mtt:       6.888000e+24
Mpp:      -4.907000e+24
Mrt:       5.052000e+24
Mrp:       3.035000e+24
Mtp:      -3.701000e+24
