 PDE 2003 10 30  6  0 45.10 -60.7100  -25.1500  10.0 5.6 5.5 SOUTH SANDWICH ISLANDS REGION
event name:     B103003B
time shift:      6.7000
half duration:   2.0000
latitude:      -61.1300
longitude:     -24.4300
depth:          15.0000
Mrr:      -5.160000e+24
Mtt:       6.630000e+24
Mpp:      -1.470000e+24
Mrt:       1.680000e+24
Mrp:       1.190000e+24
Mtp:       3.910000e+24
