 PDE 2003 11  6  8 14 57.90   2.0000  127.0300  10.0 5.3 5.2 NORTHERN MOLUCCA SEA
event name:     B110603B
time shift:     10.7000
half duration:   1.9000
latitude:        2.4700
longitude:     127.0300
depth:          15.0000
Mrr:       2.190000e+24
Mtt:      -2.410000e+23
Mpp:      -1.950000e+24
Mrt:      -5.500000e+24
Mrp:       2.600000e+24
Mtp:      -3.580000e+23
