 PDE 2003 11  9 19 23 28.60   1.5600  127.3600 133.9 5.8 0.0 HALMAHERA, INDONESIA
event name:     B110903E
time shift:      3.0000
half duration:   1.9000
latitude:        1.8200
longitude:     127.5200
depth:         137.8000
Mrr:      -1.040000e+24
Mtt:       3.110000e+24
Mpp:      -2.060000e+24
Mrt:      -4.110000e+23
Mrp:      -4.560000e+24
Mtp:       3.110000e+24
