 PDE 1995 11  8 16  1 20.80   1.3100  121.7200  33.0 5.4 5.6 MINAHASSA PENINSULA, SULAWESI
event name:     B110895B
time shift:      6.0000
half duration:   2.4000
latitude:        1.3200
longitude:     121.7200
depth:          17.8000
Mrr:      -9.400000e+24
Mtt:      -9.200000e+23
Mpp:       1.032000e+25
Mrt:      -6.700000e+23
Mrp:      -2.790000e+24
Mtp:       1.420000e+24
