 PDE 1994 11  5 12  5 28.90  -9.3000  -71.3200 597.0 5.6 0.0 PERU-BRAZIL BORDER REGION
event name:     B110594C
time shift:      3.7000
half duration:   1.5000
latitude:       -9.4300
longitude:     -71.1400
depth:         605.6000
Mrr:      -3.081000e+24
Mtt:      -1.870000e+23
Mpp:       3.268000e+24
Mrt:      -4.650000e+23
Mrp:       6.530000e+23
Mtp:      -3.840000e+23
