 PDE 1994 11  3  3  7 22.50 -10.9200  166.2200 165.0 5.3 0.0 SANTA CRUZ ISLANDS
event name:     B110394A
time shift:      4.8000
half duration:   1.9000
latitude:      -10.9100
longitude:     166.2700
depth:         164.7000
Mrr:       4.298000e+24
Mtt:      -1.111000e+24
Mpp:      -3.187000e+24
Mrt:      -1.654000e+24
Mrp:      -1.951000e+24
Mtp:       1.929000e+24
