 PDE 1997 11  4 10 40 43.10 -21.0300 -179.2000 621.3 5.1 0.0 FIJI ISLANDS REGION
event name:     B110497C
time shift:      4.2000
half duration:   1.5000
latitude:      -20.9000
longitude:    -179.2700
depth:         619.8000
Mrr:       2.470000e+23
Mtt:       1.269000e+24
Mpp:      -1.515000e+24
Mrt:       7.980000e+23
Mrp:      -1.569000e+24
Mtp:      -1.440000e+24
