 PDE 2003 11  5  0 58 51.10   4.9700  -77.7700  33.0 5.7 5.4 NEAR WEST COAST OF COLOMBIA
event name:     B110503B
time shift:      4.1000
half duration:   2.2000
latitude:        5.1400
longitude:     -77.8100
depth:          27.6000
Mrr:      -6.420000e+24
Mtt:       2.400000e+24
Mpp:       4.020000e+24
Mrt:       5.890000e+24
Mrp:      -3.800000e+23
Mtp:       4.620000e+24
