 PDE 1997 11  3  5 37 48.70 -20.4000 -178.7400 600.0 5.1 0.0 FIJI ISLANDS REGION
event name:     B110397B
time shift:      6.7000
half duration:   1.5000
latitude:      -20.3500
longitude:    -178.8000
depth:         619.9000
Mrr:      -1.214000e+24
Mtt:       2.750000e+23
Mpp:       9.390000e+23
Mrt:      -2.127000e+24
Mrp:      -1.482000e+24
Mtp:       9.180000e+23
