 PDE 1994 11  4  1 13 20.80  -9.3300  -71.3100 598.0 5.8 0.0 PERU-BRAZIL BORDER REGION
event name:     B110494A
time shift:      4.7000
half duration:   2.5000
latitude:       -9.4000
longitude:     -71.0700
depth:         619.2000
Mrr:      -1.485000e+25
Mtt:       1.170000e+24
Mpp:       1.368000e+25
Mrt:      -1.090000e+24
Mrp:       4.040000e+24
Mtp:      -2.170000e+24
