 PDE 1997 11  3 21 37 15.20 -19.9600 -175.3600 151.9 5.2 0.0 TONGA ISLANDS
event name:     B110397J
time shift:      4.6000
half duration:   2.1000
latitude:      -19.9200
longitude:    -174.7100
depth:         162.8000
Mrr:      -8.790000e+23
Mtt:      -1.860000e+23
Mpp:       1.065000e+24
Mrt:       5.389000e+24
Mrp:       5.575000e+24
Mtp:       8.210000e+23
