 PDE 2002 11  5  8 47 26.10  49.0700  142.3000 596.5 5.2 0.0 SAKHALIN, RUSSIA
event name:     B110502C
time shift:      2.6000
half duration:   1.6000
latitude:       49.0600
longitude:     142.2800
depth:         604.0000
Mrr:       2.570000e+23
Mtt:       2.052000e+24
Mpp:      -2.308000e+24
Mrt:      -1.264000e+24
Mrp:      -1.195000e+24
Mtp:       2.220000e+23
