 PDE 1998 11  8  5  0 53.30  -7.2600  127.0800 263.2 5.3 0.0 BANDA SEA
event name:     B110898C
time shift:      4.5000
half duration:   1.7000
latitude:       -7.2800
longitude:     127.2100
depth:         281.9000
Mrr:       1.323000e+24
Mtt:       2.890000e+23
Mpp:      -1.612000e+24
Mrt:      -3.154000e+24
Mrp:       1.523000e+24
Mtp:       1.442000e+24
