 PDE 1996 11  2  0  8 50.60  -7.5600  117.3000 302.0 5.5 0.0 BALI SEA
event name:     B110296A
time shift:      5.2000
half duration:   1.8000
latitude:       -7.6000
longitude:     117.4600
depth:         305.2000
Mrr:       3.488000e+24
Mtt:      -1.008000e+24
Mpp:      -2.480000e+24
Mrt:       3.211000e+24
Mrp:       2.639000e+24
Mtp:      -1.211000e+24
