 PDE 1997 11 15 10 56 43.40 -16.1700 -176.0600 362.7 5.1 0.0 TONGA ISLANDS
event name:     B111597C
time shift:      5.2000
half duration:   1.5000
latitude:      -16.1600
longitude:    -175.9200
depth:         379.3000
Mrr:      -2.130000e+23
Mtt:       1.179000e+24
Mpp:      -9.650000e+23
Mrt:       7.870000e+23
Mrp:      -7.180000e+23
Mtp:       2.664000e+24
