 PDE 2000 11 13 23 17 28.10 -21.2600 -179.2300 628.2 5.1 0.0 FIJI ISLANDS REGION
event name:     B111300G
time shift:      4.2000
half duration:   1.7000
latitude:      -21.2300
longitude:    -178.9000
depth:         638.2000
Mrr:       2.792000e+24
Mtt:      -6.200000e+23
Mpp:      -2.173000e+24
Mrt:       2.320000e+23
Mrp:      -1.288000e+24
Mtp:      -1.433000e+24
