 PDE 2002 11 15 13  5 37.00 -55.7200  -35.7800  10.0 5.8 5.5 SOUTH GEORGIA ISLAND REGION
event name:     B111502A
time shift:      4.6000
half duration:   2.1000
latitude:      -55.7900
longitude:     -35.7600
depth:          15.0000
Mrr:       5.833000e+24
Mtt:      -6.048000e+24
Mpp:       2.150000e+23
Mrt:       3.062000e+24
Mrp:      -7.290000e+23
Mtp:       1.976000e+24
