 PDE 2004 11 13  7 33 18.20 -26.7500  -63.3600 573.1 5.3 0.0 SANTIAGO DEL ESTERO PROV., ARG.
event name:     B111304B
time shift:      3.2000
half duration:   1.9000
latitude:      -26.8300
longitude:     -63.2000
depth:         582.0000
Mrr:      -4.590000e+24
Mtt:      -6.400000e+22
Mpp:       4.650000e+24
Mrt:      -5.870000e+23
Mrp:       3.410000e+24
Mtp:       1.060000e+24
