 PDE 1995 11 13  7 38 45.90 -15.1000 -173.5000  33.0 5.7 5.9 SAMOA ISLANDS REGION
event name:     B111395F
time shift:      3.4000
half duration:   2.7000
latitude:      -14.8900
longitude:    -173.2100
depth:          15.0000
Mrr:       1.215000e+24
Mtt:       4.701000e+24
Mpp:      -5.916000e+24
Mrt:       1.218000e+24
Mrp:       9.765000e+24
Mtp:       6.640000e+24
