 PDE 1999 11 19 11 21 28.40  -6.4300  148.5300  33.0 5.2 5.9 NEW BRITAIN REGION, P.N.G.
event name:     B111999C
time shift:      7.5000
half duration:   2.3000
latitude:       -6.8600
longitude:     148.8300
depth:          20.8000
Mrr:       6.058000e+24
Mtt:      -6.745000e+24
Mpp:       6.860000e+23
Mrt:       4.750000e+24
Mrp:      -3.440000e+23
Mtp:      -1.183000e+24
