 PDE 2002 11 11 16 39  2.30 -23.3100 -179.9000 539.9 5.4 0.0 SOUTH OF FIJI ISLANDS
event name:     B111102E
time shift:      6.4000
half duration:   1.7000
latitude:      -23.2500
longitude:    -179.8200
depth:         554.6000
Mrr:      -9.100000e+22
Mtt:       1.465000e+24
Mpp:      -1.374000e+24
Mrt:       1.882000e+24
Mrp:      -3.190000e+24
Mtp:      -4.730000e+23
