 PDE 2003 11 13  2 49  2.20 -54.2100  143.8200  10.0 5.4 5.7 WEST OF MACQUARIE ISLAND
event name:     B111303B
time shift:      7.6000
half duration:   2.3000
latitude:      -54.4100
longitude:     144.0200
depth:          15.0000
Mrr:      -1.040000e+24
Mtt:       2.310000e+24
Mpp:      -1.270000e+24
Mrt:      -5.400000e+23
Mrp:      -1.060000e+24
Mtp:      -9.520000e+24
