 PDE 2004 11 18 12 27  7.40 -21.0600 -179.0600 625.4 5.2 0.0 FIJI ISLANDS REGION
event name:     B111804F
time shift:      1.9000
half duration:   1.7000
latitude:      -20.9200
longitude:    -178.9800
depth:         634.2000
Mrr:      -2.230000e+24
Mtt:       8.020000e+23
Mpp:       1.420000e+24
Mrt:      -1.830000e+24
Mrp:      -3.060000e+24
Mtp:       6.820000e+23
