 PDE 1996 11 17 19 17 41.90  11.0800  -86.0500  33.0 5.5 5.6 OFF COAST OF COSTA RICA
event name:     B111796G
time shift:      5.4000
half duration:   2.3000
latitude:       10.7800
longitude:     -86.5500
depth:          33.7000
Mrr:       6.721000e+24
Mtt:      -5.206000e+24
Mpp:      -1.515000e+24
Mrt:       5.258000e+24
Mrp:      -3.413000e+24
Mtp:       4.004000e+24
