 PDE 2002 11 14 11  5 20.50 -17.7800 -178.7800 553.5 4.9 0.0 FIJI ISLANDS REGION
event name:     B111402C
time shift:      4.6000
half duration:   1.5000
latitude:      -17.9600
longitude:    -178.5700
depth:         568.8000
Mrr:       3.730000e+23
Mtt:       1.486000e+24
Mpp:      -1.859000e+24
Mrt:       1.119000e+24
Mrp:       4.360000e+23
Mtp:       1.971000e+24
