 PDE 1994 11 20 18 34 35.60   4.2200   97.6200 167.0 5.7 0.0 NORTHERN SUMATRA, INDONESIA
event name:     B112094L
time shift:      5.2000
half duration:   2.5000
latitude:        4.3300
longitude:      97.3000
depth:         162.7000
Mrr:       3.155000e+24
Mtt:      -5.579000e+24
Mpp:       2.424000e+24
Mrt:       8.712000e+24
Mrp:      -6.296000e+24
Mtp:      -3.925000e+24
