 PDE 1997 11 29  2 42 27.30 -21.0300 -178.7600 581.2 5.2 0.0 FIJI ISLANDS REGION
event name:     B112997A
time shift:      5.2000
half duration:   1.6000
latitude:      -20.7900
longitude:    -178.9800
depth:         580.7000
Mrr:      -1.886000e+24
Mtt:       2.590000e+23
Mpp:       1.626000e+24
Mrt:      -1.707000e+24
Mrp:      -2.430000e+24
Mtp:      -1.419000e+24
