 PDE 2004 11 23 21  4 55.50 -24.2900  178.9900 532.3 5.5 0.0 SOUTH OF FIJI ISLANDS
event name:     B112304E
time shift:      5.3000
half duration:   2.1000
latitude:      -24.2600
longitude:     179.1100
depth:         569.4000
Mrr:       4.350000e+24
Mtt:      -2.730000e+24
Mpp:      -1.620000e+24
Mrt:      -1.890000e+24
Mrp:      -4.170000e+24
Mtp:      -4.350000e+24
