 PDE 1999 11 27 22 41 11.20  -4.6900  153.0200  89.4 5.8 0.0 NEW IRELAND REGION, P.N.G.
event name:     B112799F
time shift:     -0.8000
half duration:   2.3000
latitude:       -4.8700
longitude:     153.1500
depth:          52.7000
Mrr:       5.915000e+24
Mtt:      -5.897000e+24
Mpp:      -1.800000e+22
Mrt:       5.520000e+24
Mrp:       2.151000e+24
Mtp:       1.042000e+24
