 PDE 2003 11 20 12 24 32.60 -10.0200  111.0300  10.0 5.1 5.6 SOUTH OF JAVA, INDONESIA
event name:     B112003E
time shift:     11.9000
half duration:   2.2000
latitude:      -10.6900
longitude:     110.9900
depth:          15.0000
Mrr:       4.570000e+24
Mtt:      -5.210000e+24
Mpp:       6.370000e+23
Mrt:       6.040000e+24
Mrp:       2.880000e+23
Mtp:       6.910000e+23
