 PDE 2003 11 20  2  1 25.20 -24.3700 -179.7100 480.5 5.4 0.0 SOUTH OF FIJI ISLANDS
event name:     B112003A
time shift:      5.1000
half duration:   1.5000
latitude:      -24.4000
longitude:    -179.5400
depth:         490.2000
Mrr:      -1.310000e+24
Mtt:      -6.000000e+21
Mpp:       1.320000e+24
Mrt:      -4.120000e+23
Mrp:      -2.320000e+24
Mtp:      -4.820000e+23
