 PDE 1999 11 26  2 56  7.40 -30.2300 -177.6800  33.0 5.7 5.7 KERMADEC ISLANDS, NEW ZEALAND
event name:     B112699C
time shift:      4.1000
half duration:   2.3000
latitude:      -30.1300
longitude:    -177.2300
depth:          18.0000
Mrr:       5.824000e+24
Mtt:       1.183000e+24
Mpp:      -7.008000e+24
Mrt:       2.200000e+24
Mrp:       5.933000e+24
Mtp:      -2.399000e+24
