 PDE 2003 11 24 14 54 17.40  -4.2600  152.7100  33.0 5.7 5.6 NEW BRITAIN REGION, P.N.G.
event name:     B112403D
time shift:      3.8000
half duration:   1.9000
latitude:       -4.4100
longitude:     152.8700
depth:          22.0000
Mrr:       5.890000e+24
Mtt:      -2.920000e+23
Mpp:      -5.600000e+24
Mrt:       7.040000e+23
Mrp:       3.820000e+23
Mtp:       1.810000e+24
