 PDE 2003 11 25  4 43 36.90 -23.3700  -67.5500 160.3 5.4 0.0 CHILE-ARGENTINA BORDER REGION
event name:     B112503A
time shift:      7.2000
half duration:   1.6000
latitude:      -23.2500
longitude:     -67.6600
depth:         175.1000
Mrr:       1.660000e+24
Mtt:      -2.680000e+24
Mpp:       1.020000e+24
Mrt:       2.520000e+23
Mrp:      -1.860000e+24
Mtp:       7.730000e+23
