 PDE 1995 11 29 18 40 34.10 -16.7800 -176.3800 335.3 4.7 0.0 FIJI ISLANDS REGION
event name:     B112995C
time shift:      9.1000
half duration:   1.9000
latitude:      -16.6500
longitude:    -176.0200
depth:         376.8000
Mrr:       4.655000e+24
Mtt:      -4.684000e+24
Mpp:       2.900000e+22
Mrt:      -1.134000e+24
Mrp:      -1.863000e+24
Mtp:       1.379000e+24
