 PDE 1997 11 28  6 10 47.60  47.1400  145.6000 393.5 5.4 0.0 SEA OF OKHOTSK
event name:     B112897B
time shift:      3.2000
half duration:   1.4000
latitude:       46.9600
longitude:     145.8100
depth:         401.0000
Mrr:      -1.173000e+24
Mtt:       6.100000e+23
Mpp:       5.630000e+23
Mrt:      -8.070000e+23
Mrp:      -1.719000e+24
Mtp:       2.190000e+23
