 PDE 1999 11 27  2 31 49.50 -14.5300  -71.2900 126.4 5.8 0.0 CENTRAL PERU
event name:     B112799B
time shift:      7.8000
half duration:   2.2000
latitude:      -14.4300
longitude:     -71.4900
depth:         134.6000
Mrr:       5.921000e+24
Mtt:      -3.390000e+24
Mpp:      -2.532000e+24
Mrt:       2.374000e+24
Mrp:      -3.537000e+24
Mtp:       4.810000e+24
