 PDE 1999 11 30 16 23 34.80 -21.2800  169.1000  33.0 5.7 5.5 SOUTHEAST OF LOYALTY ISLANDS
event name:     B113099D
time shift:      4.1000
half duration:   2.0000
latitude:      -21.5100
longitude:     169.0000
depth:          15.1000
Mrr:       4.722000e+24
Mtt:      -6.240000e+23
Mpp:      -4.098000e+24
Mrt:       2.142000e+24
Mrp:      -3.549000e+24
Mtp:       1.854000e+24
