 PDE 1996 11 30 22 14 31.00 -18.4100 -177.7700 600.0 5.0 0.0 FIJI ISLANDS REGION
event name:     B113096D
time shift:      6.5000
half duration:   1.4000
latitude:      -18.3100
longitude:    -177.6900
depth:         616.6000
Mrr:      -1.824000e+24
Mtt:       9.440000e+23
Mpp:       8.800000e+23
Mrt:      -1.118000e+24
Mrp:      -6.040000e+23
Mtp:       5.480000e+23
