 PDE 1999 11 30 20 10 22.40 -21.3300 -178.6600 547.9 5.3 0.0 FIJI ISLANDS REGION
event name:     B113099E
time shift:      5.7000
half duration:   2.0000
latitude:      -21.1200
longitude:    -178.5200
depth:         556.8000
Mrr:      -5.829000e+24
Mtt:       2.926000e+24
Mpp:       2.903000e+24
Mrt:      -1.719000e+24
Mrp:      -1.862000e+24
Mtp:      -2.162000e+24
