 PDE 2004 12  6 16 26 29.00 -18.4800 -178.0800 439.2 5.3 0.0 FIJI ISLANDS REGION
event name:     B120604B
time shift:      5.2000
half duration:   2.3000
latitude:      -18.8400
longitude:    -178.2700
depth:         465.6000
Mrr:       5.890000e+24
Mtt:       7.200000e+23
Mpp:      -6.610000e+24
Mrt:      -8.870000e+24
Mrp:       6.890000e+24
Mtp:      -9.470000e+24
