 PDE 2003 12  3 14 11 14.00  42.3600  144.7300  33.0 5.5 5.7 HOKKAIDO, JAPAN REGION
event name:     B120303C
time shift:      4.2000
half duration:   2.2000
latitude:       42.3300
longitude:     145.1900
depth:          29.0000
Mrr:       4.610000e+24
Mtt:      -1.700000e+24
Mpp:      -2.910000e+24
Mrt:       3.520000e+24
Mrp:       6.270000e+24
Mtp:      -3.320000e+24
