 PDE 1997 12  9 14 23 45.30 -20.2400  -68.3600 132.5 5.7 0.0 CHILE-BOLIVIA BORDER REGION
event name:     B120997G
time shift:      7.2000
half duration:   1.6000
latitude:      -20.1400
longitude:     -68.7000
depth:         151.7000
Mrr:       1.560000e+23
Mtt:      -1.855000e+24
Mpp:       1.698000e+24
Mrt:       6.070000e+23
Mrp:      -2.565000e+24
Mtp:       2.081000e+24
