 PDE 2002 12  1  2 27 55.20 -35.1500  179.9800  33.0 5.6 5.7 EAST OF NORTH ISLAND, N.Z.
event name:     B120102A
time shift:      2.2000
half duration:   2.0000
latitude:      -35.1900
longitude:    -179.2400
depth:          15.0000
Mrr:       4.109000e+24
Mtt:       3.000000e+23
Mpp:      -4.409000e+24
Mrt:       1.441000e+24
Mrp:       5.171000e+24
Mtp:      -2.259000e+24
