 PDE 1997 12  2 11 47 47.20   6.7600  123.5600 595.7 5.3 0.0 MINDANAO, PHILIPPINES
event name:     B120297C
time shift:      1.6000
half duration:   1.2000
latitude:        6.7900
longitude:     123.5800
depth:         591.9000
Mrr:      -8.690000e+23
Mtt:       4.050000e+23
Mpp:       4.650000e+23
Mrt:      -2.120000e+23
Mrp:      -1.811000e+24
Mtp:       6.720000e+23
