 PDE 1994 12  7  3 37 55.50 -23.4600  -66.7400 243.0 5.6 0.0 JUJUY PROVINCE, ARGENTINA
event name:     B120794A
time shift:      7.3000
half duration:   2.3000
latitude:      -23.1900
longitude:     -66.5800
depth:         246.3000
Mrr:      -3.837000e+24
Mtt:      -4.110000e+23
Mpp:       4.247000e+24
Mrt:      -3.080000e+23
Mrp:      -7.013000e+24
Mtp:       4.233000e+24
