 PDE 1999 12  5 22  0 34.00  29.9200  138.6900 448.9 5.7 0.0 SOUTHEAST OF HONSHU, JAPAN
event name:     B120599E
time shift:      0.8000
half duration:   1.7000
latitude:       29.8900
longitude:     138.7500
depth:         427.0000
Mrr:      -7.800000e+22
Mtt:       6.890000e+23
Mpp:      -6.110000e+23
Mrt:       1.000000e+22
Mrp:      -3.082000e+24
Mtp:      -2.611000e+24
