 PDE 2002 12  3 20 13 54.70 -17.8200 -178.8200 568.4 5.3 0.0 FIJI ISLANDS REGION
event name:     B120302A
time shift:      5.6000
half duration:   1.5000
latitude:      -17.5100
longitude:    -178.6900
depth:         584.1000
Mrr:       2.200000e+24
Mtt:      -1.141000e+24
Mpp:      -1.059000e+24
Mrt:       9.850000e+23
Mrp:       2.050000e+23
Mtp:       1.319000e+24
