 PDE 2002 12  1  7 56  1.20 -16.0800 -172.9600  33.0 5.3 5.5 SAMOA ISLANDS REGION
event name:     B120102F
time shift:      5.7000
half duration:   2.1000
latitude:      -16.1000
longitude:    -172.4700
depth:          17.0000
Mrr:       5.035000e+24
Mtt:      -1.150000e+23
Mpp:      -4.920000e+24
Mrt:       9.790000e+23
Mrp:       4.389000e+24
Mtp:      -8.580000e+23
