 PDE 1996 12  2 21 25 28.50 -13.9800  170.3100 600.0 5.2 0.0 VANUATU ISLANDS REGION
event name:     B120296C
time shift:      5.3000
half duration:   1.4000
latitude:      -13.9800
longitude:     170.3700
depth:         627.6000
Mrr:      -1.648000e+24
Mtt:       2.335000e+24
Mpp:      -6.870000e+23
Mrt:      -1.560000e+23
Mrp:      -8.120000e+23
Mtp:       1.800000e+22
