 PDE 2000 12 18 21 15 30.70 -21.1800 -179.1000 648.7 5.2 0.0 FIJI ISLANDS REGION
event name:     B121800C
time shift:      4.4000
half duration:   1.7000
latitude:      -21.0800
longitude:    -178.9800
depth:         654.9000
Mrr:      -2.030000e+24
Mtt:       4.610000e+23
Mpp:       1.569000e+24
Mrt:      -2.184000e+24
Mrp:      -2.016000e+24
Mtp:       1.066000e+24
