 PDE 2002 12 10  1 28 33.70 -50.0300 -114.1200  10.0 5.3 5.7 SOUTHERN EAST PACIFIC RISE
event name:     B121002A
time shift:      9.5000
half duration:   2.2000
latitude:      -49.9200
longitude:    -114.2900
depth:          15.0000
Mrr:       7.390000e+23
Mtt:       2.524000e+24
Mpp:      -3.263000e+24
Mrt:      -4.810000e+23
Mrp:       5.660000e+23
Mtp:       8.499000e+24
