 PDE 1999 12 11  7 18 41.40 -13.9100  167.1900 202.8 5.0 0.0 VANUATU ISLANDS
event name:     B121199C
time shift:      5.0000
half duration:   1.8000
latitude:      -13.8300
longitude:     167.0300
depth:         195.6000
Mrr:       3.620000e+24
Mtt:       1.640000e+23
Mpp:      -3.784000e+24
Mrt:      -1.983000e+24
Mrp:      -1.760000e+23
Mtp:       1.379000e+24
