 PDE 2004 12 19 20 13 36.60 -18.1000 -178.8500 563.8 5.2 0.0 FIJI ISLANDS REGION
event name:     B121904F
time shift:      4.3000
half duration:   1.9000
latitude:      -17.9500
longitude:    -178.7200
depth:         586.9000
Mrr:       1.870000e+24
Mtt:       1.070000e+24
Mpp:      -2.950000e+24
Mrt:      -3.780000e+24
Mrp:      -1.310000e+24
Mtp:      -4.330000e+24
