 PDE 1998 12 11 20 16 24.00  36.5100   71.0200 222.5 5.0 0.0 HINDU KUSH REGION, AFGHANISTAN
event name:     B121198E
time shift:      3.1000
half duration:   1.6000
latitude:       36.3500
longitude:      70.8700
depth:         240.3000
Mrr:       2.030000e+24
Mtt:      -2.999000e+24
Mpp:       9.690000e+23
Mrt:      -2.800000e+23
Mrp:      -1.467000e+24
Mtp:       4.330000e+23
