 PDE 2004 12 17  7 13 11.00 -21.9000 -179.3000 593.3 5.5 0.0 FIJI ISLANDS REGION
event name:     B121704B
time shift:      3.9000
half duration:   1.9000
latitude:      -21.9200
longitude:    -179.1500
depth:         607.4000
Mrr:       1.720000e+24
Mtt:       8.850000e+23
Mpp:      -2.600000e+24
Mrt:      -2.730000e+24
Mrp:      -4.380000e+24
Mtp:      -8.760000e+23
