 PDE 2003 12 16 20  8 18.70 -18.9100 -177.3400 381.6 5.3 0.0 FIJI ISLANDS REGION
event name:     B121603A
time shift:      2.8000
half duration:   1.6000
latitude:      -18.9800
longitude:    -177.0300
depth:         386.4000
Mrr:       8.930000e+23
Mtt:      -7.930000e+23
Mpp:      -1.000000e+23
Mrt:      -8.030000e+23
Mrp:      -2.830000e+24
Mtp:      -1.450000e+24
