 PDE 1994 12 12  7 41 55.40 -17.5000  -69.6500 151.0 5.8 0.0 PERU-BOLIVIA BORDER REGION
event name:     B121294A
time shift:      6.8000
half duration:   3.3000
latitude:      -17.4400
longitude:     -69.6600
depth:         161.4000
Mrr:      -1.137000e+25
Mtt:      -6.800000e+24
Mpp:       1.817000e+25
Mrt:       7.290000e+24
Mrp:      -1.849000e+25
Mtp:       4.980000e+24
