 PDE 2004 12 19 15 14 51.40   7.3800  123.7800 575.7 5.4 0.0 MINDANAO, PHILIPPINES
event name:     B121904E
time shift:      4.1000
half duration:   1.7000
latitude:        7.4400
longitude:     123.7900
depth:         588.8000
Mrr:      -3.480000e+24
Mtt:       8.000000e+21
Mpp:       3.470000e+24
Mrt:      -5.400000e+23
Mrp:      -2.300000e+24
Mtp:       3.400000e+22
