 PDE 1999 12 12 17 57 28.60  14.7700  -91.1900 157.5 4.9 0.0 GUATEMALA
event name:     B121299E
time shift:      3.7000
half duration:   1.8000
latitude:       14.5400
longitude:     -91.3400
depth:         149.9000
Mrr:       1.130000e+24
Mtt:      -2.519000e+24
Mpp:       1.390000e+24
Mrt:       3.103000e+24
Mrp:      -3.544000e+24
Mtp:       3.100000e+22
