 PDE 1995 12 18  5 52 33.10 -19.0500 -176.0900 253.0 5.1 0.0 TONGA ISLANDS
event name:     B121895C
time shift:      4.7000
half duration:   1.4000
latitude:      -19.1900
longitude:    -175.6700
depth:         265.7000
Mrr:       3.400000e+23
Mtt:       3.940000e+23
Mpp:      -7.340000e+23
Mrt:      -4.620000e+23
Mrp:      -1.984000e+24
Mtp:       6.570000e+23
