 PDE 1999 12 19  3 38 32.30  -3.9900  131.3300  33.0 5.7 5.9 IRIAN JAYA REGION, INDONESIA
event name:     B121999B
time shift:      3.7000
half duration:   2.3000
latitude:       -3.7200
longitude:     131.4600
depth:          19.0000
Mrr:       5.214000e+24
Mtt:      -7.010000e+23
Mpp:      -4.513000e+24
Mrt:      -3.138000e+24
Mrp:       6.515000e+24
Mtp:       1.347000e+24
