 PDE 1994 12 18 20 38 32.60 -17.8600 -178.6900 551.0 5.6 0.0 FIJI ISLANDS REGION
event name:     B121894C
time shift:      7.0000
half duration:   1.7000
latitude:      -17.5500
longitude:    -178.6000
depth:         573.8000
Mrr:       3.297000e+24
Mtt:       1.300000e+22
Mpp:      -3.310000e+24
Mrt:       7.910000e+23
Mrp:      -3.060000e+23
Mtp:       1.158000e+24
