 PDE 1999 12 11 14 38  6.50 -17.7200 -178.7900 558.2 5.1 0.0 FIJI ISLANDS REGION
event name:     B121199F
time shift:      7.2000
half duration:   1.8000
latitude:      -17.6400
longitude:    -178.6200
depth:         579.2000
Mrr:       2.910000e+23
Mtt:       2.521000e+24
Mpp:      -2.812000e+24
Mrt:       1.983000e+24
Mrp:      -2.215000e+24
Mtp:      -6.930000e+23
