 PDE 2003 12 18  5 41 57.60  -6.3500  151.3800  53.6 5.4 0.0 NEW BRITAIN REGION, P.N.G.
event name:     B121803A
time shift:      2.2000
half duration:   2.0000
latitude:       -6.5600
longitude:     151.8200
depth:          17.0000
Mrr:      -6.610000e+24
Mtt:       4.050000e+24
Mpp:       2.560000e+24
Mrt:       1.090000e+24
Mrp:       1.540000e+24
Mtp:       3.840000e+24
