 PDE 1994 12 19 17 41 15.20 -17.8300 -178.6600 578.0 5.2 0.0 FIJI ISLANDS REGION
event name:     B121994H
time shift:      5.4000
half duration:   1.2000
latitude:      -17.9100
longitude:    -178.5100
depth:         604.4000
Mrr:      -3.220000e+23
Mtt:       1.207000e+24
Mpp:      -8.860000e+23
Mrt:       4.900000e+22
Mrp:      -1.438000e+24
Mtp:      -1.022000e+24
