 PDE 1994 12 11  9 29  1.40 -24.8900 -179.1200 391.0 5.5 0.0 SOUTH OF FIJI ISLANDS
event name:     B121194B
time shift:      5.7000
half duration:   1.6000
latitude:      -24.5500
longitude:    -179.0700
depth:         394.9000
Mrr:       5.980000e+23
Mtt:       1.720000e+23
Mpp:      -7.700000e+23
Mrt:      -3.150000e+23
Mrp:      -3.461000e+24
Mtp:      -1.110000e+23
