 PDE 1999 12 10  3 34 45.10 -22.3000  179.6100 599.9 5.3 0.0 SOUTH OF FIJI ISLANDS
event name:     B121099B
time shift:      4.7000
half duration:   1.6000
latitude:      -22.0500
longitude:     179.8500
depth:         611.3000
Mrr:      -1.776000e+24
Mtt:       1.876000e+24
Mpp:      -1.000000e+23
Mrt:      -1.802000e+24
Mrp:      -1.209000e+24
Mtp:      -1.452000e+24
