 PDE 2002 12 17 16  9 12.20  -7.0000  125.4100 493.2 5.4 0.0 BANDA SEA
event name:     B121702B
time shift:      5.6000
half duration:   1.6000
latitude:       -6.9600
longitude:     125.7900
depth:         512.3000
Mrr:      -1.621000e+24
Mtt:       1.682000e+24
Mpp:      -6.100000e+22
Mrt:      -1.400000e+24
Mrp:       1.166000e+24
Mtp:       2.322000e+24
