 PDE 2000 12 25  5 11 58.50 -21.2600 -179.1200 644.8 5.3 0.0 FIJI ISLANDS REGION
event name:     B122500A
time shift:      6.6000
half duration:   1.6000
latitude:      -21.1800
longitude:    -179.1400
depth:         660.2000
Mrr:      -8.100000e+22
Mtt:      -6.600000e+23
Mpp:       7.410000e+23
Mrt:      -2.796000e+24
Mrp:      -2.001000e+24
Mtp:       4.950000e+23
