 PDE 2003 12 28  5 36 54.80   0.6000  122.3500  74.9 5.4 0.0 MINAHASSA PENINSULA, SULAWESI
event name:     B122803D
time shift:      3.7000
half duration:   2.0000
latitude:        0.7400
longitude:     122.5200
depth:          82.1000
Mrr:       3.220000e+23
Mtt:      -4.600000e+22
Mpp:      -2.760000e+23
Mrt:      -1.760000e+24
Mrp:       3.630000e+24
Mtp:      -5.860000e+24
