 PDE 2002 12 28  3 20 43.60 -18.2500 -178.5300 626.6 5.1 0.0 FIJI ISLANDS REGION
event name:     B122802A
time shift:      6.5000
half duration:   2.0000
latitude:      -18.0000
longitude:    -178.4000
depth:         635.5000
Mrr:       4.523000e+24
Mtt:      -1.759000e+24
Mpp:      -2.765000e+24
Mrt:      -1.277000e+24
Mrp:      -6.189000e+24
Mtp:       1.587000e+24
