 PDE 1997 12 20 13 26 31.60  53.4200  152.7600 613.8 5.1 0.0 SEA OF OKHOTSK
event name:     B122097C
time shift:      3.3000
half duration:   2.2000
latitude:       53.4000
longitude:     152.7100
depth:         622.9000
Mrr:      -7.914000e+24
Mtt:       8.216000e+24
Mpp:      -3.020000e+23
Mrt:      -2.050000e+23
Mrp:      -2.732000e+24
Mtp:      -1.091000e+24
