 PDE 1995 12 25  3 19 44.80  36.4300   70.2600 230.0 5.4 0.0 HINDU KUSH REGION, AFGHANISTAN
event name:     B122595C
time shift:      5.3000
half duration:   1.6000
latitude:       36.6100
longitude:      69.9800
depth:         219.5000
Mrr:       1.098000e+24
Mtt:      -5.840000e+23
Mpp:      -5.140000e+23
Mrt:       2.238000e+24
Mrp:      -6.890000e+23
Mtp:      -5.740000e+23
