 PDE 1997 12 26  5 34 24.70 -22.3400 -179.6900 588.4 5.3 0.0 SOUTH OF FIJI ISLANDS
event name:     B122697C
time shift:      4.5000
half duration:   2.2000
latitude:      -22.3400
longitude:    -179.4600
depth:         600.1000
Mrr:      -5.250000e+23
Mtt:      -3.191000e+24
Mpp:       3.716000e+24
Mrt:      -3.415000e+24
Mrp:      -5.027000e+24
Mtp:      -3.540000e+24
