 PDE 2001 12 23 10 21 28.20  27.8700  141.7500  35.4 5.7 5.6 BONIN ISLANDS, JAPAN REGION
event name:     B122301C
time shift:      3.8000
half duration:   2.3000
latitude:       27.7700
longitude:     142.0300
depth:          35.0000
Mrr:       6.015000e+24
Mtt:       4.810000e+23
Mpp:      -6.496000e+24
Mrt:       8.300000e+23
Mrp:       6.618000e+24
Mtp:      -1.830000e+23
