 PDE 2001 12 28 21 31 59.40 -36.1000 -100.6400  10.0 5.1 5.2 SOUTHEAST OF EASTER ISLAND
event name:     B122801D
time shift:      4.3000
half duration:   2.1000
latitude:      -36.0900
longitude:    -101.1100
depth:          15.0000
Mrr:      -2.660000e+23
Mtt:      -1.346000e+24
Mpp:       1.612000e+24
Mrt:      -6.770000e+23
Mrp:      -3.900000e+22
Mtp:      -6.837000e+24
