 PDE 1999 12 28 23 56  6.80 -11.1500  165.5400  33.0 5.3 5.7 SANTA CRUZ ISLANDS
event name:     B122899F
time shift:      3.9000
half duration:   2.1000
latitude:      -11.2000
longitude:     165.3800
depth:          15.0000
Mrr:       3.991000e+24
Mtt:      -1.034000e+24
Mpp:      -2.956000e+24
Mrt:       4.998000e+24
Mrp:      -5.537000e+24
Mtp:       1.607000e+24
