 PDE 2001 12 22  0 40  4.30 -10.9100  165.8600  74.2 5.4 0.0 SANTA CRUZ ISLANDS
event name:     B122201A
time shift:      5.3000
half duration:   2.4000
latitude:      -10.8200
longitude:     165.7200
depth:          66.7000
Mrr:       4.108000e+24
Mtt:       2.461000e+24
Mpp:      -6.569000e+24
Mrt:       6.257000e+24
Mrp:       1.879000e+24
Mtp:      -4.368000e+24
