 PDE 2002 12 23 13 46 11.40  16.9600  -85.5800  33.0 5.5 5.2 NORTH OF HONDURAS
event name:     B122302C
time shift:      0.8000
half duration:   2.1000
latitude:       17.0200
longitude:     -85.7400
depth:          20.9000
Mrr:      -1.750000e+23
Mtt:      -4.245000e+24
Mpp:       4.420000e+24
Mrt:      -3.980000e+23
Mrp:       1.287000e+24
Mtp:       5.776000e+24
