 PDE 2003 12 26  8 18 32.80 -17.4200 -178.8800 548.0 5.1 0.0 FIJI ISLANDS REGION
event name:     B122603D
time shift:      5.3000
half duration:   1.4000
latitude:      -17.2400
longitude:    -178.7000
depth:         573.5000
Mrr:      -2.540000e+23
Mtt:       1.080000e+24
Mpp:      -8.230000e+23
Mrt:      -6.100000e+22
Mrp:      -1.420000e+24
Mtp:       1.380000e+24
