 PDE 2002 12 21 17 41 13.50   4.9800  123.1600 602.5 5.4 0.0 MINDANAO, PHILIPPINES
event name:     B122102D
time shift:      4.0000
half duration:   1.6000
latitude:        5.1300
longitude:     123.3800
depth:         574.3000
Mrr:      -1.829000e+24
Mtt:      -3.130000e+23
Mpp:       2.142000e+24
Mrt:      -1.187000e+24
Mrp:      -2.937000e+24
Mtp:       5.380000e+23
