 PDE 1998 12 22 22  7 54.00 -25.1600  179.6300 518.4 5.1 0.0 SOUTH OF FIJI ISLANDS
event name:     B122298E
time shift:      3.1000
half duration:   1.4000
latitude:      -25.0100
longitude:     179.8700
depth:         513.0000
Mrr:       4.360000e+23
Mtt:      -5.520000e+23
Mpp:       1.160000e+23
Mrt:      -8.870000e+23
Mrp:      -2.107000e+24
Mtp:      -7.460000e+23
