 PDE 2003 12 25 23  9 43.40 -22.3100  169.5300  10.0 5.8 5.5 SOUTHEAST OF LOYALTY ISLANDS
event name:     B122503E
time shift:      7.9000
half duration:   2.3000
latitude:      -22.3500
longitude:     169.4100
depth:          15.0000
Mrr:      -9.820000e+24
Mtt:       4.520000e+24
Mpp:       5.290000e+24
Mrt:       2.120000e+24
Mrp:      -2.080000e+24
Mtp:      -4.860000e+24
