 PDE 2001 12 25 23  0 46.20 -30.2200 -178.0900  57.2 5.4 0.0 KERMADEC ISLANDS, NEW ZEALAND
event name:     B122501C
time shift:      3.6000
half duration:   2.0000
latitude:      -30.1000
longitude:    -177.6100
depth:          39.2000
Mrr:       5.014000e+24
Mtt:       5.310000e+23
Mpp:      -5.545000e+24
Mrt:       1.182000e+24
Mrp:       3.922000e+24
Mtp:      -1.435000e+24
