 PDE 2001 12 29  0  9 38.80 -17.7800 -178.7900 563.0 5.3 0.0 FIJI ISLANDS REGION
event name:     B122901A
time shift:      6.9000
half duration:   1.6000
latitude:      -17.6200
longitude:    -178.6700
depth:         591.8000
Mrr:       1.470000e+23
Mtt:       2.302000e+24
Mpp:      -2.449000e+24
Mrt:       1.897000e+24
Mrp:      -1.488000e+24
Mtp:       8.870000e+23
