 PDE 2000 12 30  7 42 46.70 -12.4700  166.9300 220.7 5.1 0.0 SANTA CRUZ ISLANDS
event name:     B123000A
time shift:      3.4000
half duration:   1.5000
latitude:      -12.7000
longitude:     167.0200
depth:         221.6000
Mrr:       1.917000e+24
Mtt:      -5.900000e+22
Mpp:      -1.858000e+24
Mrt:      -2.430000e+23
Mrp:      -9.440000e+23
Mtp:       7.730000e+23
