 PDE 1999 12 31 13  9 11.60  37.2700  134.6600 371.4 5.0 0.0 SEA OF JAPAN
event name:     B123199A
time shift:      4.4000
half duration:   1.4000
latitude:       37.3200
longitude:     134.6100
depth:         383.8000
Mrr:       8.020000e+23
Mtt:       3.690000e+23
Mpp:      -1.171000e+24
Mrt:      -5.230000e+23
Mrp:      -2.023000e+24
Mtp:       9.560000e+23
