 PDE 1994 12 30 15 12 26.90  18.5900  145.2700 235.0 5.6 0.0 MARIANA ISLANDS
event name:     B123094D
time shift:      6.3000
half duration:   3.5000
latitude:       18.6600
longitude:     145.5900
depth:         228.2000
Mrr:       1.840000e+25
Mtt:       3.230000e+24
Mpp:      -2.162000e+25
Mrt:      -1.984000e+25
Mrp:       5.410000e+24
Mtp:       1.264000e+25
