 PDE 2003 12 30  9 50 44.20  47.0500  154.1900  33.0 5.7 5.6 KURIL ISLANDS
event name:     B123003C
time shift:      2.4000
half duration:   2.1000
latitude:       47.0700
longitude:     154.5000
depth:          15.0000
Mrr:       6.140000e+24
Mtt:      -1.620000e+24
Mpp:      -4.530000e+24
Mrt:       2.520000e+24
Mrp:       4.620000e+24
Mtp:      -3.240000e+24
