 PDE 2009  6  8  4 33 19.10 -22.2300 -179.6100 612.2 5.2 5.5 SOUTH OF FIJI ISLANDS
event name:     B200906080433A
time shift:      2.7000
half duration:   1.4000
latitude:      -22.2000
longitude:    -179.4300
depth:         607.6000
Mrr:      -2.690000e+23
Mtt:      -1.450000e+23
Mpp:       4.150000e+23
Mrt:      -7.200000e+22
Mrp:      -2.140000e+24
Mtp:      -5.800000e+23
