 PDE 2006 12 24  8  1  5.20  -6.8000  116.5100 518.8 5.3 0.0 BALI SEA
event name:     B200612240801A
time shift:      2.1000
half duration:   1.5000
latitude:       -6.7900
longitude:     116.6300
depth:         531.1000
Mrr:      -2.700000e+24
Mtt:       1.340000e+24
Mpp:       1.360000e+24
Mrt:       1.650000e+23
Mrp:      -8.790000e+23
Mtp:      -1.440000e+24
