 PDE 2006 12 10  0 43  3.70 -18.7400 -178.0100 572.3 4.8 0.0 FIJI ISLANDS REGION
event name:     B200612100043A
time shift:      1.4000
half duration:   1.4000
latitude:      -18.6600
longitude:    -177.9000
depth:         567.5000
Mrr:      -6.650000e+23
Mtt:       2.260000e+24
Mpp:      -1.590000e+24
Mrt:      -7.700000e+22
Mrp:      -1.030000e+24
Mtp:       5.800000e+23
