 PDE 2007  7 26 13 52 30.70 -20.5400 -178.4600 567.0 5.0 0.0 FIJI ISLANDS REGION
event name:     B200707261352A
time shift:      3.4000
half duration:   1.7000
latitude:      -20.4400
longitude:    -178.4100
depth:         583.2000
Mrr:      -2.720000e+23
Mtt:      -6.650000e+23
Mpp:       9.370000e+23
Mrt:      -2.600000e+24
Mrp:      -2.910000e+24
Mtp:      -7.210000e+23
