 PDE 2009  1  7 16 25 33.30 -20.7100 -179.2200 656.6 5.3 0.0 FIJI ISLANDS REGION
event name:     B200901071625A
time shift:      2.7000
half duration:   1.6000
latitude:      -20.6200
longitude:    -179.1500
depth:         669.0000
Mrr:      -1.590000e+24
Mtt:       1.320000e+23
Mpp:       1.460000e+24
Mrt:      -2.580000e+24
Mrp:      -1.460000e+24
Mtp:       2.370000e+23
