 PDE 2008  4 10 13  7 24.50 -26.2900  178.1800 643.5 5.2 0.0 SOUTH OF FIJI ISLANDS
event name:     B200804101307A
time shift:      0.5000
half duration:   1.3000
latitude:      -25.9800
longitude:     178.1900
depth:         622.6000
Mrr:      -2.980000e+23
Mtt:       1.290000e+24
Mpp:      -9.970000e+23
Mrt:      -1.340000e+24
Mrp:      -1.010000e+24
Mtp:      -5.220000e+23
