 PDE 2006  1 23 13 16 34.60 -25.3300  178.3200 592.7 5.3 0.0 SOUTH OF FIJI ISLANDS
event name:     B200601231316A
time shift:      1.5000
half duration:   1.6000
latitude:      -25.2000
longitude:     178.2900
depth:         589.0000
Mrr:      -6.230000e+23
Mtt:       2.180000e+24
Mpp:      -1.560000e+24
Mrt:      -6.320000e+23
Mrp:       2.290000e+24
Mtp:      -1.660000e+24
