 PDE 2007  2 17 23 41 45.00  -4.0900  154.4500 483.1 5.2 0.0 NORTH OF SOLOMON ISLANDS
event name:     B200702172341A
time shift:      1.5000
half duration:   1.4000
latitude:       -3.9500
longitude:     154.4600
depth:         465.9000
Mrr:       4.690000e+23
Mtt:       4.590000e+23
Mpp:      -9.290000e+23
Mrt:       2.030000e+24
Mrp:      -1.160000e+23
Mtp:       1.410000e+24
