 PDE 2008 11 17  6  0 58.90  -5.6600  128.8000 306.1 5.3 0.0 BANDA SEA
event name:     B200811170600A
time shift:      1.8000
half duration:   1.5000
latitude:       -5.6500
longitude:     128.8000
depth:         315.0000
Mrr:      -1.020000e+24
Mtt:       7.900000e+23
Mpp:       2.330000e+23
Mrt:      -1.550000e+24
Mrp:       1.970000e+24
Mtp:      -2.400000e+23
