 PDE 2006  5  6  2 29 31.40 -24.9800  179.6800 517.9 5.3 0.0 SOUTH OF FIJI ISLANDS
event name:     B200605060229A
time shift:      1.8000
half duration:   1.5000
latitude:      -25.0300
longitude:     179.9000
depth:         528.2000
Mrr:       1.050000e+24
Mtt:      -1.330000e+24
Mpp:       2.780000e+23
Mrt:      -5.300000e+23
Mrp:      -2.470000e+24
Mtp:      -1.230000e+24
