 PDE 2006  4 16 11 48 57.00  30.2400  138.5700 431.6 5.2 5.7 SOUTHEAST OF HONSHU, JAPAN
event name:     B200604161148A
time shift:      0.6000
half duration:   1.8000
latitude:       30.2900
longitude:     138.6000
depth:         423.6000
Mrr:      -1.260000e+24
Mtt:       2.330000e+24
Mpp:      -1.070000e+24
Mrt:       1.160000e+24
Mrp:      -3.870000e+24
Mtp:      -2.190000e+24
