 PDE 2006  8  2  0 47  3.20 -31.3400  179.5700 446.6 4.9 0.0 KERMADEC ISLANDS REGION
event name:     B200608020047A
time shift:      3.1000
half duration:   1.7000
latitude:      -31.3500
longitude:     179.7000
depth:         454.2000
Mrr:      -1.390000e+24
Mtt:      -2.020000e+24
Mpp:       3.410000e+24
Mrt:      -2.150000e+24
Mrp:      -1.970000e+24
Mtp:      -4.640000e+23
