 PDE 2007  8 23 11 34 24.60 -19.9200 -177.7200 553.8 5.1 0.0 FIJI ISLANDS REGION
event name:     B200708231134A
time shift:      3.1000
half duration:   1.7000
latitude:      -19.8700
longitude:    -177.6500
depth:         579.2000
Mrr:      -2.030000e+24
Mtt:       3.180000e+24
Mpp:      -1.150000e+24
Mrt:      -4.680000e+23
Mrp:      -2.420000e+24
Mtp:       1.430000e+24
