 PDE 2006  7 16 14 24  0.40 -19.9400 -178.4000 596.5 4.8 0.0 FIJI ISLANDS REGION
event name:     B200607161424A
time shift:      4.3000
half duration:   1.7000
latitude:      -19.9500
longitude:    -178.3600
depth:         600.7000
Mrr:       1.350000e+24
Mtt:      -2.250000e+24
Mpp:       9.010000e+23
Mrt:      -2.810000e+24
Mrp:      -2.600000e+24
Mtp:      -7.710000e+23
