 PDE 2009 12 23  5 42  1.80  -6.8100  125.6800 527.7 4.9 0.0 BANDA SEA
event name:     B200912230542A
time shift:      3.9000
half duration:   1.6000
latitude:       -6.9200
longitude:     125.7000
depth:         535.3000
Mrr:      -3.670000e+24
Mtt:       2.590000e+23
Mpp:       3.410000e+24
Mrt:       5.330000e+23
Mrp:       3.300000e+22
Mtp:      -1.120000e+24
