 PDE 2008  2  7  9 25 30.50 -22.5400 -179.2400 465.2 5.2 0.0 SOUTH OF FIJI ISLANDS
event name:     B200802070925A
time shift:      3.8000
half duration:   1.5000
latitude:      -22.6500
longitude:    -178.9600
depth:         494.0000
Mrr:       1.710000e+24
Mtt:      -9.130000e+23
Mpp:      -7.930000e+23
Mrt:       1.980000e+23
Mrp:      -1.990000e+24
Mtp:      -1.550000e+24
