 PDE 2006  3  2 15 24 57.10 -18.0200 -178.4100 612.0 5.3 0.0 FIJI ISLANDS REGION
event name:     B200603021524A
time shift:      3.0000
half duration:   1.4000
latitude:      -18.0000
longitude:    -178.2400
depth:         632.9000
Mrr:      -4.470000e+23
Mtt:       1.090000e+24
Mpp:      -6.430000e+23
Mrt:       8.930000e+23
Mrp:      -1.790000e+24
Mtp:      -1.070000e+24
