 PDE 2009  8 16 22  3  9.20 -17.9400 -179.4000 626.5 4.9 5.5 FIJI ISLANDS REGION
event name:     B200908162203A
time shift:      1.8000
half duration:   1.4000
latitude:      -17.9400
longitude:    -179.1800
depth:         649.1000
Mrr:      -3.500000e+23
Mtt:       1.510000e+24
Mpp:      -1.160000e+24
Mrt:      -2.560000e+23
Mrp:      -1.450000e+24
Mtp:       8.260000e+23
