 PDE 2006  3 20 17 38  6.90 -23.8000  179.8900 521.6 5.3 0.0 SOUTH OF FIJI ISLANDS
event name:     B200603201738A
time shift:      4.1000
half duration:   1.8000
latitude:      -23.8500
longitude:     179.9700
depth:         550.7000
Mrr:       1.950000e+24
Mtt:      -1.990000e+24
Mpp:       4.500000e+22
Mrt:      -1.380000e+24
Mrp:      -4.130000e+24
Mtp:      -2.580000e+24
