 PDE 2006  9 29  0 43 44.70 -16.1600 -176.2400 360.8 4.9 0.0 FIJI ISLANDS REGION
event name:     B200609290043A
time shift:      2.9000
half duration:   1.5000
latitude:      -16.1700
longitude:    -176.0700
depth:         379.8000
Mrr:       8.980000e+23
Mtt:       3.190000e+23
Mpp:      -1.220000e+24
Mrt:       1.150000e+24
Mrp:       1.010000e+24
Mtp:       2.090000e+24
