 PDE 2008 11  3 19 36 21.40 -16.3000 -176.3200 370.5 5.1 0.0 FIJI ISLANDS REGION
event name:     B200811031936A
time shift:      5.2000
half duration:   1.5000
latitude:      -15.9800
longitude:    -176.2500
depth:         390.0000
Mrr:       1.240000e+24
Mtt:      -6.920000e+23
Mpp:      -5.510000e+23
Mrt:       8.140000e+23
Mrp:       6.000000e+21
Mtp:       2.580000e+24
