 PDE 2007  7  1 10 21 59.30 -22.2600 -179.5800 606.4 4.8 0.0 SOUTH OF FIJI ISLANDS
event name:     B200707011021A
time shift:      2.2000
half duration:   1.5000
latitude:      -22.3200
longitude:    -179.3700
depth:         610.5000
Mrr:       4.020000e+23
Mtt:       3.640000e+23
Mpp:      -7.660000e+23
Mrt:      -1.280000e+24
Mrp:      -2.640000e+24
Mtp:      -1.170000e+24
