 PDE 2006 12 22 13 51 55.50 -17.6600 -178.5800 570.1 5.3 0.0 FIJI ISLANDS REGION
event name:     B200612221351A
time shift:      4.1000
half duration:   1.3000
latitude:      -17.4900
longitude:    -178.5800
depth:         598.0000
Mrr:       1.410000e+23
Mtt:       2.010000e+23
Mpp:      -3.420000e+23
Mrt:       7.500000e+22
Mrp:      -1.740000e+24
Mtp:       1.180000e+24
