 PDE 2006  3 27 20  8 27.20 -17.7500 -178.9000 537.8 5.2 0.0 FIJI ISLANDS REGION
event name:     B200603272008A
time shift:      3.8000
half duration:   1.6000
latitude:      -17.6400
longitude:    -178.7200
depth:         559.3000
Mrr:       5.300000e+23
Mtt:      -4.730000e+23
Mpp:      -5.800000e+22
Mrt:       2.220000e+24
Mrp:       5.740000e+23
Mtp:       2.750000e+24
