 PDE 2006  6 11  5 46  1.30 -20.6600 -179.2600 662.8 5.1 0.0 FIJI ISLANDS REGION
event name:     B200606110546A
time shift:      1.9000
half duration:   2.1000
latitude:      -20.6600
longitude:    -179.2100
depth:         670.3000
Mrr:      -3.070000e+24
Mtt:       1.920000e+24
Mpp:       1.150000e+24
Mrt:      -4.780000e+24
Mrp:      -5.110000e+24
Mtp:       1.190000e+24
