 PDE 2009  8  8 21 53  5.30 -22.6600  179.1100 619.6 4.8 0.0 SOUTH OF FIJI ISLANDS
event name:     B200908082153A
time shift:      2.8000
half duration:   1.3000
latitude:      -22.8200
longitude:     179.2400
depth:         634.9000
Mrr:       7.110000e+23
Mtt:      -2.550000e+23
Mpp:      -4.560000e+23
Mrt:      -1.230000e+24
Mrp:      -1.580000e+24
Mtp:      -4.710000e+23
