 PDE 2009  6  7 12 46 30.30 -22.0400 -179.5800 590.0 5.1 5.5 SOUTH OF FIJI ISLANDS
event name:     B200906071246A
time shift:      1.5000
half duration:   1.4000
latitude:      -22.0500
longitude:    -179.3900
depth:         607.3000
Mrr:      -6.670000e+23
Mtt:      -4.800000e+23
Mpp:       1.150000e+24
Mrt:      -1.460000e+24
Mrp:      -1.810000e+24
Mtp:      -9.200000e+22
