 PDE 2009  1 24  9  1 58.00 -19.5800 -179.1100 671.0 5.2 0.0 FIJI ISLANDS REGION
event name:     B200901240901A
time shift:      2.7000
half duration:   1.5000
latitude:      -19.7400
longitude:    -178.9000
depth:         682.5000
Mrr:       1.920000e+24
Mtt:      -7.150000e+23
Mpp:      -1.200000e+24
Mrt:       3.860000e+23
Mrp:      -1.690000e+24
Mtp:      -1.430000e+24
