 PDE 2006  7 18 19 48 31.40  -3.9100  154.3700 473.8 5.2 0.0 NORTH OF SOLOMON ISLANDS
event name:     B200607181948A
time shift:      2.1000
half duration:   1.5000
latitude:       -3.9400
longitude:     154.4400
depth:         473.3000
Mrr:      -1.050000e+23
Mtt:       4.980000e+23
Mpp:      -3.930000e+23
Mrt:       2.580000e+24
Mrp:      -3.540000e+23
Mtp:       1.060000e+24
