 PDE 2007  5  7  0 24 47.90 -19.2500 -179.3600 682.2 5.4 0.0 FIJI ISLANDS REGION
event name:     B200705070024A
time shift:      1.5000
half duration:   1.6000
latitude:      -19.3700
longitude:    -178.9900
depth:         696.6000
Mrr:       2.670000e+24
Mtt:      -4.950000e+23
Mpp:      -2.180000e+24
Mrt:       1.610000e+24
Mrp:      -8.590000e+23
Mtp:      -1.720000e+24
