 PDE 2008 12  9 18 51 14.30 -20.8900 -178.8500 596.8 5.1 0.0 FIJI ISLANDS REGION
event name:     B200812091851A
time shift:      1.6000
half duration:   1.7000
latitude:      -20.8900
longitude:    -178.6200
depth:         607.4000
Mrr:      -3.200000e+24
Mtt:       2.350000e+24
Mpp:       8.560000e+23
Mrt:      -3.070000e+24
Mrp:      -1.510000e+24
Mtp:      -6.230000e+23
