 PDE 2006 11 13 11 56 39.10 -17.8300 -178.4200 587.9 4.9 0.0 FIJI ISLANDS REGION
event name:     B200611131156A
time shift:      3.6000
half duration:   1.4000
latitude:      -17.7700
longitude:    -178.2500
depth:         619.1000
Mrr:      -8.760000e+23
Mtt:       1.260000e+23
Mpp:       7.500000e+23
Mrt:      -7.300000e+22
Mrp:      -1.930000e+24
Mtp:       7.790000e+23
