 PDE 2009  4 13 13 36 46.30  -6.8200  125.0900 554.2 5.2 0.0 BANDA SEA
event name:     B200904131336A
time shift:      2.9000
half duration:   1.5000
latitude:       -6.8000
longitude:     125.1700
depth:         554.7000
Mrr:      -1.110000e+24
Mtt:      -1.280000e+24
Mpp:       2.390000e+24
Mrt:      -1.350000e+24
Mrp:      -1.580000e+24
Mtp:      -3.110000e+23
