 PDE 2008 12 18 20 57 39.50 -23.5000 -180.0000 542.6 5.3 5.4 SOUTH OF FIJI ISLANDS
event name:     B200812182057A
time shift:      1.2000
half duration:   1.4000
latitude:      -23.8400
longitude:    -179.6500
depth:         562.4000
Mrr:       4.750000e+23
Mtt:      -1.210000e+24
Mpp:       7.380000e+23
Mrt:      -1.180000e+24
Mrp:      -1.810000e+24
Mtp:      -1.210000e+24
