 PDE 2007  4 17  3 16  5.20 -31.8400  179.7600 423.5 5.2 0.0 KERMADEC ISLANDS REGION
event name:     B200704170316A
time shift:      3.3000
half duration:   1.5000
latitude:      -31.5500
longitude:     179.9300
depth:         427.8000
Mrr:      -1.720000e+24
Mtt:      -8.220000e+23
Mpp:       2.540000e+24
Mrt:      -1.500000e+24
Mrp:      -1.390000e+24
Mtp:       1.670000e+23
