 PDE 2007  5  9  9  1 47.60   6.6400  123.9100 572.8 5.2 0.0 MINDANAO, PHILIPPINES
event name:     B200705090901A
time shift:      0.8000
half duration:   1.6000
latitude:        6.6200
longitude:     123.9100
depth:         569.2000
Mrr:      -1.080000e+24
Mtt:       5.630000e+23
Mpp:       5.180000e+23
Mrt:       1.540000e+24
Mrp:      -2.790000e+24
Mtp:      -5.410000e+23
