 PDE 2007  1 28  8 12 31.10 -17.7500  179.8700 567.6 4.8 0.0 FIJI ISLANDS
event name:     B200701280812A
time shift:      5.3000
half duration:   1.5000
latitude:      -17.7300
longitude:     179.9000
depth:         594.5000
Mrr:      -4.690000e+23
Mtt:       2.840000e+24
Mpp:      -2.370000e+24
Mrt:       3.200000e+22
Mrp:       8.000000e+21
Mtp:      -1.420000e+24
