 PDE 2006  3 17 13  7 20.60  -7.4700  125.0700 384.3 5.2 0.0 BANDA SEA
event name:     B200603171307A
time shift:      1.7000
half duration:   1.6000
latitude:       -7.4400
longitude:     125.2300
depth:         393.7000
Mrr:      -3.090000e+24
Mtt:       3.110000e+24
Mpp:      -1.300000e+22
Mrt:       7.500000e+22
Mrp:       6.790000e+23
Mtp:       7.170000e+23
