 PDE 2010  7  8 12 48 22.00 -24.0100 -179.7900 510.7 5.4 0.0 SOUTH OF FIJI ISLANDS
event name:     B201007081248A
time shift:      3.9000
half duration:   1.8000
latitude:      -24.0300
longitude:    -179.7000
depth:         536.5000
Mrr:       2.030000e+23
Mtt:       1.640000e+24
Mpp:      -1.840000e+24
Mrt:       1.330000e+24
Mrp:      -3.170000e+24
Mtp:      -3.770000e+24
