 PDE 2013  2 12  1 23 55.20 -18.2000 -177.9600 517.8 5.1 0.0 FIJI ISLANDS REGION
event name:     B201302120123A
time shift:      3.5000
half duration:   1.5000
latitude:      -18.0500
longitude:    -177.8500
depth:         534.6000
Mrr:      -1.710000e+24
Mtt:       2.700000e+24
Mpp:      -9.920000e+23
Mrt:      -4.590000e+23
Mrp:      -2.010000e+24
Mtp:       7.770000e+23
