 PDE 2011  5 28 18 35 52.50 -27.4700 -178.5300 307.4 5.3 5.5 KERMADEC ISLANDS REGION
event name:     B201105281835A
time shift:      5.4000
half duration:   1.4000
latitude:      -27.1400
longitude:    -178.2600
depth:         318.0000
Mrr:       1.900000e+22
Mtt:      -4.550000e+23
Mpp:       4.360000e+23
Mrt:       7.310000e+23
Mrp:      -2.300000e+24
Mtp:       6.690000e+23
