 PDE 2010  9  5 23 48 26.70 -23.8300  179.9800 534.5 5.4 0.0 SOUTH OF FIJI ISLANDS
event name:     B201009052348A
time shift:      3.4000
half duration:   1.6000
latitude:      -23.8600
longitude:    -179.8300
depth:         559.3000
Mrr:       1.020000e+24
Mtt:      -1.090000e+24
Mpp:       7.600000e+22
Mrt:      -6.540000e+23
Mrp:      -2.620000e+24
Mtp:      -1.440000e+24
