 PDE 2013 12 17 17  2  1.80 -20.7100 -178.6600 602.0 0.0 5.7 FIJI ISLANDS REGION
event name:     B201312171702A
time shift:      3.3000
half duration:   1.7000
latitude:      -20.6400
longitude:    -178.7500
depth:         614.2000
Mrr:      -3.340000e+24
Mtt:       3.120000e+24
Mpp:       2.190000e+23
Mrt:      -1.950000e+24
Mrp:      -8.800000e+23
Mtp:      -9.880000e+23
