 PDE 2011  3 20 15 20 28.30 -31.1300 -179.8200 321.0 5.2 0.0 KERMADEC ISLANDS REGION
event name:     B201103201520A
time shift:      2.9000
half duration:   1.6000
latitude:      -30.9000
longitude:    -179.6600
depth:         328.8000
Mrr:      -2.830000e+24
Mtt:      -4.850000e+23
Mpp:       3.310000e+24
Mrt:      -1.740000e+24
Mrp:       5.860000e+23
Mtp:       1.420000e+24
