 PDE 2011  1 29 12 39  0.00  21.6100  142.9600 321.2 5.2 5.5 MARIANA ISLANDS REGION
event name:     B201101291238A
time shift:      0.0000
half duration:   1.3000
latitude:       21.7100
longitude:     142.8500
depth:         319.1000
Mrr:       1.520000e+24
Mtt:      -1.050000e+24
Mpp:      -4.680000e+23
Mrt:       1.160000e+24
Mrp:       2.920000e+23
Mtp:      -9.160000e+23
