 PDE 2011  7 19  7 15 55.60 -23.7200  179.0300 566.2 5.2 0.0 SOUTH OF FIJI ISLANDS
event name:     B201107190715A
time shift:      1.4000
half duration:   1.4000
latitude:      -23.6900
longitude:     179.1800
depth:         557.9000
Mrr:      -1.980000e+24
Mtt:       1.780000e+24
Mpp:       2.040000e+23
Mrt:       6.670000e+23
Mrp:       9.070000e+23
Mtp:      -3.580000e+23
