 PDE 2014  9 16 13  0 20.80 -22.1700 -179.5600 587.4 0.0 5.3 SOUTH OF FIJI ISLANDS
event name:     B201409161300A
time shift:      1.8000
half duration:   1.5000
latitude:      -22.3000
longitude:    -179.5400
depth:         589.5000
Mrr:       2.570000e+24
Mtt:      -1.700000e+23
Mpp:      -2.400000e+24
Mrt:       2.160000e+23
Mrp:       1.620000e+23
Mtp:      -9.990000e+23
