 PDE 2014  4  9 20 29  3.10 -14.6800 -176.0500 330.2 0.0 5.2 FIJI ISLANDS REGION
event name:     B201404092029A
time shift:      5.5000
half duration:   1.4000
latitude:      -14.6200
longitude:    -176.0900
depth:         341.2000
Mrr:       5.520000e+23
Mtt:      -5.850000e+23
Mpp:       3.200000e+22
Mrt:      -2.060000e+24
Mrp:      -3.690000e+23
Mtp:       9.260000e+23
