 PDE 2014 12 31  2 47 31.70 -25.5000  178.2200 608.9 0.0 5.1 SOUTH OF FIJI ISLANDS
event name:     B201412310247A
time shift:     -0.8000
half duration:   1.4000
latitude:      -25.7300
longitude:     178.3700
depth:         606.6000
Mrr:       1.820000e+23
Mtt:      -5.780000e+23
Mpp:       3.970000e+23
Mrt:       6.420000e+23
Mrp:      -1.300000e+24
Mtp:      -1.760000e+24
