 PDE 2010  2  7 23 22 55.00 -23.3300 -179.8800 549.5 5.3 0.0 SOUTH OF FIJI ISLANDS
event name:     B201002072322A
time shift:      3.4000
half duration:   1.5000
latitude:      -23.3900
longitude:     179.9900
depth:         560.8000
Mrr:       1.330000e+23
Mtt:       1.050000e+24
Mpp:      -1.180000e+24
Mrt:       1.450000e+24
Mrp:      -1.990000e+24
Mtp:      -8.760000e+23
