 PDE 2013 12  4 14 55 40.30 -25.4500  178.2500 574.0 0.0 5.7 SOUTH OF FIJI ISLANDS
event name:     B201312041455A
time shift:      4.2000
half duration:   1.8000
latitude:      -25.4000
longitude:     178.2900
depth:         586.0000
Mrr:      -7.100000e+22
Mtt:       1.400000e+24
Mpp:      -1.320000e+24
Mrt:      -1.510000e+24
Mrp:       4.810000e+24
Mtp:      -1.050000e+24
