 PDE 2012  6 21 22 34 37.30 -17.9600 -178.1900 542.8 5.2 5.5 FIJI ISLANDS REGION
event name:     B201206212234A
time shift:      2.4000
half duration:   1.3000
latitude:      -17.9700
longitude:    -178.1500
depth:         552.6000
Mrr:      -1.170000e+24
Mtt:      -1.060000e+23
Mpp:       1.280000e+24
Mrt:      -2.180000e+23
Mrp:      -1.610000e+24
Mtp:       4.480000e+23
