 PDE 2013  9  2  2 51 13.20  42.2000  133.6500 445.0 5.6 5.7 PRIMOR'YE, RUSSIA
event name:     B201309020251A
time shift:      2.9000
half duration:   1.7000
latitude:       42.1900
longitude:     133.6500
depth:         454.7000
Mrr:      -5.300000e+22
Mtt:      -2.080000e+23
Mpp:       2.610000e+23
Mrt:       6.000000e+22
Mrp:      -3.990000e+24
Mtp:       4.940000e+23
