 PDE 2014  1 27 16 42 37.60 -19.2600  -63.9200 600.2 0.0 5.6 SOUTHERN BOLIVIA
event name:     B201401271642A
time shift:      1.7000
half duration:   1.5000
latitude:      -19.2400
longitude:     -63.8500
depth:         609.4000
Mrr:      -1.110000e+24
Mtt:      -6.580000e+23
Mpp:       1.770000e+24
Mrt:      -1.860000e+24
Mrp:       1.950000e+24
Mtp:      -8.700000e+22
