 PDE 2014 12 11 22 27 45.00 -20.9300 -178.9100 603.5 0.0 5.0 FIJI ISLANDS REGION
event name:     B201412112227A
time shift:      3.5000
half duration:   1.8000
latitude:      -20.9600
longitude:    -179.0600
depth:         618.4000
Mrr:      -8.160000e+23
Mtt:      -2.290000e+24
Mpp:       3.100000e+24
Mrt:      -2.940000e+24
Mrp:      -2.090000e+24
Mtp:       1.270000e+24
