 PDE 2014  9 10 16 32  0.00 -24.6200  179.1500 529.8 0.0 5.2 SOUTH OF FIJI ISLANDS
event name:     B201409101631A
time shift:      3.6000
half duration:   1.6000
latitude:      -24.7600
longitude:     179.2600
depth:         540.6000
Mrr:      -8.320000e+23
Mtt:       4.360000e+23
Mpp:       3.970000e+23
Mrt:      -1.290000e+24
Mrp:      -9.830000e+23
Mtp:      -2.810000e+24
