 PDE 2012 11 12 14 47 41.50 -24.2800  178.9200 557.8 5.2 0.0 SOUTH OF FIJI ISLANDS
event name:     B201211121447A
time shift:      3.4000
half duration:   1.8000
latitude:      -24.1300
longitude:     178.8700
depth:         551.2000
Mrr:      -3.420000e+24
Mtt:       2.240000e+24
Mpp:       1.180000e+24
Mrt:      -1.740000e+24
Mrp:      -2.930000e+24
Mtp:      -2.310000e+24
