 PDE 2010  8  6  5  3 59.50 -21.7600 -179.4500 595.3 5.2 0.0 FIJI ISLANDS REGION
event name:     B201008060503A
time shift:      3.0000
half duration:   1.4000
latitude:      -21.8900
longitude:    -179.2400
depth:         611.5000
Mrr:       2.590000e+23
Mtt:      -5.510000e+23
Mpp:       2.920000e+23
Mrt:      -1.240000e+24
Mrp:      -1.660000e+24
Mtp:      -3.520000e+23
