 PDE 2013 12  1 10  1 31.70 -17.5600 -178.2900 533.7 0.0 5.4 FIJI ISLANDS REGION
event name:     B201312011001A
time shift:      3.5000
half duration:   1.8000
latitude:      -17.4600
longitude:    -178.3300
depth:         544.0000
Mrr:      -3.720000e+24
Mtt:       2.250000e+24
Mpp:       1.460000e+24
Mrt:      -5.270000e+23
Mrp:      -2.490000e+24
Mtp:       2.170000e+24
