 PDE 2010  8 15  2 51 20.20 -22.0400 -179.7400 595.9 4.6 0.0 FIJI ISLANDS REGION
event name:     B201008150251A
time shift:      3.4000
half duration:   1.4000
latitude:      -21.8200
longitude:    -179.6100
depth:         584.6000
Mrr:      -3.590000e+23
Mtt:      -1.320000e+24
Mpp:       1.680000e+24
Mrt:      -1.480000e+24
Mrp:      -4.950000e+23
Mtp:       1.030000e+24
