 PDE 2014  3 26  4 23 12.40 -26.0800  179.4700 495.9 0.0 4.9 SOUTH OF FIJI ISLANDS
event name:     B201403260423A
time shift:      2.5000
half duration:   1.9000
latitude:      -26.1300
longitude:     179.5900
depth:         493.2000
Mrr:       2.830000e+24
Mtt:      -2.440000e+24
Mpp:      -3.900000e+23
Mrt:      -2.230000e+24
Mrp:      -3.390000e+24
Mtp:      -4.460000e+24
