 PDE 2010  7 27 16 54 12.80  -7.3200  126.3900 377.7 4.9 0.0 BANDA SEA
event name:     B201007271654A
time shift:      2.0000
half duration:   1.4000
latitude:       -7.2300
longitude:     126.3800
depth:         377.2000
Mrr:      -1.040000e+24
Mtt:       2.190000e+24
Mpp:      -1.150000e+24
Mrt:      -2.690000e+23
Mrp:       1.090000e+24
Mtp:       1.010000e+24
