 PDE 2014 10 30 12 11 35.70  -6.9900  117.5900 535.0 0.0 5.7 BALI SEA
event name:     B201410301211A
time shift:      1.1000
half duration:   1.8000
latitude:       -6.9400
longitude:     117.4800
depth:         547.4000
Mrr:      -3.640000e+24
Mtt:       3.790000e+24
Mpp:      -1.480000e+23
Mrt:       1.420000e+24
Mrp:      -3.850000e+24
Mtp:      -7.670000e+23
