 PDE 2014  9 18  4 17 53.20  50.5400  150.1300 500.0 0.0 5.5 SEA OF OKHOTSK
event name:     B201409180417A
time shift:      4.1000
half duration:   1.5000
latitude:       50.8100
longitude:     149.9400
depth:         504.4000
Mrr:      -5.670000e+23
Mtt:       4.080000e+23
Mpp:       1.590000e+23
Mrt:      -2.770000e+24
Mrp:      -1.060000e+24
Mtp:      -5.570000e+23
