 PDE 2013 12 25 13  4 42.80 -18.1200 -177.8800 583.8 0.0 4.9 FIJI ISLANDS REGION
event name:     B201312251304A
time shift:      5.2000
half duration:   1.6000
latitude:      -17.8700
longitude:    -178.0800
depth:         597.3000
Mrr:      -1.020000e+24
Mtt:       6.750000e+23
Mpp:       3.490000e+23
Mrt:      -7.450000e+23
Mrp:      -3.120000e+24
Mtp:       1.100000e+24
