 PDE 2014  4 18  7 46 57.20 -27.7500  -62.7800 609.7 0.0 5.2 SANTIAGO DEL ESTERO PROV., ARG.
event name:     B201404180746A
time shift:      1.6000
half duration:   1.5000
latitude:      -27.8900
longitude:     -62.5600
depth:         629.3000
Mrr:       1.480000e+24
Mtt:      -5.300000e+23
Mpp:      -9.540000e+23
Mrt:      -7.020000e+23
Mrp:       2.470000e+24
Mtp:      -9.900000e+22
