 PDE 2013 11 24  8 47 49.30 -24.4200  179.2600 531.1 0.0 5.3 SOUTH OF FIJI ISLANDS
event name:     B201311240847A
time shift:      8.1000
half duration:   1.6000
latitude:      -24.3000
longitude:     179.1800
depth:         535.4000
Mrr:      -3.620000e+24
Mtt:       2.210000e+24
Mpp:       1.410000e+24
Mrt:      -5.020000e+23
Mrp:      -1.110000e+24
Mtp:      -1.880000e+24
