 PDE 2012  2 27 20 12 11.80 -20.3900 -178.6900 601.5 4.9 0.0 FIJI ISLANDS REGION
event name:     B201202272012A
time shift:      3.6000
half duration:   1.3000
latitude:      -20.2100
longitude:    -178.7700
depth:         621.4000
Mrr:      -9.800000e+23
Mtt:       8.050000e+23
Mpp:       1.740000e+23
Mrt:      -1.530000e+24
Mrp:      -1.050000e+24
Mtp:      -5.800000e+22
