 PDE 2012 11 29  0 30 31.30 -21.1100 -178.7700 541.2 5.1 0.0 FIJI ISLANDS REGION
event name:     B201211290030A
time shift:      2.4000
half duration:   1.5000
latitude:      -21.0300
longitude:    -178.6700
depth:         544.3000
Mrr:      -2.270000e+24
Mtt:       1.120000e+24
Mpp:       1.150000e+24
Mrt:      -2.330000e+23
Mrp:      -1.570000e+24
Mtp:      -9.700000e+23
