 PDE 2012 10 30  7 12 34.80 -17.9200 -178.5900 558.6 4.9 0.0 FIJI ISLANDS REGION
event name:     B201210300712B
time shift:      4.4000
half duration:   1.4000
latitude:      -18.0400
longitude:    -178.4700
depth:         578.7000
Mrr:      -1.140000e+23
Mtt:       1.610000e+24
Mpp:      -1.490000e+24
Mrt:       8.020000e+23
Mrp:      -1.350000e+24
Mtp:      -4.590000e+23
