 PDE 2014  5 23 21 20  6.60  18.9500  145.0400 558.1 0.0 5.7 MARIANA ISLANDS
event name:     B201405232120A
time shift:      1.3000
half duration:   1.8000
latitude:       18.9700
longitude:     145.0300
depth:         541.6000
Mrr:      -4.380000e+24
Mtt:       6.020000e+23
Mpp:       3.770000e+24
Mrt:      -3.860000e+23
Mrp:       2.780000e+24
Mtp:      -1.540000e+24
