 PDE 2014 12 31  0  6  9.90 -20.3100 -178.5500 605.8 0.0 5.4 FIJI ISLANDS REGION
event name:     B201412310006A
time shift:      3.4000
half duration:   2.3000
latitude:      -20.2800
longitude:    -178.6100
depth:         608.6000
Mrr:      -3.850000e+24
Mtt:      -2.030000e+24
Mpp:       5.870000e+24
Mrt:      -7.140000e+24
Mrp:      -5.160000e+24
Mtp:       1.690000e+24
