 PDE 2012 10 25 18 40 38.90 -19.8600 -178.2600 597.7 5.3 0.0 FIJI ISLANDS REGION
event name:     B201210251840A
time shift:      3.0000
half duration:   1.4000
latitude:      -19.7800
longitude:    -178.1300
depth:         606.0000
Mrr:      -1.430000e+23
Mtt:       5.860000e+23
Mpp:      -4.430000e+23
Mrt:      -1.710000e+24
Mrp:      -1.390000e+24
Mtp:      -2.610000e+23
