 PDE 2011  5 28 18 37 34.50 -27.2600 -178.5200 306.6 5.2 0.0 KERMADEC ISLANDS REGION
event name:     B201105281837A
time shift:      3.9000
half duration:   1.4000
latitude:      -27.1200
longitude:    -178.4900
depth:         314.2000
Mrr:       2.700000e+22
Mtt:      -2.600000e+22
Mpp:      -1.000000e+21
Mrt:       6.210000e+23
Mrp:      -2.130000e+24
Mtp:       5.500000e+22
