 PDE 2012  2 26 16 27 14.80 -18.0400 -178.4800 592.6 5.0 0.0 FIJI ISLANDS REGION
event name:     B201202261627A
time shift:      0.7000
half duration:   1.3000
latitude:      -18.3500
longitude:    -178.3000
depth:         609.5000
Mrr:       1.040000e+24
Mtt:       3.860000e+23
Mpp:      -1.420000e+24
Mrt:       1.150000e+24
Mrp:      -4.040000e+23
Mtp:      -1.250000e+24
