 PDE 2011  8 11  1 13 41.20 -24.8000  179.9200 496.8 5.0 0.0 SOUTH OF FIJI ISLANDS
event name:     B201108110113A
time shift:      4.8000
half duration:   1.8000
latitude:      -24.6800
longitude:     179.9900
depth:         503.5000
Mrr:      -1.200000e+24
Mtt:       2.560000e+23
Mpp:       9.420000e+23
Mrt:      -5.800000e+23
Mrp:      -4.700000e+24
Mtp:       2.100000e+22
