 PDE 2000  1  5  7 40 40.70 -11.3700  165.3800  33.0 5.7 6.0 SANTA CRUZ ISLANDS
event name:     C010500C
time shift:      6.9000
half duration:   2.5000
latitude:      -11.2700
longitude:     165.2500
depth:          15.0000
Mrr:      -1.303000e+25
Mtt:       1.920000e+24
Mpp:       1.111000e+25
Mrt:       3.630000e+24
Mrp:      -7.840000e+24
Mtp:      -3.350000e+24
