 PDE 2004  1  3  8  9  3.80 -22.1600  169.5500  10.0 5.7 0.0 SOUTHEAST OF LOYALTY ISLANDS
event name:     C010304B
time shift:      7.1000
half duration:   2.6000
latitude:      -22.3600
longitude:     169.5500
depth:          13.0000
Mrr:      -1.530000e+25
Mtt:       9.800000e+24
Mpp:       5.460000e+24
Mrt:      -5.400000e+23
Mrp:      -2.300000e+23
Mtp:      -7.070000e+24
