 PDE 2001  1  3 14 47 49.50  43.9300  147.8100  33.0 5.9 5.2 EAST OF KURIL ISLANDS
event name:     C010301A
time shift:      6.6000
half duration:   2.1000
latitude:       43.6700
longitude:     148.1100
depth:          60.0000
Mrr:       3.550000e+24
Mtt:       2.448000e+24
Mpp:      -5.998000e+24
Mrt:       4.171000e+24
Mrp:       2.351000e+24
Mtp:      -3.015000e+24
