 PDE 2002  1  1 11 29 22.70   6.3000  125.6500 138.1 5.9 0.0 MINDANAO, PHILIPPINES
event name:     C010102B
time shift:      2.8000
half duration:   3.4000
latitude:        6.3500
longitude:     125.8700
depth:         130.6000
Mrr:       2.580000e+25
Mtt:       3.270000e+24
Mpp:      -2.907000e+25
Mrt:      -9.860000e+24
Mrp:       7.770000e+24
Mtp:       2.950000e+24
