 PDE 1995  1  6 22 37 37.90  40.2300  142.2400  57.0 6.7 0.0 NEAR EAST COAST OF HONSHU, JAPAN
event name:     C010695F
time shift:      4.7000
half duration:   7.4000
latitude:       40.3300
longitude:     142.4100
depth:          47.5000
Mrr:       2.062000e+26
Mtt:       5.300000e+24
Mpp:      -2.114000e+26
Mrt:       1.069000e+26
Mrp:       2.328000e+26
Mtp:      -4.270000e+25
