 PDE 2000  1  6 10 42 25.00  58.0400 -136.8700   1.0 5.5 5.9 SOUTHEASTERN ALASKA
event name:     C010600C
time shift:      7.8000
half duration:   2.7000
latitude:       58.2700
longitude:    -136.8000
depth:          15.0000
Mrr:      -1.150000e+24
Mtt:      -8.440000e+24
Mpp:       9.590000e+24
Mrt:       8.040000e+24
Mrp:      -1.610000e+24
Mtp:       1.035000e+25
