 PDE 2000  1  9 21 54 40.50 -18.8200  174.3700  33.0 5.6 6.4 FIJI ISLANDS REGION
event name:     C010900D
time shift:      4.3000
half duration:   3.8000
latitude:      -18.7800
longitude:     174.5200
depth:          17.7000
Mrr:      -9.500000e+23
Mtt:      -4.699000e+25
Mpp:       4.793000e+25
Mrt:      -4.230000e+24
Mrp:       4.630000e+24
Mtp:       7.260000e+24
