 PDE 1998  1  3  6 10  8.40 -35.4700  -16.1900  10.0 5.4 5.9 TRISTAN DA CUNHA REGION
event name:     C010398B
time shift:      8.8000
half duration:   3.2000
latitude:      -35.2900
longitude:     -15.8000
depth:          15.0000
Mrr:       0.000000e+00
Mtt:      -1.232000e+25
Mpp:       1.233000e+25
Mrt:       1.410000e+24
Mrp:      -4.210000e+24
Mtp:       2.531000e+25
