 PDE 2004  1  3  8 21 48.40 -22.3200  169.6200  10.0 6.0 6.2 SOUTHEAST OF LOYALTY ISLANDS
event name:     C010304D
time shift:      9.4000
half duration:   3.6000
latitude:      -22.3300
longitude:     169.4800
depth:          13.7000
Mrr:      -4.020000e+25
Mtt:       2.840000e+25
Mpp:       1.190000e+25
Mrt:       3.900000e+24
Mrp:      -1.800000e+24
Mtp:      -2.030000e+25
