 PDE 1997  1  3  3 58 22.10 -19.2200 -174.8400 140.0 5.7 0.0 TONGA ISLANDS
event name:     C010397A
time shift:      6.7000
half duration:   2.5000
latitude:      -19.1500
longitude:    -174.2600
depth:         146.6000
Mrr:       6.750000e+24
Mtt:      -5.790000e+23
Mpp:      -6.171000e+24
Mrt:       5.533000e+24
Mrp:       7.813000e+24
Mtp:      -1.332000e+24
