 PDE 2001  1  2  7 30  3.80   6.7500  126.8100  33.0 5.8 6.2 MINDANAO, PHILIPPINES
event name:     C010201A
time shift:      6.9000
half duration:   3.4000
latitude:        6.7600
longitude:     126.9600
depth:          29.5000
Mrr:       5.410000e+24
Mtt:       5.470000e+24
Mpp:      -1.088000e+25
Mrt:       1.790000e+24
Mrp:       4.059000e+25
Mtp:       8.620000e+24
