 PDE 2003  1  4  5 15  3.80 -20.5700 -177.6600 378.0 6.0 0.0 FIJI ISLANDS REGION
event name:     C010403A
time shift:      5.0000
half duration:   4.1000
latitude:      -20.7200
longitude:    -177.3200
depth:         394.7000
Mrr:      -3.550000e+25
Mtt:       3.550000e+24
Mpp:       3.200000e+25
Mrt:      -2.430000e+25
Mrp:      -3.980000e+25
Mtp:       1.540000e+25
