 PDE 2001  1  9 16 49 28.00 -14.9300  167.1700 103.0 6.3 6.6 VANUATU ISLANDS
event name:     C010901G
time shift:      9.9000
half duration:   7.9000
latitude:      -14.9000
longitude:     167.1100
depth:         114.4000
Mrr:       1.386000e+26
Mtt:       4.550000e+25
Mpp:      -1.842000e+26
Mrt:      -2.983000e+26
Mrp:      -1.230000e+25
Mtp:       2.451000e+26
