 PDE 2000  1  8  1 19 46.70  -9.8100  159.8100  33.0 5.8 6.4 SOLOMON ISLANDS
event name:     C010800A
time shift:      4.4000
half duration:   3.8000
latitude:       -9.7800
longitude:     159.9900
depth:          15.0000
Mrr:      -6.300000e+23
Mtt:      -6.950000e+24
Mpp:       7.580000e+24
Mrt:      -3.020000e+24
Mrp:      -3.066000e+25
Mtp:       3.492000e+25
