 PDE 2001  1  2 23 17 42.00 -11.1600  162.4400  33.0 5.1 5.9 SOLOMON ISLANDS
event name:     C010201H
time shift:      1.8000
half duration:   2.4000
latitude:      -11.1800
longitude:     162.7100
depth:          16.8000
Mrr:       2.120000e+23
Mtt:      -4.025000e+24
Mpp:       3.813000e+24
Mrt:      -2.920000e+23
Mrp:      -3.439000e+24
Mtp:       8.529000e+24
