 PDE 2000  1  1  5 58 19.80 -60.7200  153.6700  10.0 5.6 5.6 WEST OF MACQUARIE ISLAND
event name:     C010100B
time shift:      6.9000
half duration:   2.3000
latitude:      -60.7400
longitude:     153.4000
depth:          15.0000
Mrr:      -1.436000e+24
Mtt:       8.593000e+24
Mpp:      -7.157000e+24
Mrt:       4.003000e+24
Mrp:       2.460000e+23
Mtp:      -7.346000e+24
