 PDE 2004  1  1 23 31 50.00  17.4900 -101.3000  29.4 5.6 5.7 NEAR COAST OF GUERRERO, MEXICO
event name:     C010104K
time shift:      3.2000
half duration:   2.4000
latitude:       17.4500
longitude:    -101.4000
depth:          15.0000
Mrr:       6.320000e+24
Mtt:      -5.200000e+24
Mpp:      -1.120000e+24
Mrt:       1.160000e+25
Mrp:      -5.860000e+24
Mtp:       3.030000e+24
