 PDE 1998  1  1  6 11 22.60  23.9100  141.9100  95.6 6.4 5.8 VOLCANO ISLANDS, JAPAN REGION
event name:     C010198B
time shift:      3.8000
half duration:   3.7000
latitude:       24.1200
longitude:     142.2100
depth:          91.9000
Mrr:      -6.110000e+24
Mtt:      -1.933000e+25
Mpp:       2.545000e+25
Mrt:      -2.067000e+25
Mrp:       3.590000e+24
Mtp:      -2.126000e+25
