 PDE 2000  1  6 21 31  6.20  16.0900  119.4800  33.0 5.8 5.9 LUZON, PHILIPPINES
event name:     C010600E
time shift:      3.4000
half duration:   3.0000
latitude:       16.2100
longitude:     119.2900
depth:          15.0000
Mrr:       1.346000e+25
Mtt:      -1.200000e+23
Mpp:      -1.334000e+25
Mrt:      -3.830000e+24
Mrp:      -1.882000e+25
Mtp:      -1.610000e+24
