 PDE 2000  1  8 11 59 21.80 -23.1700  -70.1200  36.0 5.8 5.9 NEAR COAST OF NORTHERN CHILE
event name:     C010800F
time shift:      9.7000
half duration:   4.1000
latitude:      -23.2100
longitude:     -70.6600
depth:          41.0000
Mrr:       2.251000e+25
Mtt:       1.960000e+24
Mpp:      -2.448000e+25
Mrt:       7.800000e+24
Mrp:      -3.175000e+25
Mtp:       4.370000e+24
