 PDE 2004  1  3  8 13 10.40 -22.3200  169.6400  10.0 5.5 0.0 SOUTHEAST OF LOYALTY ISLANDS
event name:     C010304C
time shift:      5.6000
half duration:   1.9000
latitude:      -22.4800
longitude:     169.4200
depth:          14.6000
Mrr:      -5.710000e+24
Mtt:       3.650000e+24
Mpp:       2.050000e+24
Mrt:      -2.450000e+24
Mrp:       1.500000e+24
Mtp:      -2.310000e+24
