 PDE 1999  1  5  8 32 46.80 -18.5000 -174.0700  33.0 5.3 5.5 TONGA ISLANDS
event name:     C010599A
time shift:      7.3000
half duration:   2.3000
latitude:      -18.5400
longitude:    -173.6500
depth:          39.0000
Mrr:      -3.200000e+22
Mtt:      -1.744000e+24
Mpp:       1.776000e+24
Mrt:       8.852000e+24
Mrp:      -5.690000e+23
Mtp:      -4.498000e+24
