 PDE 2004  1  3  8  7 34.20 -22.3800  169.7300  10.0 5.6 5.9 SOUTHEAST OF LOYALTY ISLANDS
event name:     C010304A
time shift:      8.2000
half duration:   2.4000
latitude:      -22.4600
longitude:     169.5400
depth:          12.0000
Mrr:      -1.090000e+25
Mtt:       7.230000e+24
Mpp:       3.690000e+24
Mrt:       3.600000e+23
Mrp:       1.580000e+24
Mtp:      -5.330000e+24
