 PDE 2002  1  3 10 17 36.30 -17.6600  168.0000  10.0 5.8 6.4 VANUATU ISLANDS
event name:     C010302H
time shift:     13.3000
half duration:   5.2000
latitude:      -17.8400
longitude:     167.8200
depth:          20.0000
Mrr:       8.480000e+25
Mtt:       2.030000e+24
Mpp:      -8.683000e+25
Mrt:       1.043000e+25
Mrp:      -4.790000e+25
Mtp:       7.530000e+24
