 PDE 2004  1  1 20 59 31.90  -8.3100  115.7900  44.5 5.5 5.4 BALI REGION, INDONESIA
event name:     C010104J
time shift:      1.7000
half duration:   2.0000
latitude:       -8.4500
longitude:     115.8300
depth:          35.6000
Mrr:       1.690000e+24
Mtt:      -2.190000e+24
Mpp:       5.030000e+23
Mrt:       2.530000e+24
Mrp:       1.590000e+24
Mtp:       5.520000e+24
