 PDE 2004  1  9 22 35 31.20  -6.0700  149.4000  57.7 5.4 6.1 NEW BRITAIN REGION, P.N.G.
event name:     C010904C
time shift:      6.6000
half duration:   3.3000
latitude:       -6.2600
longitude:     149.5900
depth:          46.4000
Mrr:       2.690000e+25
Mtt:      -2.940000e+25
Mpp:       2.460000e+24
Mrt:       1.110000e+25
Mrp:       1.940000e+24
Mtp:      -1.660000e+24
