 PDE 2004  1  3 16 23 21.00 -22.2500  169.6800  22.0 6.4 7.1 SOUTHEAST OF LOYALTY ISLANDS
event name:     C010304J
time shift:      9.7000
half duration:   8.8000
latitude:      -22.4100
longitude:     169.7200
depth:          15.0000
Mrr:      -5.800000e+26
Mtt:       3.760000e+26
Mpp:       2.040000e+26
Mrt:      -1.610000e+26
Mrp:       3.600000e+24
Mtp:      -2.600000e+26
