 PDE 2002  1  3  7  5 27.70  36.0900   70.6900 129.3 5.8 0.0 HINDU KUSH REGION, AFGHANISTAN
event name:     C010302D
time shift:      2.4000
half duration:   2.7000
latitude:       35.7100
longitude:      70.7600
depth:         123.0000
Mrr:       1.186000e+25
Mtt:      -6.030000e+24
Mpp:      -5.830000e+24
Mrt:       8.080000e+24
Mrp:       4.070000e+24
Mtp:      -5.620000e+24
