 PDE 1998  1 12 16 36 20.20 -15.8500 -179.3800  23.4 5.8 6.7 FIJI ISLANDS REGION
event name:     C011298J
time shift:      8.7000
half duration:   5.2000
latitude:      -15.7800
longitude:    -179.1900
depth:          15.0000
Mrr:       1.050000e+25
Mtt:      -6.450000e+25
Mpp:       5.390000e+25
Mrt:      -3.800000e+24
Mrp:       4.000000e+23
Mtp:       1.026000e+26
