 PDE 2001  1 16 13 25  9.80  -4.0200  101.7800  28.0 6.5 6.8 SOUTHERN SUMATRA, INDONESIA
event name:     C011601D
time shift:      4.5000
half duration:   6.8000
latitude:       -4.3800
longitude:     101.4200
depth:          20.0000
Mrr:       8.470000e+25
Mtt:      -5.130000e+25
Mpp:      -3.340000e+25
Mrt:       1.569000e+26
Mrp:      -8.130000e+25
Mtp:       4.560000e+25
