 PDE 2000  1 13 20  7 14.40 -17.6100 -178.7400 535.0 5.4 0.0 FIJI ISLANDS REGION
event name:     C011300B
time shift:      7.2000
half duration:   3.3000
latitude:      -17.3800
longitude:    -178.6300
depth:         564.6000
Mrr:      -1.170000e+25
Mtt:       6.820000e+24
Mpp:       4.880000e+24
Mrt:       5.200000e+24
Mrp:      -1.155000e+25
Mtp:       2.025000e+25
