 PDE 2002  1 15  9  1 15.90  -5.5300  151.1000  41.1 5.5 6.1 NEW BRITAIN REGION, P.N.G.
event name:     C011502E
time shift:      8.1000
half duration:   3.2000
latitude:       -5.7500
longitude:     151.3600
depth:          48.0000
Mrr:       1.768000e+25
Mtt:      -1.941000e+25
Mpp:       1.730000e+24
Mrt:       9.510000e+24
Mrp:      -2.300000e+23
Mtp:      -7.840000e+24
