 PDE 2004  1 11  4 32 47.80 -36.7000   53.3500   5.3 6.1 6.1 SOUTH INDIAN OCEAN
event name:     C011104A
time shift:      3.5000
half duration:   2.9000
latitude:      -36.5800
longitude:      53.4400
depth:          12.0000
Mrr:       1.770000e+25
Mtt:      -1.780000e+25
Mpp:       1.100000e+23
Mrt:      -2.650000e+24
Mrp:       1.140000e+24
Mtp:      -1.280000e+25
