 PDE 1995  1 19 15  5  3.60   5.0700  -72.9200  18.0 6.4 6.6 COLOMBIA
event name:     C011995F
time shift:      7.1000
half duration:   5.3000
latitude:        5.1600
longitude:     -72.8500
depth:          16.0000
Mrr:       6.431000e+25
Mtt:      -2.146000e+25
Mpp:      -4.285000e+25
Mrt:      -1.352000e+25
Mrp:      -2.555000e+25
Mtp:      -3.067000e+25
