 PDE 1995  1 17 16 54 12.00 -20.8700 -179.2300 637.0 6.0 0.0 FIJI ISLANDS REGION
event name:     C011795B
time shift:      6.2000
half duration:   3.0000
latitude:      -20.7100
longitude:    -179.1300
depth:         649.4000
Mrr:      -2.900000e+24
Mtt:       1.342000e+25
Mpp:      -1.052000e+25
Mrt:       1.515000e+25
Mrp:      -2.691000e+25
Mtp:      -1.210000e+25
