 PDE 1998  1 10  8 20  5.80  14.3700  -91.4700  33.0 6.1 6.2 GUATEMALA
event name:     C011098D
time shift:      8.6000
half duration:   5.1000
latitude:       14.3700
longitude:     -91.9300
depth:          55.0000
Mrr:      -2.149000e+25
Mtt:      -1.194000e+25
Mpp:       3.343000e+25
Mrt:       6.023000e+25
Mrp:      -5.425000e+25
Mtp:      -2.947000e+25
