 PDE 2001  1 15  5 52 16.20 -40.3400   78.3600  10.0 5.7 6.3 MID-INDIAN RIDGE
event name:     C011501C
time shift:      6.3000
half duration:   3.6000
latitude:      -40.4100
longitude:      78.0300
depth:          15.0000
Mrr:      -5.730000e+24
Mtt:      -3.543000e+25
Mpp:       4.116000e+25
Mrt:       1.500000e+24
Mrp:      -5.340000e+24
Mtp:      -5.420000e+24
