 PDE 2004  1 16 18  7 55.70   7.6400  -37.7000  10.0 5.9 6.0 CENTRAL MID-ATLANTIC RIDGE
event name:     C011604D
time shift:      3.0000
half duration:   2.9000
latitude:        7.7900
longitude:     -37.7300
depth:          15.0000
Mrr:      -1.180000e+24
Mtt:      -1.430000e+24
Mpp:       2.620000e+24
Mrt:       2.030000e+24
Mrp:       6.380000e+24
Mtp:      -2.000000e+25
