 PDE 1998  1 12 10 14  7.60 -30.9900  -71.4100  34.8 5.8 6.2 NEAR COAST OF CENTRAL CHILE
event name:     C011298G
time shift:      8.2000
half duration:   4.9000
latitude:      -31.2500
longitude:     -71.8700
depth:          35.0000
Mrr:       6.913000e+25
Mtt:       9.100000e+23
Mpp:      -7.004000e+25
Mrt:       5.560000e+24
Mrp:      -5.180000e+25
Mtp:       6.830000e+24
