 PDE 1995  1 15 23 59 26.60  -5.2600  152.0200  66.0 5.7 5.9 NEW BRITAIN REGION, P.N.G.
event name:     C011595I
time shift:      3.1000
half duration:   2.6000
latitude:       -5.4000
longitude:     152.3300
depth:          31.7000
Mrr:       8.145000e+24
Mtt:      -8.129000e+24
Mpp:      -1.500000e+22
Mrt:       8.237000e+24
Mrp:       2.259000e+24
Mtp:      -2.517000e+24
