 PDE 2004  1 15  7 26 53.00  -3.5300  151.0600  10.0 5.7 6.1 NEW IRELAND REGION, P.N.G.
event name:     C011504C
time shift:      6.4000
half duration:   3.0000
latitude:       -3.3600
longitude:     151.0400
depth:          15.0000
Mrr:      -3.400000e+23
Mtt:       2.070000e+25
Mpp:      -2.040000e+25
Mrt:      -5.410000e+24
Mrp:       1.190000e+24
Mtp:       7.990000e+24
