 PDE 2002  1 15  7 12 58.00  -6.3100  105.2100  10.0 5.8 6.3 SUNDA STRAIT, INDONESIA
event name:     C011502D
time shift:      8.4000
half duration:   2.9000
latitude:       -6.1700
longitude:     105.3200
depth:          19.7000
Mrr:      -5.670000e+24
Mtt:      -5.260000e+24
Mpp:       1.094000e+25
Mrt:      -1.190000e+24
Mrp:       1.500000e+23
Mtp:       1.311000e+25
