 PDE 1998  1 10  4 54 25.40 -12.0300  -72.0700  33.0 5.7 5.9 CENTRAL PERU
event name:     C011098B
time shift:      4.7000
half duration:   2.9000
latitude:      -11.6000
longitude:     -72.0800
depth:          27.4000
Mrr:       1.494000e+25
Mtt:      -1.406000e+25
Mpp:      -8.800000e+23
Mrt:      -1.466000e+25
Mrp:       3.560000e+24
Mtp:       3.020000e+24
