 PDE 1999  1 12  2 32 25.60  26.7400  140.1700 440.6 5.9 0.0 BONIN ISLANDS, JAPAN REGION
event name:     C011299A
time shift:      5.5000
half duration:   2.3000
latitude:       26.6700
longitude:     140.3100
depth:         459.6000
Mrr:      -3.767000e+24
Mtt:      -1.812000e+24
Mpp:       5.579000e+24
Mrt:      -4.809000e+24
Mrp:      -5.000000e+21
Mtp:      -4.848000e+24
