 PDE 2002  1 16 23  9 52.10  15.5000  -93.1300  80.2 5.8 0.0 NEAR COAST OF CHIAPAS, MEXICO
event name:     C011602G
time shift:      4.9000
half duration:   3.8000
latitude:       15.6900
longitude:     -93.4400
depth:          55.7000
Mrr:      -1.059000e+25
Mtt:       8.030000e+24
Mpp:       2.560000e+24
Mrt:       3.548000e+25
Mrp:      -2.597000e+25
Mtp:      -4.330000e+24
