 PDE 2002  1 10 11 14 56.90  -3.2100  142.4300  11.0 6.0 6.6 NEAR N COAST OF NEW GUINEA, PNG.
event name:     C011002D
time shift:      8.4000
half duration:   5.7000
latitude:       -3.2100
longitude:     142.6800
depth:          18.0000
Mrr:       7.150000e+25
Mtt:      -3.400000e+25
Mpp:      -3.750000e+25
Mrt:      -7.000000e+24
Mrp:       1.042000e+26
Mtp:       7.550000e+25
