 PDE 2002  1 13 14 10 56.50  -5.6500  151.0700  43.6 5.9 6.4 NEW BRITAIN REGION, P.N.G.
event name:     C011302C
time shift:      7.3000
half duration:   3.8000
latitude:       -5.9100
longitude:     151.2500
depth:          38.6000
Mrr:       2.559000e+25
Mtt:      -3.194000e+25
Mpp:       6.360000e+24
Mrt:       2.385000e+25
Mrp:      -3.570000e+24
Mtp:      -8.390000e+24
