 PDE 1995  1 16 18 14 49.40  51.2400  179.1700  33.0 5.5 6.0 RAT ISLANDS, ALEUTIAN ISLANDS
event name:     C011695B
time shift:      4.3000
half duration:   3.7000
latitude:       51.3100
longitude:     179.1600
depth:          27.1000
Mrr:       2.259000e+25
Mtt:      -2.377000e+25
Mpp:       1.170000e+24
Mrt:       2.303000e+25
Mrp:       9.970000e+24
Mtp:      -6.180000e+24
