 PDE 2001  1 11  0  4  3.00  48.8900 -129.3100  10.0 5.4 5.8 VANCOUVER ISLAND, CANADA REGION
event name:     C011101A
time shift:      8.3000
half duration:   2.5000
latitude:       48.8800
longitude:    -129.3000
depth:          24.0000
Mrr:      -6.300000e+23
Mtt:      -1.152000e+25
Mpp:       1.215000e+25
Mrt:       7.200000e+23
Mrp:       1.000000e+22
Mtp:      -4.000000e+24
