 PDE 1995  1 16 20 46 51.10  34.5500  135.0000  16.0 6.4 6.8 NEAR S. COAST OF WESTERN HONSHU
event name:     C011695D
time shift:      8.3000
half duration:   6.6000
latitude:       34.7800
longitude:     134.9900
depth:          20.3000
Mrr:       6.070000e+25
Mtt:       1.905000e+26
Mpp:      -2.512000e+26
Mrt:      -6.880000e+25
Mrp:      -2.230000e+25
Mtp:      -5.670000e+25
