 PDE 1999  1 12  8 49 20.80  -5.4200  151.6800  42.6 5.5 5.9 NEW BRITAIN REGION, P.N.G.
event name:     C011299C
time shift:      7.2000
half duration:   2.7000
latitude:       -5.5900
longitude:     151.9700
depth:          32.0000
Mrr:       9.396000e+24
Mtt:      -9.693000e+24
Mpp:       2.970000e+23
Mrt:       8.723000e+24
Mrp:       1.494000e+24
Mtp:      -3.591000e+24
