 PDE 2003  1 10 13 11 56.90  -5.3100  153.7000  71.9 5.9 0.0 NEW IRELAND REGION, P.N.G.
event name:     C011003C
time shift:      2.5000
half duration:   4.7000
latitude:       -5.4400
longitude:     153.6100
depth:          41.0000
Mrr:       8.420000e+25
Mtt:      -3.770000e+25
Mpp:      -4.650000e+25
Mrt:       5.400000e+24
Mrp:       1.130000e+25
Mtp:       4.550000e+25
