 PDE 2000  1 15 12 49 45.10 -21.2200 -179.2600 632.8 5.4 0.0 FIJI ISLANDS REGION
event name:     C011500C
time shift:      5.2000
half duration:   2.5000
latitude:      -21.1100
longitude:    -179.1000
depth:         650.7000
Mrr:      -6.057000e+24
Mtt:      -4.300000e+23
Mpp:       6.486000e+24
Mrt:      -5.344000e+24
Mrp:      -8.367000e+24
Mtp:       1.258000e+24
