 PDE 2004  1 12 17 17  0.80 -22.0000  170.2500  10.0 5.2 5.5 SOUTHEAST OF LOYALTY ISLANDS
event name:     C011204D
time shift:      7.9000
half duration:   1.9000
latitude:      -22.1300
longitude:     170.1500
depth:          16.0000
Mrr:       3.850000e+24
Mtt:      -2.230000e+24
Mpp:      -1.620000e+24
Mrt:       3.400000e+24
Mrp:      -2.790000e+24
Mtp:       2.410000e+24
