 PDE 1998  1 14 17 24 10.40 -15.7300 -179.3300  33.0 5.8 6.5 FIJI ISLANDS REGION
event name:     C011498E
time shift:      5.6000
half duration:   4.4000
latitude:      -15.4900
longitude:    -179.1500
depth:          15.0000
Mrr:       4.530000e+24
Mtt:      -5.084000e+25
Mpp:       4.631000e+25
Mrt:       2.104000e+25
Mrp:      -1.310000e+24
Mtp:       5.208000e+25
