 PDE 1994  1 10 15 53 49.60 -13.3100  -69.3900 589.0 6.4 0.0 PERU-BOLIVIA BORDER REGION
event name:     C011094C
time shift:      9.1000
half duration:   6.3000
latitude:      -13.2800
longitude:     -69.2700
depth:         603.6000
Mrr:      -1.331000e+26
Mtt:       9.840000e+25
Mpp:       3.480000e+25
Mrt:      -2.170000e+26
Mrp:       4.770000e+25
Mtp:       1.740000e+25
