 PDE 1999  1 16 10 44 39.50  56.2300 -147.4300  21.0 5.9 5.7 GULF OF ALASKA
event name:     C011699F
time shift:      6.3000
half duration:   2.4000
latitude:       56.3500
longitude:    -147.3400
depth:          23.0000
Mrr:       6.362000e+24
Mtt:      -7.198000e+24
Mpp:       8.360000e+23
Mrt:       3.746000e+24
Mrp:      -6.332000e+24
Mtp:       4.665000e+24
