 PDE 2001  1 10 16  2 44.20  57.0800 -153.2100  33.0 6.2 6.8 KODIAK ISLAND REGION, ALASKA
event name:     C011001E
time shift:     10.3000
half duration:   7.2000
latitude:       56.9900
longitude:    -153.5600
depth:          21.0000
Mrr:       8.110000e+25
Mtt:      -5.710000e+25
Mpp:      -2.400000e+25
Mrt:       2.750000e+26
Mrp:       1.561000e+26
Mtp:      -5.380000e+25
