 PDE 1995  1 12 10 26 46.90  43.9900  147.0900  33.0 6.2 5.4 KURIL ISLANDS
event name:     C011295A
time shift:      7.3000
half duration:   2.5000
latitude:       43.8500
longitude:     147.1200
depth:          51.1000
Mrr:       5.878000e+24
Mtt:      -4.341000e+24
Mpp:      -1.537000e+24
Mrt:       6.408000e+24
Mrp:      -2.698000e+24
Mtp:      -4.877000e+24
