 PDE 1997  1 17 15 53 13.40  28.8100  129.9500  33.0 5.9 6.3 RYUKYU ISLANDS, JAPAN
event name:     C011797C
time shift:      3.7000
half duration:   3.1000
latitude:       28.7600
longitude:     129.8300
depth:          15.0000
Mrr:       2.280000e+24
Mtt:      -2.080000e+24
Mpp:      -2.000000e+23
Mrt:       1.266000e+25
Mrp:       2.369000e+25
Mtp:      -4.720000e+24
