 PDE 1997  1 17 11 20 22.00  -8.9000  123.5400 111.0 6.2 0.0 FLORES REGION, INDONESIA
event name:     C011797A
time shift:      6.0000
half duration:   3.1000
latitude:       -8.8800
longitude:     123.7200
depth:         113.3000
Mrr:      -1.890000e+24
Mtt:       1.960000e+24
Mpp:      -7.000000e+22
Mrt:       1.697000e+25
Mrp:       1.048000e+25
Mtp:      -2.730000e+24
