 PDE 2001  1 19  8 10 14.80 -11.6600  166.3800  50.0 5.7 6.1 SANTA CRUZ ISLANDS
event name:     C011901B
time shift:      4.8000
half duration:   3.4000
latitude:      -11.7200
longitude:     166.0800
depth:          48.0000
Mrr:       3.020000e+25
Mtt:      -2.310000e+24
Mpp:      -2.789000e+25
Mrt:       2.020000e+24
Mrp:       3.550000e+24
Mtp:       6.210000e+24
