 PDE 1999  1 19  3 35 33.80  -4.6000  153.2400 114.1 5.8 6.4 NEW IRELAND REGION, P.N.G.
event name:     C011999A
time shift:      9.6000
half duration:   7.5000
latitude:       -4.7200
longitude:     153.6600
depth:          87.5000
Mrr:       3.119000e+26
Mtt:      -9.520000e+25
Mpp:      -2.168000e+26
Mrt:      -9.550000e+25
Mrp:       1.498000e+26
Mtp:       1.722000e+26
