 PDE 2000  1 16 15  0 40.80 -30.2400 -178.1300  33.0 5.5 5.5 KERMADEC ISLANDS, NEW ZEALAND
event name:     C011600C
time shift:      6.3000
half duration:   2.1000
latitude:      -30.2500
longitude:    -177.6200
depth:          38.0000
Mrr:       5.570000e+24
Mtt:       7.490000e+23
Mpp:      -6.319000e+24
Mrt:       1.374000e+24
Mrp:       4.124000e+24
Mtp:      -1.521000e+24
