 PDE 2002  1 15  4 47 59.80 -17.3300  167.7200  10.0 5.5 6.1 VANUATU ISLANDS
event name:     C011502A
time shift:      8.9000
half duration:   2.6000
latitude:      -17.4000
longitude:     167.6800
depth:          17.0000
Mrr:       5.280000e+24
Mtt:       5.790000e+24
Mpp:      -1.107000e+25
Mrt:       3.320000e+24
Mrp:      -4.470000e+24
Mtp:       6.770000e+24
