 PDE 1996  1 17 10  6 45.10  -4.4400  140.0500 104.0 5.6 0.0 IRIAN JAYA, INDONESIA
event name:     C011796A
time shift:      6.5000
half duration:   2.7000
latitude:       -4.2300
longitude:     139.9800
depth:          96.6000
Mrr:       6.870000e+24
Mtt:      -1.249000e+25
Mpp:       5.620000e+24
Mrt:      -9.860000e+24
Mrp:       3.720000e+24
Mtp:      -3.850000e+24
