 PDE 1999  1 24  0 37  4.60  30.6200  131.0900  33.0 6.1 6.1 KYUSHU, JAPAN
event name:     C012499A
time shift:      4.5000
half duration:   3.7000
latitude:       30.5600
longitude:     131.2300
depth:          28.3000
Mrr:      -1.366000e+25
Mtt:      -4.940000e+24
Mpp:       1.861000e+25
Mrt:       4.420000e+24
Mrp:       3.628000e+25
Mtp:       1.854000e+25
