 PDE 1996  1 22 23 20  1.20 -60.6200  -25.7300  33.0 5.7 6.0 SOUTH SANDWICH ISLANDS REGION
event name:     C012296D
time shift:      2.0000
half duration:   3.1000
latitude:      -61.1500
longitude:     -25.3300
depth:          15.0000
Mrr:      -1.519000e+25
Mtt:       2.245000e+25
Mpp:      -7.260000e+24
Mrt:       6.540000e+24
Mrp:      -8.700000e+23
Mtp:       7.450000e+24
