 PDE 1998  1 27 19 55  1.20 -22.5400  179.0500 611.0 5.6 0.0 SOUTH OF FIJI ISLANDS
event name:     C012798D
time shift:      5.7000
half duration:   3.5000
latitude:      -22.5300
longitude:     179.2900
depth:         616.9000
Mrr:      -1.424000e+25
Mtt:       9.570000e+24
Mpp:       4.670000e+24
Mrt:      -9.880000e+24
Mrp:      -1.650000e+24
Mtp:      -3.189000e+25
