 PDE 2002  1 28 13 50 28.70  49.3800  155.5900  33.0 6.1 5.7 KURIL ISLANDS
event name:     C012802C
time shift:      6.3000
half duration:   2.8000
latitude:       49.3200
longitude:     156.1000
depth:          49.0000
Mrr:       1.373000e+25
Mtt:      -3.790000e+24
Mpp:      -9.940000e+24
Mrt:       2.820000e+24
Mrp:       4.840000e+24
Mtp:      -7.760000e+24
