 PDE 1999  1 24  7  1 58.40 -21.1300 -174.6600  33.0 5.7 5.9 TONGA ISLANDS
event name:     C012499C
time shift:      4.1000
half duration:   2.8000
latitude:      -21.3800
longitude:    -173.9000
depth:          16.0000
Mrr:       1.236000e+25
Mtt:       4.200000e+23
Mpp:      -1.278000e+25
Mrt:       4.860000e+24
Mrp:       1.061000e+25
Mtp:      -5.890000e+24
