 PDE 2003  1 27  5 26 23.00  39.5000   39.8800  10.0 5.6 6.0 TURKEY
event name:     C012703A
time shift:      7.8000
half duration:   2.5000
latitude:       39.5800
longitude:      39.6600
depth:          15.0000
Mrr:       5.000000e+22
Mtt:      -1.110000e+25
Mpp:       1.110000e+25
Mrt:      -3.290000e+24
Mrp:      -1.240000e+24
Mtp:       7.540000e+24
