 PDE 2001  1 29 23 21 25.90  -0.6800  133.3300  33.0 5.9 5.8 IRIAN JAYA REGION, INDONESIA
event name:     C012901E
time shift:      2.9000
half duration:   3.1000
latitude:       -0.7500
longitude:     133.3800
depth:          15.0000
Mrr:       1.768000e+25
Mtt:      -1.138000e+25
Mpp:      -6.310000e+24
Mrt:      -1.415000e+25
Mrp:       1.154000e+25
Mtp:       9.250000e+24
