 PDE 2000  1 26 13 26 50.00 -17.2700 -174.0000  33.0 5.9 6.0 TONGA ISLANDS
event name:     C012600A
time shift:     11.0000
half duration:   3.6000
latitude:      -17.2100
longitude:    -173.5100
depth:          69.2000
Mrr:      -1.354000e+25
Mtt:      -3.000000e+23
Mpp:       1.384000e+25
Mrt:      -3.130000e+24
Mrp:      -2.526000e+25
Mtp:       5.720000e+24
