 PDE 1999  1 25 18 19 16.90   4.4600  -75.7200  17.0 5.9 5.7 COLOMBIA
event name:     C012599F
time shift:      7.3000
half duration:   3.0000
latitude:        4.5800
longitude:     -75.7500
depth:          27.7000
Mrr:      -3.980000e+24
Mtt:      -5.040000e+24
Mpp:       9.030000e+24
Mrt:      -9.940000e+24
Mrp:      -4.610000e+24
Mtp:      -1.504000e+25
