 PDE 1995  1 21  8 47 29.90  43.3300  146.7200  63.0 6.5 0.0 KURIL ISLANDS
event name:     C012195D
time shift:      4.2000
half duration:   3.2000
latitude:       43.3500
longitude:     146.8500
depth:          70.2000
Mrr:       1.751000e+25
Mtt:      -1.019000e+25
Mpp:      -7.320000e+24
Mrt:       1.960000e+25
Mrp:       8.780000e+24
Mtp:      -1.014000e+25
