 PDE 1998  1 27 21  5 44.40 -22.4100  179.0400 610.1 5.6 0.0 SOUTH OF FIJI ISLANDS
event name:     C012798E
time shift:      6.6000
half duration:   4.1000
latitude:      -22.3900
longitude:     179.2900
depth:         629.4000
Mrr:      -4.557000e+25
Mtt:       4.478000e+25
Mpp:       7.900000e+23
Mrt:       1.232000e+25
Mrp:      -2.930000e+24
Mtp:      -3.017000e+25
