 PDE 2004  1 24 13  1 45.70  52.1200  -30.1800  10.0 5.6 5.4 NORTHERN MID-ATLANTIC RIDGE
event name:     C012404A
time shift:      2.3000
half duration:   1.9000
latitude:       52.1700
longitude:     -30.0600
depth:          12.0000
Mrr:      -2.670000e+23
Mtt:      -1.160000e+24
Mpp:       1.430000e+24
Mrt:       1.810000e+23
Mrp:       8.410000e+23
Mtp:      -5.590000e+24
