 PDE 2003  1 21  2 46 47.70  13.6300  -90.7700  24.0 5.5 6.3 NEAR COAST OF GUATEMALA
event name:     C012103B
time shift:      7.7000
half duration:   4.0000
latitude:       13.5300
longitude:     -91.3100
depth:          41.0000
Mrr:       4.830000e+25
Mtt:      -3.910000e+25
Mpp:      -9.200000e+24
Mrt:       1.760000e+25
Mrp:      -1.470000e+25
Mtp:       1.930000e+25
