 PDE 2004  1 28 22 15 30.70  -3.1200  127.4000  17.4 6.0 6.5 SERAM, INDONESIA
event name:     C012804H
time shift:      3.3000
half duration:   5.0000
latitude:       -3.1100
longitude:     127.3000
depth:          16.8000
Mrr:      -1.670000e+25
Mtt:       3.840000e+25
Mpp:      -2.160000e+25
Mrt:       8.700000e+24
Mrp:       7.480000e+25
Mtp:       7.310000e+25
