 PDE 1999  1 24  8  0  8.50 -26.4600   74.4800  10.0 6.0 6.3 MID-INDIAN RIDGE
event name:     C012499D
time shift:      5.3000
half duration:   3.0000
latitude:      -26.2500
longitude:      74.3700
depth:          15.0000
Mrr:       2.966000e+25
Mtt:      -1.684000e+25
Mpp:      -1.281000e+25
Mrt:       8.700000e+23
Mrp:      -7.700000e+23
Mtp:       1.336000e+25
