 PDE 1997  1 23  2 15 22.90 -22.0000  -65.7200 276.0 6.4 0.0 JUJUY PROVINCE, ARGENTINA
event name:     C012397B
time shift:      9.0000
half duration:   9.0000
latitude:      -22.0400
longitude:     -65.9200
depth:         281.6000
Mrr:      -1.300000e+24
Mtt:       3.200000e+24
Mpp:      -1.900000e+24
Mrt:       9.550000e+25
Mrp:      -5.703000e+26
Mtp:      -3.690000e+25
