 PDE 1995  1 24 22 36 35.30  -5.9300  154.4900  33.0 5.7 6.2 SOLOMON ISLANDS
event name:     C012495D
time shift:      7.2000
half duration:   3.6000
latitude:       -6.1000
longitude:     154.3700
depth:          52.4000
Mrr:       1.573000e+25
Mtt:      -8.390000e+24
Mpp:      -7.350000e+24
Mrt:       1.150000e+24
Mrp:      -2.200000e+23
Mtp:       8.270000e+24
