 PDE 2000  1 28 16 39 24.30  26.0800  124.5000 193.9 6.1 0.0 NORTHEAST OF TAIWAN
event name:     C012800C
time shift:      0.2000
half duration:   2.5000
latitude:       25.9200
longitude:     124.5600
depth:         200.8000
Mrr:      -7.941000e+24
Mtt:       3.545000e+24
Mpp:       4.396000e+24
Mrt:      -9.997000e+24
Mrp:      -2.625000e+24
Mtp:      -1.676000e+24
