 PDE 2004  1 29  3 52 52.30 -50.2100 -114.7800  10.0 5.3 6.0 SOUTHERN EAST PACIFIC RISE
event name:     C012904B
time shift:      6.7000
half duration:   2.7000
latitude:      -50.0300
longitude:    -114.8500
depth:          15.0000
Mrr:      -8.500000e+23
Mtt:       8.570000e+24
Mpp:      -7.710000e+24
Mrt:       7.800000e+23
Mrp:       1.740000e+24
Mtp:       1.520000e+25
