 PDE 1997  1 29 23 19 20.80 -12.9000  166.3800  33.0 5.5 6.0 SANTA CRUZ ISLANDS
event name:     C012997C
time shift:      6.9000
half duration:   3.1000
latitude:      -12.8700
longitude:     166.2600
depth:          36.0000
Mrr:       2.029000e+25
Mtt:      -5.400000e+23
Mpp:      -1.975000e+25
Mrt:       4.540000e+24
Mrp:       5.600000e+23
Mtp:       6.550000e+24
