 PDE 2003  1 27 17 56 25.80 -46.0500   35.0600  10.0 5.6 6.3 PRINCE EDWARD ISLANDS REGION
event name:     C012703B
time shift:     14.8000
half duration:   3.9000
latitude:      -45.4300
longitude:      35.2800
depth:          15.0000
Mrr:      -4.390000e+24
Mtt:       2.760000e+25
Mpp:      -2.320000e+25
Mrt:      -3.560000e+24
Mrp:      -6.200000e+24
Mtp:       4.320000e+25
