 PDE 2002  1 22  4 53 52.70  35.7900   26.6200  88.0 6.2 0.0 CRETE, GREECE
event name:     C012202A
time shift:      3.2000
half duration:   3.2000
latitude:       35.5300
longitude:      26.5900
depth:          90.3000
Mrr:      -6.300000e+23
Mtt:       6.100000e+23
Mpp:       2.000000e+22
Mrt:       1.780000e+25
Mrp:      -1.020000e+24
Mtp:       1.098000e+25
