 PDE 2004  1 25 11 43 11.90 -16.8300 -174.2000 129.8 6.4 0.0 TONGA ISLANDS
event name:     C012504B
time shift:      5.3000
half duration:   5.1000
latitude:      -16.7500
longitude:    -173.7900
depth:         143.4000
Mrr:       6.120000e+25
Mtt:      -4.740000e+25
Mpp:      -1.380000e+25
Mrt:      -8.100000e+24
Mrp:       8.070000e+25
Mtp:      -5.960000e+25
