 PDE 2002  1 28 15  9 55.90 -15.3000 -173.2300  33.0 5.5 6.1 SAMOA ISLANDS REGION
event name:     C012802D
time shift:      8.1000
half duration:   2.8000
latitude:      -15.2500
longitude:    -172.7600
depth:          15.0000
Mrr:       1.136000e+25
Mtt:       2.630000e+24
Mpp:      -1.399000e+25
Mrt:       3.910000e+24
Mrp:       1.607000e+25
Mtp:       3.410000e+24
