 PDE 1999  1 28  8 10  5.40  52.8900 -169.1200  67.2 6.3 6.1 FOX ISLANDS, ALEUTIAN ISLANDS
event name:     C012899B
time shift:      3.4000
half duration:   4.9000
latitude:       52.8600
longitude:    -169.1000
depth:          51.1000
Mrr:       5.234000e+25
Mtt:      -4.470000e+25
Mpp:      -7.640000e+24
Mrt:      -7.531000e+25
Mrp:       3.390000e+24
Mtp:       2.908000e+25
