 PDE 1995  1 27 20 16 53.70  -4.4600  134.4600  33.0 6.2 6.8 IRIAN JAYA REGION, INDONESIA
event name:     C012795G
time shift:     11.5000
half duration:   6.6000
latitude:       -4.3700
longitude:     134.3900
depth:          15.0000
Mrr:      -4.120000e+25
Mtt:      -7.590000e+25
Mpp:       1.171000e+26
Mrt:       8.870000e+25
Mrp:      -8.670000e+25
Mtp:       7.920000e+25
