 PDE 1999  1 28 18 24 25.30  -4.5800  153.6600 101.0 5.6 0.0 NEW IRELAND REGION, P.N.G.
event name:     C012899E
time shift:      6.6000
half duration:   3.6000
latitude:       -4.5000
longitude:     153.5500
depth:          95.5000
Mrr:       3.346000e+25
Mtt:      -1.185000e+25
Mpp:      -2.162000e+25
Mrt:      -1.197000e+25
Mrp:       1.298000e+25
Mtp:       1.910000e+25
