 PDE 2000  1 28 14 21  7.30  43.0500  146.8400  61.1 6.7 6.6 KURIL ISLANDS
event name:     C012800B
time shift:      5.0000
half duration:   6.4000
latitude:       43.0800
longitude:     146.8100
depth:          50.0000
Mrr:       5.060000e+25
Mtt:       5.970000e+25
Mpp:      -1.103000e+26
Mrt:       1.340000e+26
Mrp:       6.280000e+25
Mtp:      -9.060000e+25
