 PDE 1995  1 21  7 30 23.40   2.5300  126.9000  47.0 6.1 6.1 NORTHERN MOLUCCA SEA
event name:     C012195C
time shift:      4.3000
half duration:   3.3000
latitude:        2.7400
longitude:     126.8200
depth:          32.3000
Mrr:       2.082000e+25
Mtt:      -2.730000e+24
Mpp:      -1.809000e+25
Mrt:       7.950000e+24
Mrp:      -1.215000e+25
Mtp:       5.870000e+24
