 PDE 1996  1 30 22  0 12.40 -32.8800 -178.3400  33.0 5.5 6.2 SOUTH OF KERMADEC ISLANDS
event name:     C013096E
time shift:      3.4000
half duration:   2.6000
latitude:      -32.8100
longitude:    -177.7700
depth:          15.0000
Mrr:       5.020000e+24
Mtt:       9.300000e+23
Mpp:      -5.940000e+24
Mrt:       3.320000e+24
Mrp:       1.039000e+25
Mtp:      -2.760000e+24
