 PDE 2002  1 30 12 58 19.20  -6.2500  150.8900  33.0 5.9 6.0 NEW BRITAIN REGION, P.N.G.
event name:     C013002B
time shift:      5.9000
half duration:   2.3000
latitude:       -6.3300
longitude:     151.1400
depth:          17.0000
Mrr:       5.970000e+24
Mtt:      -3.640000e+24
Mpp:      -2.330000e+24
Mrt:       1.017000e+25
Mrp:       3.310000e+24
Mtp:      -4.800000e+23
