 PDE 1998  1 30 12 16  8.70 -23.9100  -70.2100  42.0 6.3 6.5 NEAR COAST OF NORTHERN CHILE
event name:     C013098B
time shift:     11.7000
half duration:   8.4000
latitude:      -24.0200
longitude:     -70.6200
depth:          41.0000
Mrr:       2.260000e+26
Mtt:       3.070000e+25
Mpp:      -2.567000e+26
Mrt:       5.650000e+25
Mrp:      -3.669000e+26
Mtp:       4.800000e+24
