 PDE 1998  1 31 23 30 42.00 -35.7600  -97.0600  10.0 5.0 5.4 WEST CHILE RISE
event name:     C013198C
time shift:      1.4000
half duration:   2.5000
latitude:      -36.3800
longitude:     -97.8300
depth:          15.0000
Mrr:      -7.800000e+23
Mtt:      -4.000000e+22
Mpp:       8.200000e+23
Mrt:       1.640000e+24
Mrp:      -1.190000e+24
Mtp:      -1.231000e+25
