 PDE 1996  1 30 22 29 57.30 -32.8300 -178.2700  33.0 5.5 6.7 SOUTH OF KERMADEC ISLANDS
event name:     C013096F
time shift:      7.0000
half duration:   3.6000
latitude:      -32.7200
longitude:    -177.7100
depth:          15.0000
Mrr:       2.336000e+25
Mtt:       3.040000e+24
Mpp:      -2.639000e+25
Mrt:       1.324000e+25
Mrp:       3.297000e+25
Mtp:      -1.080000e+25
