 PDE 1998  2  7  1 18 59.50  24.8200  141.7500 525.3 5.9 0.0 VOLCANO ISLANDS, JAPAN REGION
event name:     C020798B
time shift:      6.7000
half duration:   4.1000
latitude:       24.9200
longitude:     141.8700
depth:         533.6000
Mrr:      -2.520000e+25
Mtt:       1.447000e+25
Mpp:       1.073000e+25
Mrt:       4.760000e+24
Mrp:      -3.157000e+25
Mtp:      -2.875000e+25
