 PDE 1997  2  4 10 37 47.10  37.6600   57.2900  10.0 5.9 6.8 TURKMENISTAN-IRAN BORDER REGION
event name:     C020497C
time shift:      5.4000
half duration:   4.5000
latitude:       37.8200
longitude:      57.5000
depth:          15.0000
Mrr:      -1.760000e+24
Mtt:      -5.873000e+25
Mpp:       6.049000e+25
Mrt:       1.488000e+25
Mrp:      -2.860000e+24
Mtp:       2.709000e+25
