 PDE 2002  2  5 13 27 24.70  -5.3400  151.2500  39.0 5.8 6.3 NEW BRITAIN REGION, P.N.G.
event name:     C020502B
time shift:     11.9000
half duration:   5.0000
latitude:       -5.7400
longitude:     151.3900
depth:          48.0000
Mrr:       7.414000e+25
Mtt:      -7.765000e+25
Mpp:       3.510000e+24
Mrt:       3.799000e+25
Mrp:      -5.680000e+24
Mtp:      -2.953000e+25
