 PDE 1995  2  8 18 40 25.10   4.1600  -76.6400  69.0 6.3 0.0 COLOMBIA
event name:     C020895E
time shift:      5.8000
half duration:   3.9000
latitude:        4.0900
longitude:     -76.3600
depth:          68.2000
Mrr:      -2.692000e+25
Mtt:       6.520000e+24
Mpp:       2.040000e+25
Mrt:      -1.532000e+25
Mrp:      -2.631000e+25
Mtp:       1.231000e+25
