 PDE 1998  2  4 14 33 21.30  37.0800   70.0900  33.0 5.6 6.1 AFGHANISTAN-TAJIKISTAN BORD REG.
event name:     C020498B
time shift:      1.5000
half duration:   2.3000
latitude:       37.1300
longitude:      69.9200
depth:          33.8000
Mrr:       8.660000e+23
Mtt:      -7.589000e+24
Mpp:       6.723000e+24
Mrt:       2.057000e+24
Mrp:      -5.060000e+23
Mtp:      -3.813000e+24
