 PDE 2000  2  6 11 33 52.30  -5.8400  150.8800  33.0 6.6 6.8 NEW BRITAIN REGION, P.N.G.
event name:     C020600C
time shift:      9.4000
half duration:   5.4000
latitude:       -6.0600
longitude:     151.1900
depth:          45.0000
Mrr:       6.648000e+25
Mtt:      -4.723000e+25
Mpp:      -1.924000e+25
Mrt:       6.001000e+25
Mrp:       2.866000e+25
Mtp:      -3.096000e+25
