 PDE 2004  2  8  8 58 51.80  -3.6600  135.3400  25.7 5.7 6.9 IRIAN JAYA REGION, INDONESIA
event name:     C020804C
time shift:      3.0000
half duration:   5.3000
latitude:       -3.7200
longitude:     135.4000
depth:          12.0000
Mrr:      -3.980000e+25
Mtt:      -8.000000e+25
Mpp:       1.200000e+26
Mrt:      -4.320000e+25
Mrp:       4.030000e+25
Mtp:       4.600000e+24
