 PDE 1996  2  9 17 33 52.50  -6.0000  146.6200  54.0 5.6 5.8 EASTERN NEW GUINEA REG., P.N.G.
event name:     C020996B
time shift:      6.0000
half duration:   2.9000
latitude:       -6.0100
longitude:     146.7400
depth:          25.2000
Mrr:      -4.100000e+23
Mtt:      -3.810000e+24
Mpp:       4.210000e+24
Mrt:       1.525000e+25
Mrp:      -9.100000e+24
Mtp:       1.700000e+23
