 PDE 1996  2  1  7 18  5.30  44.8600  146.2900 180.0 5.7 0.0 KURIL ISLANDS
event name:     C020196B
time shift:      2.5000
half duration:   3.0000
latitude:       44.7900
longitude:     146.3300
depth:         170.2000
Mrr:       7.300000e+23
Mtt:       1.713000e+25
Mpp:      -1.787000e+25
Mrt:       8.470000e+24
Mrp:      -8.440000e+24
Mtp:      -7.800000e+24
