 PDE 2004  2  5 21  5  2.80  -3.6200  135.5400  16.6 6.1 7.1 IRIAN JAYA REGION, INDONESIA
event name:     C020504B
time shift:     10.0000
half duration:   7.5000
latitude:       -3.6200
longitude:     135.5300
depth:          13.0000
Mrr:      -6.540000e+25
Mtt:      -1.990000e+26
Mpp:       2.640000e+26
Mrt:      -1.570000e+26
Mrp:       1.840000e+26
Mtp:       1.330000e+25
