 PDE 2002  2  3  7 11 28.40  38.5700   31.2700   5.0 5.7 6.4 TURKEY
event name:     C020302A
time shift:     14.7000
half duration:   4.4000
latitude:       38.6200
longitude:      31.2100
depth:          15.0000
Mrr:      -4.801000e+25
Mtt:       6.054000e+25
Mpp:      -1.253000e+25
Mrt:      -1.584000e+25
Mrp:      -1.132000e+25
Mtp:       1.823000e+25
