 PDE 1999  2  3  1 13 57.60 -20.3100 -174.3700  33.0 5.8 6.2 TONGA ISLANDS
event name:     C020399A
time shift:      4.3000
half duration:   2.9000
latitude:      -20.1200
longitude:    -174.7500
depth:          15.0000
Mrr:      -4.040000e+24
Mtt:      -3.350000e+24
Mpp:       7.390000e+24
Mrt:       9.670000e+24
Mrp:       2.321000e+25
Mtp:       4.910000e+24
