 PDE 2004  2  3 23  9 31.60  -3.7300  140.3800  46.1 5.7 5.5 IRIAN JAYA, INDONESIA
event name:     C020304D
time shift:      2.8000
half duration:   2.2000
latitude:       -3.5400
longitude:     140.5700
depth:          43.0000
Mrr:       6.970000e+24
Mtt:      -5.280000e+24
Mpp:      -1.690000e+24
Mrt:      -2.300000e+23
Mrp:       3.830000e+24
Mtp:       4.780000e+24
