 PDE 1997  2  9 12 32 36.20 -14.4900  -76.2800  33.0 5.7 5.8 NEAR COAST OF PERU
event name:     C020997C
time shift:      5.5000
half duration:   2.9000
latitude:      -14.4100
longitude:     -76.4200
depth:          20.0000
Mrr:       9.320000e+24
Mtt:      -1.300000e+24
Mpp:      -8.020000e+24
Mrt:       2.570000e+24
Mrp:      -1.346000e+25
Mtp:       5.420000e+24
