 PDE 2002  2  1 21 55 21.00  45.4600  136.7200 355.5 6.2 0.0 PRIMOR'YE, RUSSIA
event name:     C020102B
time shift:      4.3000
half duration:   2.0000
latitude:       45.5000
longitude:     136.6600
depth:         369.6000
Mrr:      -1.816000e+24
Mtt:       2.481000e+24
Mpp:      -6.650000e+23
Mrt:      -6.362000e+24
Mrp:      -1.130000e+24
Mtp:      -2.870000e+24
