 PDE 2001  2  1 18 19 30.40  51.4400 -177.8000  33.0 5.6 5.6 ANDREANOF ISLANDS, ALEUTIAN IS.
event name:     C020101D
time shift:      3.8000
half duration:   2.4000
latitude:       51.4500
longitude:    -177.5000
depth:          37.0000
Mrr:       7.500000e+24
Mtt:      -6.871000e+24
Mpp:      -6.290000e+23
Mrt:       6.229000e+24
Mrp:       3.612000e+24
Mtp:      -3.596000e+24
