 PDE 1995  2  3  2 31 34.80 -62.7100  155.9000  10.0 5.6 6.3 BALLENY ISLANDS REGION
event name:     C020395A
time shift:     10.8000
half duration:   4.0000
latitude:      -62.7400
longitude:     155.1800
depth:          15.0000
Mrr:      -2.090000e+24
Mtt:       4.383000e+25
Mpp:      -4.174000e+25
Mrt:      -2.020000e+24
Mrp:      -7.680000e+24
Mtp:      -2.898000e+25
