 PDE 1996  2  3 11 14 19.80  27.3000  100.3400  10.0 6.3 6.5 YUNNAN, CHINA
event name:     C020396B
time shift:     12.0000
half duration:   5.2000
latitude:       27.1500
longitude:     100.2800
depth:          15.0000
Mrr:      -8.625000e+25
Mtt:      -9.700000e+23
Mpp:       8.722000e+25
Mrt:      -3.063000e+25
Mrp:       2.962000e+25
Mtp:      -2.350000e+25
