 PDE 2004  2  4 11 59 47.70   8.3600  -82.8800  29.2 5.6 5.9 COSTA RICA
event name:     C020404E
time shift:      3.0000
half duration:   2.7000
latitude:        8.4500
longitude:     -83.0200
depth:          27.6000
Mrr:       4.000000e+22
Mtt:      -4.500000e+23
Mpp:       4.100000e+23
Mrt:      -2.850000e+24
Mrp:       5.190000e+24
Mtp:       1.500000e+25
