 PDE 1997  2  7  8 41 13.40 -19.8600 -173.2900  28.0 6.0 6.2 TONGA ISLANDS REGION
event name:     C020797A
time shift:      8.1000
half duration:   4.0000
latitude:      -19.8500
longitude:    -172.8500
depth:          33.0000
Mrr:       4.020000e+25
Mtt:       5.040000e+24
Mpp:      -4.524000e+25
Mrt:       2.057000e+25
Mrp:      -9.020000e+24
Mtp:       8.900000e+23
