 PDE 1998  2  3  3  2  0.20  15.8800  -96.3000  33.0 6.0 6.2 NEAR COAST OF OAXACA, MEXICO
event name:     C020398A
time shift:      4.5000
half duration:   3.7000
latitude:       15.9200
longitude:     -96.2200
depth:          24.0000
Mrr:       3.609000e+25
Mtt:      -3.558000e+25
Mpp:      -5.000000e+23
Mrt:       6.130000e+24
Mrp:       5.420000e+24
Mtp:       5.620000e+24
