 PDE 1996  2 16  9 44 58.10  -1.5200  -15.2200  10.0 6.0 6.3 NORTH OF ASCENSION ISLAND
event name:     C021696A
time shift:      7.0000
half duration:   4.7000
latitude:       -1.1100
longitude:     -15.2500
depth:          15.0000
Mrr:      -4.160000e+24
Mtt:       3.200000e+25
Mpp:      -2.784000e+25
Mrt:       7.630000e+24
Mrp:       2.867000e+25
Mtp:      -7.200000e+25
