 PDE 1995  2 13  8 43 39.70  -1.3100  127.4200  33.0 6.1 6.2 HALMAHERA, INDONESIA
event name:     C021395C
time shift:      4.8000
half duration:   3.4000
latitude:       -1.4000
longitude:     127.6400
depth:          15.0000
Mrr:      -1.886000e+25
Mtt:       1.700000e+24
Mpp:       1.715000e+25
Mrt:       1.086000e+25
Mrp:       1.358000e+25
Mtp:       1.260000e+25
