 PDE 1995  2 13  0 11 47.70 -37.5400  178.5400  28.0 5.6 6.2 OFF E. COAST OF N. ISLAND, N.Z.
event name:     C021395A
time shift:      2.2000
half duration:   2.3000
latitude:      -37.0800
longitude:     179.0800
depth:          21.2000
Mrr:       2.400000e+24
Mtt:      -5.886000e+24
Mpp:       3.486000e+24
Mrt:      -3.250000e+23
Mrp:       5.968000e+24
Mtp:      -5.563000e+24
