 PDE 2003  2 15 11  1 59.90  12.1700  124.0800  10.0 5.8 6.2 LUZON, PHILIPPINES
event name:     C021503C
time shift:      3.5000
half duration:   3.2000
latitude:       12.2500
longitude:     123.9200
depth:          15.0000
Mrr:      -8.200000e+23
Mtt:       2.760000e+25
Mpp:      -2.670000e+25
Mrt:       3.340000e+24
Mrp:       1.900000e+24
Mtp:      -8.290000e+24
