 PDE 2000  2 15  2  5  0.50  17.6700  145.4000 521.5 5.9 0.0 MARIANA ISLANDS
event name:     C021500A
time shift:      4.6000
half duration:   2.2000
latitude:       17.6700
longitude:     145.5400
depth:         525.5000
Mrr:      -4.928000e+24
Mtt:       1.308000e+24
Mpp:       3.620000e+24
Mrt:      -3.256000e+24
Mrp:      -2.405000e+24
Mtp:       3.351000e+24
