 PDE 2003  2 19  3 32 36.40  53.6500 -164.6400  19.0 5.8 6.6 UNIMAK ISLAND REGION, ALASKA
event name:     C021903C
time shift:      7.5000
half duration:   4.9000
latitude:       53.4100
longitude:    -164.5300
depth:          28.0000
Mrr:       6.440000e+25
Mtt:      -5.570000e+25
Mpp:      -8.600000e+24
Mrt:       6.810000e+25
Mrp:       3.740000e+25
Mtp:      -2.830000e+25
