 PDE 1998  2 16 23 53 19.70  52.7200  -33.6800  10.0 6.1 6.6 REYKJANES RIDGE
event name:     C021698C
time shift:      7.5000
half duration:   5.7000
latitude:       52.7600
longitude:     -33.7800
depth:          15.0000
Mrr:      -9.500000e+24
Mtt:      -2.330000e+25
Mpp:       3.280000e+25
Mrt:       5.530000e+25
Mrp:       2.360000e+25
Mtp:      -1.313000e+26
