 PDE 2001  2 16  5 59  9.50  -7.1600  117.4900 521.0 5.9 0.0 BALI SEA
event name:     C021601C
time shift:      5.4000
half duration:   2.7000
latitude:       -7.1100
longitude:     117.6200
depth:         537.9000
Mrr:      -1.295000e+25
Mtt:       1.148000e+25
Mpp:       1.480000e+24
Mrt:       6.380000e+24
Mrp:      -5.100000e+24
Mtp:       3.350000e+24
