 PDE 1999  2 14 21 12 24.60 -15.5100  168.0000  10.0 5.9 5.5 VANUATU ISLANDS
event name:     C021499H
time shift:      6.8000
half duration:   2.4000
latitude:      -15.5200
longitude:     168.1000
depth:          15.0000
Mrr:       9.208000e+24
Mtt:      -6.880000e+23
Mpp:      -8.520000e+24
Mrt:       2.559000e+24
Mrp:       2.817000e+24
Mtp:       2.048000e+24
