 PDE 1999  2 11 14  8 51.70  34.2600   69.3600  33.0 5.4 5.8 SOUTHEASTERN AFGHANISTAN
event name:     C021199B
time shift:      5.2000
half duration:   2.6000
latitude:       34.2600
longitude:      68.7700
depth:          33.0000
Mrr:      -5.830000e+23
Mtt:      -5.566000e+24
Mpp:       6.149000e+24
Mrt:       5.236000e+24
Mrp:      -3.520000e+23
Mtp:      -9.936000e+24
