 PDE 2001  2 14 14 16 59.20 -19.6900  177.3900  10.0 5.6 5.9 SOUTH OF FIJI ISLANDS
event name:     C021401G
time shift:      5.5000
half duration:   2.8000
latitude:      -19.8000
longitude:     177.4400
depth:          15.0000
Mrr:      -1.790000e+24
Mtt:      -1.878000e+25
Mpp:       2.056000e+25
Mrt:      -5.170000e+24
Mrp:       1.067000e+25
Mtp:       2.820000e+24
