 PDE 2001  2 17 20 11 30.00  53.9200 -133.6100  20.0 5.5 5.9 QUEEN CHARLOTTE ISLANDS REGION
event name:     C021701F
time shift:      5.3000
half duration:   2.9000
latitude:       54.0200
longitude:    -133.6600
depth:          15.0000
Mrr:      -8.800000e+23
Mtt:      -1.451000e+25
Mpp:       1.539000e+25
Mrt:       1.173000e+25
Mrp:       3.770000e+24
Mtp:       9.960000e+24
