 PDE 1996  2 18 23 49 28.00  -1.2800  -14.2700  10.0 6.3 6.4 NORTH OF ASCENSION ISLAND
event name:     C021896K
time shift:      8.1000
half duration:   5.0000
latitude:       -0.7700
longitude:     -14.0000
depth:          15.0000
Mrr:      -7.770000e+24
Mtt:       4.227000e+25
Mpp:      -3.450000e+25
Mrt:      -2.073000e+25
Mrp:       3.082000e+25
Mtp:      -8.136000e+25
