 PDE 2003  2 12 22 33 30.80  -3.6500  144.2400  10.0 6.0 6.1 NEAR N COAST OF NEW GUINEA, PNG.
event name:     C021203E
time shift:      8.1000
half duration:   3.0000
latitude:       -3.4500
longitude:     144.4500
depth:          15.0000
Mrr:       1.800000e+25
Mtt:      -1.840000e+25
Mpp:       4.600000e+23
Mrt:      -5.410000e+24
Mrp:       9.510000e+24
Mtp:       8.220000e+24
