 PDE 1995  2 10  1 45  4.40 -37.9700  178.4700  33.0 5.8 6.4 OFF E. COAST OF N. ISLAND, N.Z.
event name:     C021095B
time shift:      6.1000
half duration:   4.6000
latitude:      -37.8900
longitude:     179.1700
depth:          15.0000
Mrr:      -5.822000e+25
Mtt:       1.520000e+25
Mpp:       4.302000e+25
Mrt:       1.940000e+24
Mrp:      -1.245000e+25
Mtp:       2.820000e+25
