 PDE 2002  2 19  0 35 45.70  -3.7300  150.9900  10.0 5.9 6.0 NEW IRELAND REGION, P.N.G.
event name:     C021902A
time shift:      5.7000
half duration:   1.0000
latitude:       -3.5600
longitude:     151.3000
depth:          15.0000
Mrr:       6.400000e+23
Mtt:       1.432000e+25
Mpp:      -1.496000e+25
Mrt:      -1.720000e+24
Mrp:       9.500000e+23
Mtp:       3.810000e+24
