 PDE 1996  2 16 15 22 57.80  37.3400  142.4700  33.0 6.2 6.2 OFF EAST COAST OF HONSHU, JAPAN
event name:     C021696C
time shift:      6.4000
half duration:   5.8000
latitude:       37.3200
longitude:     142.3100
depth:          39.7000
Mrr:      -3.380000e+24
Mtt:       4.215000e+25
Mpp:      -3.877000e+25
Mrt:       9.739000e+25
Mrp:       8.030000e+25
Mtp:      -8.600000e+24
