 PDE 1999  2 13 14 45 12.70  -3.5600  144.8300  10.0 5.6 6.3 NEAR N COAST OF NEW GUINEA, PNG.
event name:     C021399B
time shift:      6.1000
half duration:   3.2000
latitude:       -3.5100
longitude:     145.0100
depth:          15.0000
Mrr:       5.100000e+23
Mtt:      -2.520000e+24
Mpp:       2.010000e+24
Mrt:      -2.030000e+24
Mrp:       3.340000e+24
Mtp:       2.551000e+25
