 PDE 1994  2 11 21 17 31.50 -18.8100  169.1600 204.0 6.3 0.0 VANUATU ISLANDS
event name:     C021194C
time shift:      8.3000
half duration:   6.5000
latitude:      -18.8900
longitude:     169.0800
depth:         223.3000
Mrr:       1.396000e+26
Mtt:       1.660000e+25
Mpp:      -1.563000e+26
Mrt:       7.690000e+25
Mrp:      -1.208000e+26
Mtp:      -5.380000e+25
