 PDE 1996  2 12  9  8 10.60 -11.1600  118.6600  33.0 5.8 5.8 SOUTH OF SUMBAWA, INDONESIA
event name:     C021296B
time shift:      3.9000
half duration:   2.5000
latitude:      -11.2300
longitude:     118.9300
depth:          15.0000
Mrr:      -1.288000e+25
Mtt:       1.389000e+25
Mpp:      -1.020000e+24
Mrt:       1.140000e+24
Mrp:       4.620000e+24
Mtp:       2.890000e+24
