 PDE 2001  2 14 14  4 25.60 -19.4900  177.3300  10.0 5.6 5.5 SOUTH OF FIJI ISLANDS
event name:     C021401F
time shift:      5.9000
half duration:   2.7000
latitude:      -19.6000
longitude:     177.4100
depth:          22.3000
Mrr:      -2.150000e+24
Mtt:      -1.324000e+25
Mpp:       1.539000e+25
Mrt:      -1.660000e+24
Mrp:      -4.100000e+23
Mtp:       2.260000e+24
