 PDE 2001  2 13 14 22  5.80  13.6700  -88.9400  10.0 5.5 6.5 EL SALVADOR
event name:     C021301B
time shift:     10.6000
half duration:   4.6000
latitude:       13.9800
longitude:     -88.9700
depth:          15.0000
Mrr:      -3.880000e+24
Mtt:      -1.608000e+25
Mpp:       1.996000e+25
Mrt:      -6.280000e+24
Mrp:       2.409000e+25
Mtp:      -7.499000e+25
