 PDE 2003  2 10  4 49 31.10  -6.0100  149.7900  33.0 5.6 6.3 NEW BRITAIN REGION, P.N.G.
event name:     C021003B
time shift:      8.1000
half duration:   3.2000
latitude:       -6.3700
longitude:     150.0400
depth:          34.0000
Mrr:       1.950000e+25
Mtt:      -2.250000e+25
Mpp:       2.990000e+24
Mrt:       1.940000e+25
Mrp:       5.820000e+24
Mtp:      -1.870000e+24
