 PDE 2000  2 13  2 57  8.70  42.8500  131.5700 513.6 5.4 0.0 E. RUSSIA-N.E. CHINA BORDER REG.
event name:     C021300B
time shift:      4.0000
half duration:   2.4000
latitude:       42.7700
longitude:     131.6400
depth:         524.3000
Mrr:      -1.036000e+24
Mtt:       8.391000e+24
Mpp:      -7.355000e+24
Mrt:      -1.012000e+24
Mrp:      -5.342000e+24
Mtp:      -5.501000e+24
