 PDE 1996  2 17 20 18  7.10  -0.8800  136.0500  33.0 6.0 6.6 IRIAN JAYA REGION, INDONESIA
event name:     C021796R
time shift:      3.8000
half duration:   4.9000
latitude:       -1.0100
longitude:     135.9900
depth:          15.0000
Mrr:      -4.961000e+25
Mtt:       6.755000e+25
Mpp:      -1.793000e+25
Mrt:       2.754000e+25
Mrp:      -1.029000e+25
Mtp:       3.097000e+25
