 PDE 2001  2 18 13  4 53.40 -47.4600   32.3900  10.0 5.5 5.7 PRINCE EDWARD ISLANDS REGION
event name:     C021801B
time shift:      5.0000
half duration:   2.4000
latitude:      -47.1700
longitude:      32.5500
depth:          15.0000
Mrr:      -1.180000e+24
Mtt:       6.510000e+24
Mpp:      -5.320000e+24
Mrt:       5.600000e+23
Mrp:      -2.060000e+24
Mtp:       1.049000e+25
