 PDE 1995  2 13 15  4 26.60  -1.3500  127.5200  33.0 6.2 6.8 HALMAHERA, INDONESIA
event name:     C021395K
time shift:      3.8000
half duration:   5.6000
latitude:       -1.3100
longitude:     127.5700
depth:          15.0000
Mrr:      -8.952000e+25
Mtt:       3.413000e+25
Mpp:       5.539000e+25
Mrt:       4.677000e+25
Mrp:       3.271000e+25
Mtp:       7.788000e+25
