 PDE 1996  2 18  2 25 36.10  -1.4100  136.6000  33.0 5.7 6.4 IRIAN JAYA REGION, INDONESIA
event name:     C021896D
time shift:      5.0000
half duration:   4.1000
latitude:       -1.2800
longitude:     136.5200
depth:          15.0000
Mrr:      -2.010000e+24
Mtt:      -8.470000e+24
Mpp:       1.049000e+25
Mrt:      -2.660000e+24
Mrp:       1.418000e+25
Mtp:       3.931000e+25
