 PDE 2004  2 18 10 59 19.40  23.6400 -108.8200  10.0 5.4 5.6 GULF OF CALIFORNIA
event name:     C021804A
time shift:      5.8000
half duration:   2.0000
latitude:       23.9100
longitude:    -108.7500
depth:          12.6000
Mrr:      -1.250000e+24
Mtt:      -5.520000e+24
Mpp:       6.770000e+24
Mrt:       3.150000e+23
Mrp:       1.120000e+24
Mtp:      -2.320000e+24
