 PDE 1998  2 19 14 14 51.20  -4.4800  129.0800  33.0 6.1 6.4 BANDA SEA
event name:     C021998C
time shift:      3.0000
half duration:   4.4000
latitude:       -4.5400
longitude:     129.0500
depth:          15.0000
Mrr:       5.923000e+25
Mtt:      -5.376000e+25
Mpp:      -5.470000e+24
Mrt:       1.853000e+25
Mrp:       1.548000e+25
Mtp:       2.965000e+25
