 PDE 1997  2 20  7 54 58.40  41.8600  142.7400  33.0 5.4 5.5 HOKKAIDO, JAPAN REGION
event name:     C022097A
time shift:      4.7000
half duration:   2.5000
latitude:       41.7000
longitude:     143.2200
depth:          51.0000
Mrr:       7.943000e+24
Mtt:      -1.775000e+24
Mpp:      -6.168000e+24
Mrt:       3.507000e+24
Mrp:       7.659000e+24
Mtp:      -4.155000e+24
