 PDE 2001  2 24  7 23 48.70   1.2700  126.2500  35.0 6.6 7.0 NORTHERN MOLUCCA SEA
event name:     C022401A
time shift:      9.1000
half duration:   8.3000
latitude:        1.5500
longitude:     126.4200
depth:          42.8000
Mrr:       4.422000e+26
Mtt:      -7.970000e+25
Mpp:      -3.625000e+26
Mrt:       8.070000e+25
Mrp:       2.530000e+25
Mtp:      -1.652000e+26
