 PDE 1996  2 22 14 59  9.70  45.2100  148.5600 133.0 6.2 0.0 KURIL ISLANDS
event name:     C022296D
time shift:      2.6000
half duration:   3.7000
latitude:       45.2900
longitude:     148.5600
depth:         130.3000
Mrr:      -8.140000e+24
Mtt:       9.790000e+24
Mpp:      -1.650000e+24
Mrt:       3.099000e+25
Mrp:       1.621000e+25
Mtp:      -2.100000e+23
