 PDE 1997  2 21 23 40 24.10  43.8300  149.1700  33.0 6.1 5.6 EAST OF KURIL ISLANDS
event name:     C022197B
time shift:      2.8000
half duration:   2.7000
latitude:       43.9000
longitude:     149.2200
depth:          31.3000
Mrr:      -1.620000e+24
Mtt:       1.383000e+25
Mpp:      -1.221000e+25
Mrt:       7.340000e+24
Mrp:       2.480000e+24
Mtp:      -1.870000e+24
