 PDE 1996  2 28  9 44  9.40   1.7300  126.1000 103.0 6.1 0.0 NORTHERN MOLUCCA SEA
event name:     C022896C
time shift:      4.2000
half duration:   4.1000
latitude:        2.0300
longitude:     126.2900
depth:          92.3000
Mrr:       4.297000e+25
Mtt:      -4.944000e+25
Mpp:       6.470000e+24
Mrt:      -9.570000e+24
Mrp:      -9.300000e+23
Mtp:      -1.142000e+25
