 PDE 2002  2 28  1 50 48.90  -5.6800  151.2600  40.2 6.0 6.3 NEW BRITAIN REGION, P.N.G.
event name:     C022802A
time shift:      5.5000
half duration:   3.4000
latitude:       -5.9800
longitude:     151.7400
depth:          42.0000
Mrr:       1.408000e+25
Mtt:      -3.730000e+24
Mpp:      -1.035000e+25
Mrt:       6.790000e+24
Mrp:       2.006000e+25
Mtp:      -6.790000e+24
