 PDE 2001  2 26  5 58 22.40  46.8100  144.5200 392.0 5.8 0.0 SEA OF OKHOTSK
event name:     C022601C
time shift:      6.4000
half duration:   2.7000
latitude:       46.7900
longitude:     144.5400
depth:         396.4000
Mrr:       5.720000e+24
Mtt:       4.790000e+24
Mpp:      -1.051000e+25
Mrt:       1.091000e+25
Mrp:      -1.090000e+24
Mtp:      -5.640000e+24
