 PDE 2004  2 21  2 34 42.70 -58.4200  -14.9600  10.0 6.0 6.5 EAST OF SOUTH SANDWICH ISLANDS
event name:     C022104A
time shift:      9.1000
half duration:   4.8000
latitude:      -58.6200
longitude:     -14.9000
depth:          17.3000
Mrr:      -4.970000e+24
Mtt:      -2.260000e+25
Mpp:       2.760000e+25
Mrt:       2.270000e+25
Mrp:       4.060000e+24
Mtp:       8.920000e+25
