 PDE 2004  2 22  6 46 27.00  -1.5600  100.4900  42.0 6.3 5.7 SOUTHERN SUMATRA, INDONESIA
event name:     C022204A
time shift:      5.1000
half duration:   2.4000
latitude:       -1.6800
longitude:     100.3100
depth:          50.0000
Mrr:      -8.080000e+24
Mtt:      -3.990000e+24
Mpp:       1.210000e+25
Mrt:       3.510000e+24
Mrp:      -1.250000e+24
Mtp:       4.600000e+24
