 PDE 1995  2 23  5 19  2.30  24.1400  121.6000  44.0 5.8 6.2 TAIWAN
event name:     C022395C
time shift:      1.6000
half duration:   3.5000
latitude:       24.0600
longitude:     121.5100
depth:          27.9000
Mrr:       3.580000e+24
Mtt:      -9.900000e+23
Mpp:      -2.590000e+24
Mrt:       4.320000e+24
Mrp:       2.291000e+25
Mtp:      -7.070000e+24
