 PDE 2000  2 26  8 11 48.40  13.8000  144.7800 132.2 6.0 5.4 MARIANA ISLANDS
event name:     C022600B
time shift:      4.8000
half duration:   3.1000
latitude:       13.7900
longitude:     144.9800
depth:         125.9000
Mrr:      -3.220000e+24
Mtt:       9.260000e+24
Mpp:      -6.040000e+24
Mrt:       1.355000e+25
Mrp:       5.070000e+24
Mtp:      -1.271000e+25
