 PDE 2004  2 26 20 32 21.90 -18.1700   66.4200  10.0 5.4 5.8 MAURITIUS - REUNION REGION
event name:     C022604F
time shift:     11.3000
half duration:   3.3000
latitude:      -17.2200
longitude:      66.0600
depth:          12.0000
Mrr:      -3.470000e+24
Mtt:      -2.460000e+25
Mpp:       2.810000e+25
Mrt:       6.000000e+22
Mrp:      -7.700000e+23
Mtp:       1.290000e+25
