 PDE 2001  2 28 12 30 14.10 -21.9900  170.2100  10.0 6.0 6.5 SOUTHEAST OF LOYALTY ISLANDS
event name:     C022801E
time shift:     13.1000
half duration:   5.3000
latitude:      -22.1100
longitude:     169.8700
depth:          17.0000
Mrr:       9.200000e+25
Mtt:      -3.911000e+25
Mpp:      -5.289000e+25
Mrt:       4.344000e+25
Mrp:      -4.424000e+25
Mtp:       5.037000e+25
