 PDE 2001  2 28 18 54 32.80  47.1500 -122.7300  51.9 6.5 6.6 WASHINGTON
event name:     C022801L
time shift:      4.5000
half duration:   6.1000
latitude:       47.1400
longitude:    -122.5300
depth:          46.8000
Mrr:      -9.600000e+25
Mtt:      -5.400000e+24
Mpp:       1.013000e+26
Mrt:      -6.000000e+24
Mrp:      -1.453000e+26
Mtp:      -1.900000e+24
