 PDE 1999  2 22  1  0 32.90 -21.4500  169.6800  33.0 5.8 6.4 SOUTHEAST OF LOYALTY ISLANDS
event name:     C022299A
time shift:      6.8000
half duration:   3.6000
latitude:      -21.3800
longitude:     169.4500
depth:          28.0000
Mrr:       1.796000e+25
Mtt:      -7.800000e+23
Mpp:      -1.718000e+25
Mrt:       1.239000e+25
Mrp:      -4.007000e+25
Mtp:       3.940000e+24
