 PDE 1997  2 27 21  8  2.30  29.9800   68.2100  33.0 6.3 7.3 PAKISTAN
event name:     C022797E
time shift:     11.3000
half duration:   7.9000
latitude:       29.7400
longitude:      68.1300
depth:          15.3000
Mrr:       2.241000e+26
Mtt:      -2.415000e+26
Mpp:       1.740000e+25
Mrt:       4.584000e+26
Mrp:       5.410000e+25
Mtp:       5.270000e+25
