 PDE 1998  2 20 12 18  6.20  36.4800   71.0900 235.6 5.8 5.7 HINDU KUSH REGION, AFGHANISTAN
event name:     C022098D
time shift:      4.6000
half duration:   3.6000
latitude:       36.5000
longitude:      70.8800
depth:         243.7000
Mrr:       2.068000e+25
Mtt:      -9.800000e+23
Mpp:      -1.970000e+25
Mrt:      -4.080000e+24
Mrp:       3.384000e+25
Mtp:       1.800000e+23
