 PDE 2001  2 24 16 33 44.70   1.5500  126.4300  33.0 5.8 5.7 NORTHERN MOLUCCA SEA
event name:     C022401C
time shift:      9.0000
half duration:   2.9000
latitude:        1.4400
longitude:     126.3000
depth:          29.0000
Mrr:       1.700000e+25
Mtt:      -1.140000e+24
Mpp:      -1.586000e+25
Mrt:       1.615000e+25
Mrp:      -5.530000e+24
Mtp:      -6.530000e+24
