 PDE 2004  2 20  5 58 45.20 -11.6100  166.4500  84.0 5.6 0.0 SANTA CRUZ ISLANDS
event name:     C022004A
time shift:      3.6000
half duration:   2.3000
latitude:      -11.6500
longitude:     166.2500
depth:          89.8000
Mrr:       8.090000e+24
Mtt:      -5.500000e+23
Mpp:      -7.540000e+24
Mrt:      -2.610000e+24
Mrp:      -6.330000e+24
Mtp:      -1.040000e+24
