 PDE 1997  2 26 18 27 10.60 -47.5000  100.2800  10.0 5.2 6.0 SOUTHEAST INDIAN RIDGE
event name:     C022697C
time shift:      7.5000
half duration:   2.6000
latitude:      -47.3300
longitude:      99.8700
depth:          15.0000
Mrr:      -2.200000e+23
Mtt:       1.157000e+25
Mpp:      -1.135000e+25
Mrt:      -4.900000e+23
Mrp:       9.800000e+23
Mtp:       4.730000e+24
