 PDE 2000  2 26 18 24 39.20   9.4100  -78.5300  65.0 5.8 5.4 PANAMA
event name:     C022600F
time shift:      6.8000
half duration:   2.7000
latitude:        9.4500
longitude:     -78.4700
depth:          68.0000
Mrr:      -9.590000e+24
Mtt:      -2.260000e+24
Mpp:       1.185000e+25
Mrt:       5.410000e+24
Mrp:      -9.530000e+24
Mtp:       5.470000e+24
