 PDE 2001  2 25  2 21 59.60  36.4200   70.8800 202.5 5.8 0.0 HINDU KUSH REGION, AFGHANISTAN
event name:     C022501A
time shift:      2.4000
half duration:   2.9000
latitude:       36.4100
longitude:      70.6200
depth:         193.4000
Mrr:       1.409000e+25
Mtt:      -1.685000e+25
Mpp:       2.760000e+24
Mrt:      -1.380000e+24
Mrp:       6.020000e+24
Mtp:      -2.680000e+24
