 PDE 2000  2 25  1 43 58.60 -19.5300  173.8200  33.0 6.1 7.1 VANUATU ISLANDS REGION
event name:     C022500B
time shift:      6.6000
half duration:   8.9000
latitude:      -19.5500
longitude:     174.1700
depth:          16.8000
Mrr:       4.540000e+25
Mtt:      -5.030000e+26
Mpp:       4.576000e+26
Mrt:       3.760000e+25
Mrp:       1.525000e+26
Mtp:       1.770000e+25
