 PDE 1997  2 28 12 57 18.60  38.0800   48.0500  10.0 5.5 6.1 ARMENIA-AZERBAIJAN-IRAN BORD REG
event name:     C022897D
time shift:      5.4000
half duration:   2.8000
latitude:       38.3000
longitude:      48.0600
depth:          15.0000
Mrr:      -3.030000e+24
Mtt:      -2.900000e+24
Mpp:       5.930000e+24
Mrt:       1.014000e+25
Mrp:       2.580000e+24
Mtp:      -1.300000e+25
