 PDE 2004  2 23 16  4 49.40 -14.7400 -175.6300  31.0 5.7 6.3 SAMOA ISLANDS REGION
event name:     C022304E
time shift:      1.0000
half duration:   2.8000
latitude:      -14.7000
longitude:    -175.2300
depth:          12.0000
Mrr:       1.900000e+23
Mtt:       3.970000e+24
Mpp:      -4.160000e+24
Mrt:      -9.900000e+23
Mrp:       3.420000e+24
Mtp:       1.900000e+25
