 PDE 1996  2 24 15 52 59.20  -0.9000  137.3500  33.0 5.6 5.9 IRIAN JAYA REGION, INDONESIA
event name:     C022496B
time shift:      4.7000
half duration:   3.4000
latitude:       -0.8900
longitude:     137.2800
depth:          15.0000
Mrr:       1.288000e+25
Mtt:      -1.307000e+25
Mpp:       1.900000e+23
Mrt:      -1.551000e+25
Mrp:       1.185000e+25
Mtp:       5.510000e+24
