 PDE 1999  2 23  7 27 56.40   0.2000  119.5400  33.0 5.6 5.8 MINAHASSA PENINSULA, SULAWESI
event name:     C022399D
time shift:      4.5000
half duration:   2.6000
latitude:        0.4700
longitude:     119.8500
depth:          17.6000
Mrr:       6.380000e+24
Mtt:      -7.560000e+24
Mpp:       1.180000e+24
Mrt:      -4.540000e+24
Mrp:      -5.640000e+24
Mtp:      -1.072000e+25
