 PDE 1997  2 28 11 32 18.90  43.9200  147.8800  33.0 6.1 5.5 EAST OF KURIL ISLANDS
event name:     C022897C
time shift:      4.8000
half duration:   2.1000
latitude:       43.9500
longitude:     148.0800
depth:          37.0000
Mrr:       4.985000e+24
Mtt:      -1.481000e+24
Mpp:      -3.504000e+24
Mrt:       1.803000e+24
Mrp:       3.389000e+24
Mtp:      -3.274000e+24
