 PDE 2004  2 22 23 17 15.20  18.5000  145.3900 197.5 5.5 0.0 MARIANA ISLANDS
event name:     C022204B
time shift:      3.5000
half duration:   1.6000
latitude:       18.4800
longitude:     145.8500
depth:         194.9000
Mrr:       2.950000e+24
Mtt:      -3.000000e+21
Mpp:      -2.940000e+24
Mrt:      -1.510000e+24
Mrp:       8.790000e+23
Mtp:       8.980000e+23
