 PDE 2003  2 24  2  3 41.50  39.6100   77.2300  11.0 5.8 6.3 SOUTHERN XINJIANG, CHINA
event name:     C022403A
time shift:     12.2000
half duration:   3.7000
latitude:       39.3700
longitude:      77.2400
depth:          24.0000
Mrr:       2.220000e+25
Mtt:      -4.040000e+25
Mpp:       1.820000e+25
Mrt:       1.810000e+25
Mrp:       1.610000e+24
Mtp:      -1.210000e+25
