 PDE 2004  2 26 22 58 41.40 -53.1600  159.6500  10.0 5.2 5.6 MACQUARIE ISLAND REGION
event name:     C022604H
time shift:      3.2000
half duration:   2.0000
latitude:      -53.3100
longitude:     159.1700
depth:          12.0000
Mrr:      -7.420000e+23
Mtt:       6.610000e+24
Mpp:      -5.870000e+24
Mrt:      -1.120000e+23
Mrp:       3.030000e+23
Mtp:       2.180000e+24
