 PDE 1996  3  3 16 37 31.50  11.9000  -86.7700  33.0 5.7 6.7 NEAR COAST OF NICARAGUA
event name:     C030396D
time shift:     10.9000
half duration:   5.5000
latitude:       11.7600
longitude:     -87.3100
depth:          38.9000
Mrr:       1.017000e+26
Mtt:      -7.310000e+25
Mpp:      -2.860000e+25
Mrt:       6.550000e+25
Mrp:      -3.420000e+25
Mtp:       4.850000e+25
