 PDE 2003  3  2 16 42 56.30 -36.9600  -20.8800  10.0 5.6 5.5 SOUTHERN MID-ATLANTIC RIDGE
event name:     C030203B
time shift:      9.2000
half duration:   2.5000
latitude:      -36.6700
longitude:     -20.6700
depth:          15.0000
Mrr:      -1.040000e+25
Mtt:       1.040000e+25
Mpp:       7.000000e+22
Mrt:      -4.270000e+24
Mrp:       5.670000e+24
Mtp:      -5.070000e+24
