 PDE 1995  3  8  3 45 59.70  16.5600  -59.5700  15.0 6.3 6.2 LEEWARD ISLANDS
event name:     C030895A
time shift:      5.5000
half duration:   3.0000
latitude:       16.5900
longitude:     -59.5600
depth:          15.0000
Mrr:      -1.140000e+25
Mtt:      -3.760000e+24
Mpp:       1.516000e+25
Mrt:       1.150000e+24
Mrp:       1.280000e+25
Mtp:      -8.180000e+24
