 PDE 1999  3  7 20 35 44.20 -15.7700 -179.5300  33.0 5.4 6.1 FIJI ISLANDS REGION
event name:     C030799E
time shift:      4.3000
half duration:   2.8000
latitude:      -15.7900
longitude:    -179.3300
depth:          15.0000
Mrr:      -9.200000e+23
Mtt:       2.060000e+24
Mpp:      -1.150000e+24
Mrt:       2.720000e+24
Mrp:      -4.600000e+23
Mtp:       1.658000e+25
