 PDE 1996  3  9 16 15 36.20  43.4200  148.0100  33.0 5.6 5.9 EAST OF KURIL ISLANDS
event name:     C030996C
time shift:      2.8000
half duration:   2.6000
latitude:       43.5600
longitude:     148.0000
depth:          20.0000
Mrr:       6.630000e+24
Mtt:      -3.180000e+24
Mpp:      -3.450000e+24
Mrt:       7.220000e+24
Mrp:       1.185000e+25
Mtp:      -3.700000e+24
