 PDE 1998  3  3  2 24 43.90  14.3800  -91.4700  62.8 5.5 5.4 GUATEMALA
event name:     C030398A
time shift:      2.3000
half duration:   2.7000
latitude:       14.2300
longitude:     -91.9100
depth:          43.8000
Mrr:      -5.980000e+24
Mtt:      -4.800000e+23
Mpp:       6.460000e+24
Mrt:       1.030000e+25
Mrp:      -8.170000e+24
Mtp:      -4.020000e+24
