 PDE 2002  3  3  7 16 15.70 -45.8400  -76.1200  10.0 5.3 5.6 OFF COAST OF SOUTHERN CHILE
event name:     C030302A
time shift:      4.2000
half duration:   2.0000
latitude:      -45.9200
longitude:     -76.4200
depth:          15.0000
Mrr:      -1.102000e+24
Mtt:       3.625000e+24
Mpp:      -2.522000e+24
Mrt:       1.340000e+23
Mrp:       9.120000e+23
Mtp:      -7.000000e+24
