 PDE 2004  3  9 13  8  7.70 -65.2000  179.7100  10.0 5.1 5.7 BALLENY ISLANDS REGION
event name:     C030904C
time shift:      3.4000
half duration:   2.1000
latitude:      -65.1500
longitude:     179.9500
depth:          12.0000
Mrr:      -3.500000e+23
Mtt:       6.860000e+24
Mpp:      -6.520000e+24
Mrt:      -3.360000e+24
Mrp:       1.010000e+24
Mtp:      -1.280000e+24
