 PDE 2001  3  6  9 17 36.10 -54.5900  157.2700  10.0 5.8 5.8 MACQUARIE ISLAND REGION
event name:     C030601D
time shift:      6.7000
half duration:   2.7000
latitude:      -54.5500
longitude:     156.9100
depth:          17.0000
Mrr:       7.600000e+23
Mtt:       1.467000e+25
Mpp:      -1.544000e+25
Mrt:       1.390000e+24
Mrp:      -1.900000e+23
Mtp:      -5.260000e+24
