 PDE 1996  3  5 14 52 28.60  24.0900  122.2100  30.0 6.1 6.4 TAIWAN REGION
event name:     C030596B
time shift:      3.0000
half duration:   3.9000
latitude:       23.9400
longitude:     122.0800
depth:          24.0000
Mrr:       1.536000e+25
Mtt:      -2.252000e+25
Mpp:       7.160000e+24
Mrt:       2.806000e+25
Mrp:       1.088000e+25
Mtp:      -2.400000e+23
