 PDE 2004  3  2  3 47 22.40  11.6100  -86.7700  28.0 5.4 5.9 NEAR COAST OF NICARAGUA
event name:     C030204A
time shift:      6.0000
half duration:   2.7000
latitude:       11.4500
longitude:     -87.2500
depth:          26.0000
Mrr:       1.150000e+25
Mtt:      -8.320000e+24
Mpp:      -3.160000e+24
Mrt:       1.660000e+25
Mrp:      -9.860000e+24
Mtp:       6.300000e+24
