 PDE 2003  3  9 10 36 23.00  -6.8200  130.9900  45.9 5.9 5.4 TANIMBAR ISLANDS REG., INDONESIA
event name:     C030903A
time shift:      5.5000
half duration:   2.3000
latitude:       -6.8800
longitude:     131.1800
depth:          68.9000
Mrr:       3.890000e+24
Mtt:      -7.170000e+24
Mpp:       3.280000e+24
Mrt:       2.150000e+24
Mrp:       3.530000e+24
Mtp:       7.160000e+24
