 PDE 1996  3  3 14 55 11.80  11.6600  -86.8600  33.0 5.7 6.5 NEAR COAST OF NICARAGUA
event name:     C030396B
time shift:      9.5000
half duration:   4.9000
latitude:       11.5500
longitude:     -87.1300
depth:          35.5000
Mrr:       6.827000e+25
Mtt:      -4.614000e+25
Mpp:      -2.213000e+25
Mrt:       5.077000e+25
Mrp:      -2.214000e+25
Mtp:       3.711000e+25
