 PDE 1996  3  2  1 50  4.50  -5.9700  146.5700  59.0 6.0 6.1 EASTERN NEW GUINEA REG., P.N.G.
event name:     C030296A
time shift:      4.4000
half duration:   2.9000
latitude:       -5.9200
longitude:     146.7000
depth:          36.0000
Mrr:       1.717000e+25
Mtt:      -1.600000e+25
Mpp:      -1.170000e+24
Mrt:      -1.240000e+24
Mrp:      -2.900000e+23
Mtp:       7.180000e+24
