 PDE 2004  3  9 22 56 42.50 -32.2600 -178.3600  18.4 5.8 6.4 SOUTH OF KERMADEC ISLANDS
event name:     C030904G
time shift:      2.7000
half duration:   3.0000
latitude:      -32.0600
longitude:    -177.6200
depth:          16.0000
Mrr:       1.360000e+25
Mtt:      -5.700000e+23
Mpp:      -1.310000e+25
Mrt:       7.530000e+24
Mrp:       2.010000e+25
Mtp:      -4.420000e+24
