 PDE 2000  3  5 23 57  3.20 -62.9000  145.6400  10.0 5.9 6.1 SOUTH OF AUSTRALIA
event name:     C030500B
time shift:      7.6000
half duration:   2.7000
latitude:      -62.8300
longitude:     145.0900
depth:          15.0000
Mrr:       1.134000e+25
Mtt:      -2.680000e+24
Mpp:      -8.660000e+24
Mrt:      -6.600000e+23
Mrp:      -1.450000e+24
Mtp:       1.385000e+25
