 PDE 1997  3  9 11 43 43.20 -29.8200  -71.1500  33.0 5.5 5.7 NEAR COAST OF CENTRAL CHILE
event name:     C030997B
time shift:      8.6000
half duration:   3.0000
latitude:      -29.9100
longitude:     -71.5200
depth:          43.0000
Mrr:       1.890000e+25
Mtt:       2.000000e+22
Mpp:      -1.892000e+25
Mrt:      -2.090000e+24
Mrp:      -7.880000e+24
Mtp:      -3.040000e+24
