 PDE 2002  3  9 12 27 11.20 -56.0200  -27.3300 118.4 5.8 0.0 SOUTH SANDWICH ISLANDS REGION
event name:     C030902A
time shift:      5.9000
half duration:   2.3000
latitude:      -56.0000
longitude:     -27.3000
depth:         127.9000
Mrr:       4.129000e+24
Mtt:      -4.121000e+24
Mpp:      -8.000000e+21
Mrt:      -4.997000e+24
Mrp:      -3.783000e+24
Mtp:       8.409000e+24
