 PDE 2004  3  8 23 39 11.30  10.4800  -43.9200  10.0 5.3 5.4 NORTHERN MID-ATLANTIC RIDGE
event name:     C030804D
time shift:      6.6000
half duration:   2.5000
latitude:       10.9400
longitude:     -43.2800
depth:          12.0000
Mrr:      -1.370000e+24
Mtt:      -2.000000e+24
Mpp:       3.370000e+24
Mrt:       4.700000e+23
Mrp:       3.930000e+24
Mtp:      -1.190000e+25
