 PDE 2004  3  9 22  7 13.20 -32.5600 -177.9700  10.0 5.3 5.8 SOUTH OF KERMADEC ISLANDS
event name:     C030904E
time shift:      5.9000
half duration:   1.8000
latitude:      -32.2000
longitude:    -177.6200
depth:          15.0000
Mrr:       3.570000e+24
Mtt:       1.190000e+23
Mpp:      -3.690000e+24
Mrt:       5.510000e+23
Mrp:       5.070000e+24
Mtp:      -1.240000e+24
