 PDE 2000  3  4  2 24 22.40 -60.1700  149.8700  10.0 5.5 6.2 WEST OF MACQUARIE ISLAND
event name:     C030400A
time shift:      7.2000
half duration:   3.4000
latitude:      -60.2000
longitude:     150.2100
depth:          15.0000
Mrr:      -2.160000e+24
Mtt:       2.511000e+25
Mpp:      -2.295000e+25
Mrt:      -1.980000e+24
Mrp:      -4.000000e+24
Mtp:      -2.809000e+25
