 PDE 2000  3  3 22 22 40.70  -6.8200  143.8100  10.0 6.3 6.7 NEW GUINEA, PAPUA NEW GUINEA
event name:     C030300D
time shift:      9.2000
half duration:   4.7000
latitude:       -6.9200
longitude:     143.8500
depth:          16.0000
Mrr:       7.681000e+25
Mtt:      -5.188000e+25
Mpp:      -2.493000e+25
Mrt:       3.098000e+25
Mrp:      -6.230000e+24
Mtp:       4.075000e+25
