 PDE 2000  3  3 22  9 13.80  -7.3200  128.4900 141.9 6.4 5.8 BANDA SEA
event name:     C030300C
time shift:      6.3000
half duration:   3.8000
latitude:       -7.3700
longitude:     128.5500
depth:         162.0000
Mrr:       4.253000e+25
Mtt:      -5.070000e+24
Mpp:      -3.747000e+25
Mrt:      -3.780000e+24
Mrp:       1.600000e+23
Mtp:       7.950000e+24
