 PDE 2004  3 12 22 13 13.90 -15.5800 -175.1000 271.5 5.4 0.0 TONGA ISLANDS
event name:     C031204C
time shift:      5.1000
half duration:   2.3000
latitude:      -15.4800
longitude:    -174.7400
depth:         290.6000
Mrr:       2.600000e+23
Mtt:      -9.500000e+23
Mpp:       7.000000e+23
Mrt:      -1.200000e+24
Mrp:      -9.290000e+24
Mtp:      -3.890000e+24
