 PDE 2003  3 14  7  6 13.30  -0.4100  132.9500  33.0 6.0 6.1 IRIAN JAYA REGION, INDONESIA
event name:     C031403B
time shift:      4.2000
half duration:   3.2000
latitude:       -0.4000
longitude:     132.9700
depth:          16.0000
Mrr:       2.330000e+25
Mtt:      -1.870000e+25
Mpp:      -4.550000e+24
Mrt:      -3.620000e+24
Mrp:       8.950000e+24
Mtp:       1.400000e+25
