 PDE 1997  3 17  8  5 48.40  -6.6100  105.5100  33.0 5.8 6.2 JAVA, INDONESIA
event name:     C031797C
time shift:      8.3000
half duration:   3.8000
latitude:       -7.2700
longitude:     105.4100
depth:          42.7000
Mrr:       3.094000e+25
Mtt:      -2.878000e+25
Mpp:      -2.160000e+24
Mrt:       2.739000e+25
Mrp:      -4.490000e+24
Mtp:       1.111000e+25
