 PDE 2004  3 17  3 21  7.90 -21.1200  -65.5900 289.8 5.5 0.0 SOUTHERN BOLIVIA
event name:     C031704A
time shift:      2.5000
half duration:   2.7000
latitude:      -21.2400
longitude:     -65.6000
depth:         297.0000
Mrr:      -4.130000e+24
Mtt:       7.750000e+24
Mpp:      -3.620000e+24
Mrt:      -6.500000e+24
Mrp:      -1.220000e+25
Mtp:       5.040000e+24
