 PDE 2003  3 15 19 41 28.70  52.2500  160.3900  30.2 5.6 5.8 OFF EAST COAST OF KAMCHATKA
event name:     C031503D
time shift:      4.5000
half duration:   2.4000
latitude:       52.1700
longitude:     160.8300
depth:          30.0000
Mrr:       8.020000e+24
Mtt:      -4.150000e+24
Mpp:      -3.880000e+24
Mrt:       6.250000e+24
Mrp:       7.010000e+24
Mtp:      -4.240000e+24
