 PDE 2003  3 12 23 41 32.90  26.5600 -110.5900  10.0 5.5 6.5 GULF OF CALIFORNIA
event name:     C031203C
time shift:      5.9000
half duration:   3.6000
latitude:       26.6300
longitude:    -110.9100
depth:          15.0000
Mrr:      -7.100000e+23
Mtt:      -3.720000e+25
Mpp:       3.790000e+25
Mrt:       8.940000e+24
Mrp:       8.500000e+23
Mtp:      -5.750000e+24
