 PDE 2002  3 11  1 46 20.70  30.6000  141.5700  33.0 5.9 5.6 SOUTHEAST OF HONSHU, JAPAN
event name:     C031102A
time shift:      1.7000
half duration:   2.1000
latitude:       30.6500
longitude:     141.7100
depth:          16.0000
Mrr:       4.412000e+24
Mtt:       4.980000e+23
Mpp:      -4.910000e+24
Mrt:       6.220000e+23
Mrp:       4.576000e+24
Mtp:       6.770000e+23
