 PDE 1994  3 14 20 51 25.40  15.9800  -92.4000 169.0 5.9 6.2 MEXICO-GUATEMALA BORDER REGION
event name:     C031494C
time shift:      7.1000
half duration:   6.9000
latitude:       15.9800
longitude:     -92.6400
depth:         167.6000
Mrr:       5.070000e+25
Mtt:      -1.307000e+26
Mpp:       8.000000e+25
Mrt:       9.930000e+25
Mrp:      -1.711000e+26
Mtp:       7.200000e+24
