 PDE 1997  3 11 19 22  0.10   7.7400  127.6500  10.0 6.3 6.7 PHILIPPINE ISLANDS REGION
event name:     C031197I
time shift:     10.1000
half duration:   6.5000
latitude:        7.6400
longitude:     127.6300
depth:          15.0000
Mrr:      -2.116000e+26
Mtt:      -5.800000e+24
Mpp:       2.173000e+26
Mrt:      -5.000000e+23
Mrp:       5.500000e+25
Mtp:      -2.960000e+25
