 PDE 1996  3 19 15  0 26.00  39.9900   76.7000  28.0 5.7 6.0 SOUTHERN XINJIANG, CHINA
event name:     C031996B
time shift:     10.3000
half duration:   3.9000
latitude:       39.9300
longitude:      76.8000
depth:          22.2000
Mrr:       2.675000e+25
Mtt:      -2.664000e+25
Mpp:      -1.200000e+23
Mrt:       2.182000e+25
Mrp:       9.790000e+24
Mtp:      -3.490000e+24
