 PDE 1996  3 17 17 58 20.30  -6.2700  147.9000  33.0 5.5 6.0 EASTERN NEW GUINEA REG., P.N.G.
event name:     C031796B
time shift:      9.2000
half duration:   2.8000
latitude:       -6.4600
longitude:     147.8900
depth:          35.0000
Mrr:       1.275000e+25
Mtt:      -1.421000e+25
Mpp:       1.460000e+24
Mrt:       6.350000e+24
Mrp:      -2.160000e+24
Mtp:       2.540000e+24
