 PDE 2004  3 14 16 30 42.30 -17.2700 -172.3200  12.0 5.8 5.8 TONGA ISLANDS REGION
event name:     C031404C
time shift:      5.1000
half duration:   2.2000
latitude:      -17.2400
longitude:    -171.9400
depth:          13.0000
Mrr:      -7.510000e+24
Mtt:      -1.440000e+24
Mpp:       8.950000e+24
Mrt:       9.900000e+23
Mrp:      -1.590000e+24
Mtp:       3.310000e+24
