 PDE 2003  3 14 12 54 12.10 -17.4200 -175.1800 274.9 5.7 0.0 TONGA ISLANDS
event name:     C031403C
time shift:      6.4000
half duration:   3.6000
latitude:      -17.5000
longitude:    -174.7700
depth:         282.4000
Mrr:      -2.610000e+24
Mtt:       1.200000e+25
Mpp:      -9.350000e+24
Mrt:      -1.210000e+25
Mrp:      -3.280000e+25
Mtp:       1.320000e+25
