 PDE 1996  3 16 22  4  6.20  28.9800  138.9400 477.0 5.9 0.0 SOUTHEAST OF HONSHU, JAPAN
event name:     C031696C
time shift:      5.7000
half duration:   5.0000
latitude:       29.1200
longitude:     139.1200
depth:         477.9000
Mrr:      -2.663000e+25
Mtt:       4.981000e+25
Mpp:      -2.318000e+25
Mrt:       4.825000e+25
Mrp:      -8.352000e+25
Mtp:      -1.055000e+25
