 PDE 1995  3 14 17 33 50.70  54.7900 -161.2900  33.0 6.1 5.9 ALASKA PENINSULA
event name:     C031495F
time shift:      5.3000
half duration:   3.0000
latitude:       54.4300
longitude:    -160.8600
depth:          44.0000
Mrr:       1.529000e+25
Mtt:      -1.447000e+25
Mpp:      -8.200000e+23
Mrt:       1.095000e+25
Mrp:       7.890000e+24
Mtp:      -8.330000e+24
