 PDE 2003  3 17 18 55 47.90  51.2900  177.9700  33.0 5.7 5.8 RAT ISLANDS, ALEUTIAN ISLANDS
event name:     C031703G
time shift:      3.2000
half duration:   2.8000
latitude:       51.4300
longitude:     178.1700
depth:          27.0000
Mrr:       1.110000e+25
Mtt:      -1.240000e+25
Mpp:       1.250000e+24
Mrt:       1.360000e+25
Mrp:       6.080000e+24
Mtp:      -3.200000e+24
