 PDE 2002  3 17 19 33 33.80 -45.2200   35.1000  10.0 5.5 5.7 PRINCE EDWARD ISLANDS REGION
event name:     C031702G
time shift:      7.6000
half duration:   2.4000
latitude:      -45.0500
longitude:      35.2000
depth:          15.0000
Mrr:      -3.450000e+23
Mtt:       6.434000e+24
Mpp:      -6.089000e+24
Mrt:      -7.080000e+23
Mrp:      -2.280000e+24
Mtp:       9.677000e+24
