 PDE 1995  3 11 15 21 10.70  44.0100  148.1300  33.0 6.0 5.7 KURIL ISLANDS
event name:     C031195B
time shift:      5.4000
half duration:   2.2000
latitude:       44.0800
longitude:     148.4400
depth:          43.6000
Mrr:       7.013000e+24
Mtt:      -2.702000e+24
Mpp:      -4.311000e+24
Mrt:       2.151000e+24
Mrp:       4.129000e+24
Mtp:      -5.038000e+24
