 PDE 2003  3 11  7 27 32.70  -4.6900  153.2400  40.2 6.0 6.8 NEW IRELAND REGION, P.N.G.
event name:     C031103A
time shift:     13.8000
half duration:   6.0000
latitude:       -4.5200
longitude:     153.0800
depth:          37.0000
Mrr:       5.550000e+25
Mtt:       1.260000e+26
Mpp:      -1.820000e+26
Mrt:      -9.230000e+25
Mrp:      -2.320000e+25
Mtp:      -2.120000e+25
