 PDE 2004  3 18 20  4 24.80 -23.7600 -176.0000  10.0 5.8 6.1 TONGA ISLANDS REGION
event name:     C031804G
time shift:      4.4000
half duration:   2.7000
latitude:      -23.9700
longitude:    -175.4200
depth:          17.0000
Mrr:       1.350000e+25
Mtt:      -7.200000e+23
Mpp:      -1.280000e+25
Mrt:       6.290000e+24
Mrp:       1.580000e+25
Mtp:      -4.570000e+24
