 PDE 1995  3 19 18 34  5.70  -4.2700  135.0600  33.0 5.6 6.3 IRIAN JAYA REGION, INDONESIA
event name:     C031995F
time shift:      3.0000
half duration:   2.8000
latitude:       -4.2300
longitude:     135.1300
depth:          24.8000
Mrr:       6.900000e+23
Mtt:      -5.320000e+24
Mpp:       4.630000e+24
Mrt:       4.170000e+24
Mrp:      -5.200000e+23
Mtp:       1.617000e+25
