 PDE 1997  3 11  5 25 57.70 -31.0800 -177.7300  10.0 5.6 6.2 KERMADEC ISLANDS REGION
event name:     C031197B
time shift:      7.4000
half duration:   2.8000
latitude:      -31.1200
longitude:    -177.1900
depth:          15.0000
Mrr:       7.270000e+24
Mtt:       5.000000e+23
Mpp:      -7.780000e+24
Mrt:       1.730000e+24
Mrp:       1.195000e+25
Mtp:      -2.300000e+24
