 PDE 1995  3 19 23 53 14.50  -4.1500  135.0900  33.0 6.3 7.1 IRIAN JAYA REGION, INDONESIA
event name:     C031995G
time shift:      7.3000
half duration:   6.6000
latitude:       -4.1800
longitude:     135.1000
depth:          19.0000
Mrr:       3.110000e+25
Mtt:      -1.114000e+26
Mpp:       8.030000e+25
Mrt:       3.350000e+25
Mrp:      -3.780000e+25
Mtp:       1.981000e+26
