 PDE 2003  3 19  0  3 42.90  -9.3900  156.5900  33.5 5.8 5.9 SOLOMON ISLANDS
event name:     C031903A
time shift:      0.3000
half duration:   2.5000
latitude:       -9.3700
longitude:     156.6600
depth:          16.0000
Mrr:       1.300000e+23
Mtt:      -7.700000e+24
Mpp:       7.570000e+24
Mrt:      -4.190000e+24
Mrp:      -5.900000e+23
Mtp:       1.130000e+25
