 PDE 2004  3 12 22 45 19.00  36.4000   70.7700 218.0 5.7 0.0 HINDU KUSH REGION, AFGHANISTAN
event name:     C031204D
time shift:      0.4000
half duration:   1.6000
latitude:       36.3800
longitude:      70.6000
depth:         215.2000
Mrr:       2.590000e+24
Mtt:      -2.470000e+24
Mpp:      -1.160000e+23
Mrt:       2.470000e+24
Mrp:       6.310000e+23
Mtp:      -2.300000e+22
