 PDE 1998  3 14 19 40 27.00  30.1500   57.6000   9.0 5.9 6.9 SOUTHERN IRAN
event name:     C031498F
time shift:      7.2000
half duration:   5.0000
latitude:       29.9500
longitude:      57.6000
depth:          15.0000
Mrr:      -2.343000e+25
Mtt:      -5.153000e+25
Mpp:       7.496000e+25
Mrt:      -3.675000e+25
Mrp:      -3.254000e+25
Mtp:       5.075000e+25
