 PDE 2003  3 17 16 36 17.30  51.2700  177.9800  33.0 5.9 6.7 RAT ISLANDS, ALEUTIAN ISLANDS
event name:     C031703E
time shift:      9.4000
half duration:   7.8000
latitude:       51.3300
longitude:     177.5800
depth:          27.0000
Mrr:       1.900000e+26
Mtt:      -2.580000e+26
Mpp:       6.790000e+25
Mrt:       2.900000e+26
Mrp:       1.940000e+26
Mtp:      -4.640000e+25
