 PDE 1996  3 17 14 48 56.70 -14.7000  167.3000 164.0 5.8 6.0 VANUATU ISLANDS
event name:     C031796A
time shift:      7.7000
half duration:   5.4000
latitude:      -14.5700
longitude:     167.1900
depth:         171.4000
Mrr:       9.975000e+25
Mtt:      -1.280000e+24
Mpp:      -9.847000e+25
Mrt:      -4.694000e+25
Mrp:      -2.187000e+25
Mtp:       5.576000e+25
