 PDE 2001  3 14 18 56 18.90   0.4500  121.8900 109.4 5.9 0.0 MINAHASSA PENINSULA, SULAWESI
event name:     C031401A
time shift:      4.9000
half duration:   2.3000
latitude:        0.6500
longitude:     122.0100
depth:         121.8000
Mrr:       7.064000e+24
Mtt:       7.140000e+23
Mpp:      -7.778000e+24
Mrt:      -4.955000e+24
Mrp:      -4.400000e+23
Mtp:      -2.771000e+24
