 PDE 2001  3 19  5 52 15.90  -4.0300  128.0200  33.0 6.0 6.5 BANDA SEA
event name:     C031901A
time shift:      3.3000
half duration:   4.5000
latitude:       -4.0100
longitude:     128.1200
depth:          17.0000
Mrr:      -2.990000e+24
Mtt:      -5.260000e+25
Mpp:       5.559000e+25
Mrt:       3.868000e+25
Mrp:      -2.360000e+24
Mtp:       7.940000e+24
