 PDE 2004  3 17  5 21  0.80  34.5900   23.3300  24.5 5.9 5.7 CRETE, GREECE
event name:     C031704C
time shift:      3.1000
half duration:   2.5000
latitude:       34.4500
longitude:      23.2700
depth:          12.0000
Mrr:       2.800000e+23
Mtt:       2.880000e+24
Mpp:      -3.170000e+24
Mrt:       9.000000e+23
Mrp:      -1.820000e+24
Mtp:      -1.080000e+25
