 PDE 2000  3 12 22 21 30.50  14.9800  -92.4400  62.0 5.5 5.8 NEAR COAST OF CHIAPAS, MEXICO
event name:     C031200D
time shift:      5.5000
half duration:   3.6000
latitude:       14.8400
longitude:     -93.0200
depth:          66.7000
Mrr:       1.021000e+25
Mtt:      -1.419000e+25
Mpp:       3.980000e+24
Mrt:       1.949000e+25
Mrp:      -2.026000e+25
Mtp:       5.220000e+24
