 PDE 2002  3 19 22 14 14.90  -6.4900  129.9000 148.1 5.7 0.0 BANDA SEA
event name:     C031902B
time shift:      5.2000
half duration:   2.6000
latitude:       -6.3800
longitude:     130.0300
depth:         160.6000
Mrr:      -5.139000e+24
Mtt:      -4.671000e+24
Mpp:       9.809000e+24
Mrt:       4.374000e+24
Mrp:       8.988000e+24
Mtp:      -1.149000e+24
