 PDE 2003  3 10  2  9 37.10   1.6900  127.3000  93.8 6.2 0.0 HALMAHERA, INDONESIA
event name:     C031003A
time shift:      4.7000
half duration:   3.6000
latitude:        1.7400
longitude:     127.2300
depth:         100.2000
Mrr:       1.810000e+25
Mtt:       8.510000e+24
Mpp:      -2.660000e+25
Mrt:      -2.720000e+25
Mrp:      -2.090000e+25
Mtp:      -2.960000e+24
