 PDE 1998  3 22  1  8 57.50 -11.4300   66.2500  10.0 5.4 6.1 MID-INDIAN RIDGE
event name:     C032298B
time shift:      6.5000
half duration:   2.6000
latitude:      -11.3500
longitude:      66.2400
depth:          15.0000
Mrr:      -1.412000e+25
Mtt:       2.500000e+23
Mpp:       1.387000e+25
Mrt:      -2.000000e+23
Mrp:       2.460000e+24
Mtp:      -4.240000e+24
