 PDE 2002  3 25 14 56 33.80  36.0600   69.3200   8.0 5.9 6.2 HINDU KUSH REGION, AFGHANISTAN
event name:     C032502C
time shift:      7.4000
half duration:   3.4000
latitude:       36.2800
longitude:      69.0600
depth:          15.0000
Mrr:       1.313000e+25
Mtt:       4.700000e+24
Mpp:      -1.783000e+25
Mrt:       1.020000e+24
Mrp:      -3.960000e+24
Mtp:      -2.350000e+24
