 PDE 2003  3 25  2 53 25.00  -8.2900  120.7400  33.0 6.2 6.1 FLORES REGION, INDONESIA
event name:     C032503A
time shift:     10.4000
half duration:   4.0000
latitude:       -8.2800
longitude:     120.7500
depth:          32.0000
Mrr:      -1.730000e+25
Mtt:       9.270000e+24
Mpp:       8.010000e+24
Mrt:      -4.580000e+25
Mrp:       1.230000e+25
Mtp:       2.310000e+25
