 PDE 1998  3 20 21  8  8.50 -50.0100  163.1100  10.0 5.8 6.1 AUCKLAND ISLANDS, N.Z. REGION
event name:     C032098D
time shift:     11.7000
half duration:   5.1000
latitude:      -50.0600
longitude:     162.8900
depth:          15.0000
Mrr:       9.600000e+24
Mtt:       1.207000e+26
Mpp:      -1.304000e+26
Mrt:       2.890000e+25
Mrp:      -1.190000e+25
Mtp:      -1.610000e+25
