 PDE 2004  3 27 18 47 29.20  33.9500   89.1800   8.0 6.0 5.8 XIZANG
event name:     C032704G
time shift:      5.9000
half duration:   2.3000
latitude:       34.0000
longitude:      89.3500
depth:          12.0000
Mrr:      -8.750000e+24
Mtt:      -2.830000e+24
Mpp:       1.160000e+25
Mrt:      -1.030000e+24
Mrp:      -5.700000e+23
Mtp:       5.160000e+24
