 PDE 2003  3 28 17 31 47.80 -15.3200 -173.5100  41.2 5.8 6.0 TONGA ISLANDS
event name:     C032803B
time shift:      7.2000
half duration:   2.8000
latitude:      -15.1500
longitude:    -173.3400
depth:          49.0000
Mrr:      -3.600000e+24
Mtt:       7.560000e+24
Mpp:      -3.960000e+24
Mrt:      -1.740000e+25
Mrp:       6.720000e+24
Mtp:       2.190000e+24
