 PDE 1996  3 27 20 52  6.60  11.7800  -87.9300  33.0 5.5 5.5 OFF COAST OF CENTRAL AMERICA
event name:     C032796E
time shift:      3.9000
half duration:   2.5000
latitude:       11.7300
longitude:     -88.6100
depth:          15.0000
Mrr:      -1.269000e+25
Mtt:       6.980000e+24
Mpp:       5.710000e+24
Mrt:      -3.560000e+24
Mrp:       6.800000e+23
Mtp:      -6.600000e+24
