 PDE 2004  3 26 15 20  6.60  41.8600  144.2100  22.4 5.7 5.6 HOKKAIDO, JAPAN REGION
event name:     C032604D
time shift:      3.8000
half duration:   2.3000
latitude:       41.7400
longitude:     144.5400
depth:          31.0000
Mrr:       3.030000e+24
Mtt:      -1.240000e+24
Mpp:      -1.790000e+24
Mrt:       2.430000e+24
Mrp:       3.770000e+24
Mtp:      -2.320000e+24
