 PDE 2004  3 25 13 35 10.30  -6.1800  129.1200 228.8 5.1 0.0 BANDA SEA
event name:     C032504D
time shift:      2.3000
half duration:   1.4000
latitude:       -6.2500
longitude:     129.1300
depth:         246.5000
Mrr:       1.850000e+24
Mtt:      -2.340000e+24
Mpp:       4.880000e+23
Mrt:      -1.190000e+24
Mrp:       1.950000e+23
Mtp:       7.000000e+21
