 PDE 2001  3 24  6 27 53.60  34.0800  132.5300  50.0 6.4 6.5 SHIKOKU, JAPAN
event name:     C032401C
time shift:      8.6000
half duration:   6.2000
latitude:       33.9700
longitude:     132.5200
depth:          47.4000
Mrr:      -1.437000e+26
Mtt:      -5.050000e+25
Mpp:       1.942000e+26
Mrt:       1.330000e+25
Mrp:       6.960000e+25
Mtp:      -7.990000e+25
