 PDE 2000  3 21  5 26  7.70   3.1500  128.0300 102.7 6.1 5.3 NORTH OF HALMAHERA, INDONESIA
event name:     C032100B
time shift:      1.7000
half duration:   2.2000
latitude:        3.3500
longitude:     128.0500
depth:          91.8000
Mrr:       4.182000e+24
Mtt:       2.441000e+24
Mpp:      -6.623000e+24
Mrt:       4.026000e+24
Mrp:      -2.962000e+24
Mtp:       3.542000e+24
