 PDE 1996  3 22  3 24 20.00  51.2200  178.7000  20.0 5.7 6.6 RAT ISLANDS, ALEUTIAN ISLANDS
event name:     C032296A
time shift:      8.0000
half duration:   5.6000
latitude:       51.2400
longitude:     178.7200
depth:          19.1000
Mrr:       8.704000e+25
Mtt:      -9.340000e+25
Mpp:       6.360000e+24
Mrt:       9.958000e+25
Mrp:       3.997000e+25
Mtp:      -1.843000e+25
