 PDE 2001  3 23 11 30 10.50  44.0700  148.0500  33.0 5.9 5.7 KURIL ISLANDS
event name:     C032301C
time shift:      5.5000
half duration:   2.5000
latitude:       44.1200
longitude:     148.3800
depth:          46.1000
Mrr:       9.257000e+24
Mtt:      -2.650000e+24
Mpp:      -6.608000e+24
Mrt:       2.327000e+24
Mrp:       6.187000e+24
Mtp:      -7.101000e+24
