 PDE 1998  3 25 12 17 22.50 -63.6100  147.9400  10.0 5.8 6.1 SOUTH OF AUSTRALIA
event name:     C032598I
time shift:      7.1000
half duration:   3.6000
latitude:      -63.6300
longitude:     147.5700
depth:          15.0000
Mrr:      -2.300000e+24
Mtt:       2.960000e+24
Mpp:      -6.600000e+23
Mrt:       2.080000e+24
Mrp:      -2.000000e+24
Mtp:       4.392000e+25
