 PDE 1998  3 29  7 14 59.00  -0.2400  -17.9300  10.0 5.5 5.6 NORTH OF ASCENSION ISLAND
event name:     C032998B
time shift:      7.4000
half duration:   2.7000
latitude:        0.1600
longitude:     -17.8700
depth:          15.0000
Mrr:      -7.700000e+23
Mtt:       6.460000e+24
Mpp:      -5.690000e+24
Mrt:       2.600000e+24
Mrp:      -7.400000e+23
Mtp:      -1.524000e+25
