 PDE 1997  3 26  2  8 57.20  51.2800  179.5300  33.0 6.0 6.5 RAT ISLANDS, ALEUTIAN ISLANDS
event name:     C032697A
time shift:      6.7000
half duration:   5.2000
latitude:       51.2300
longitude:     179.5400
depth:          31.1000
Mrr:       7.717000e+25
Mtt:      -7.888000e+25
Mpp:       1.710000e+24
Mrt:       6.937000e+25
Mrp:       4.202000e+25
Mtp:      -2.989000e+25
