 PDE 1997  3 25 16 44 32.60  -9.0600  -71.2900 603.0 5.4 0.0 WESTERN BRAZIL
event name:     C032597I
time shift:      5.1000
half duration:   2.4000
latitude:       -8.8600
longitude:     -71.2500
depth:         618.0000
Mrr:      -1.105000e+25
Mtt:       2.610000e+24
Mpp:       8.440000e+24
Mrt:      -9.100000e+23
Mrp:       6.470000e+24
Mtp:      -3.980000e+24
