 PDE 1998  3 21 16 33 11.00  79.8900    1.8600  10.0 5.9 6.1 GREENLAND SEA
event name:     C032198C
time shift:      7.8000
half duration:   3.2000
latitude:       79.8400
longitude:       1.5800
depth:          20.7000
Mrr:      -1.340000e+24
Mtt:      -2.402000e+25
Mpp:       2.536000e+25
Mrt:      -1.300000e+23
Mrp:      -1.190000e+24
Mtp:      -7.670000e+24
