 PDE 1996  3 24 22 19  2.60 -55.4200  146.0100  10.0 5.3 5.8 WEST OF MACQUARIE ISLAND
event name:     C032496D
time shift:      7.0000
half duration:   2.6000
latitude:      -55.4200
longitude:     146.1600
depth:          15.0000
Mrr:      -1.400000e+24
Mtt:       5.580000e+24
Mpp:      -4.180000e+24
Mrt:       4.920000e+24
Mrp:      -9.000000e+22
Mtp:      -1.261000e+25
