 PDE 2002  3 26  3 45 48.70  23.3500  124.0900  33.0 5.8 6.6 SOUTHEAST OF TAIWAN
event name:     C032602A
time shift:      2.4000
half duration:   4.4000
latitude:       22.9400
longitude:     124.0200
depth:          17.0000
Mrr:       3.288000e+25
Mtt:      -2.970000e+25
Mpp:      -3.180000e+24
Mrt:       3.886000e+25
Mrp:       1.340000e+25
Mtp:      -8.510000e+24
