 PDE 2003  3 29 11 46 48.90  35.9800   70.5800 114.1 5.9 0.0 HINDU KUSH REGION, AFGHANISTAN
event name:     C032903A
time shift:      3.4000
half duration:   2.0000
latitude:       35.7700
longitude:      70.4400
depth:         108.8000
Mrr:       3.300000e+24
Mtt:       5.040000e+23
Mpp:      -3.800000e+24
Mrt:       3.890000e+24
Mrp:      -1.130000e+24
Mtp:      -3.780000e+24
