 PDE 2002  3 28  4 56 22.40 -21.6600  -68.3300 125.1 6.1 0.0 CHILE-BOLIVIA BORDER REGION
event name:     C032802D
time shift:      7.8000
half duration:   4.3000
latitude:      -21.6900
longitude:     -68.5700
depth:         137.8000
Mrr:       2.200000e+23
Mtt:      -2.840000e+24
Mpp:       2.630000e+24
Mrt:      -5.060000e+24
Mrp:      -5.701000e+25
Mtp:       1.371000e+25
