 PDE 1996  3 28  7 28 28.10  11.9200   57.8100  10.0 5.8 5.6 OWEN FRACTURE ZONE REGION
event name:     C032896C
time shift:      2.9000
half duration:   2.7000
latitude:       12.0100
longitude:      57.7200
depth:          15.0000
Mrr:      -6.100000e+23
Mtt:      -1.153000e+25
Mpp:       1.214000e+25
Mrt:       5.610000e+24
Mrp:      -4.190000e+24
Mtp:      -8.200000e+24
