 PDE 1995  3 26  2 16 16.10 -55.8500  -28.2100  77.0 6.1 5.9 SOUTH SANDWICH ISLANDS REGION
event name:     C032695A
time shift:      4.4000
half duration:   3.4000
latitude:      -55.7100
longitude:     -28.3400
depth:          57.3000
Mrr:       3.450000e+24
Mtt:      -1.126000e+25
Mpp:       7.810000e+24
Mrt:      -1.750000e+25
Mrp:      -1.440000e+25
Mtp:       1.201000e+25
