 PDE 2003  3 31  1  6 53.00  -6.1800  151.4300  46.8 6.0 6.1 NEW BRITAIN REGION, P.N.G.
event name:     C033103A
time shift:      3.5000
half duration:   2.8000
latitude:       -6.3200
longitude:     151.7000
depth:          18.0000
Mrr:       1.380000e+25
Mtt:      -1.410000e+25
Mpp:       3.200000e+23
Mrt:       1.370000e+25
Mrp:       1.130000e+25
Mtp:      -1.750000e+24
