 PDE 1996  3 31 23 41 43.10 -11.1800  165.6400  33.0 5.6 6.1 SANTA CRUZ ISLANDS
event name:     C033196C
time shift:      4.4000
half duration:   2.4000
latitude:      -11.1800
longitude:     165.7000
depth:          25.9000
Mrr:      -2.699000e+24
Mtt:       4.909000e+24
Mpp:      -2.210000e+24
Mrt:       7.276000e+24
Mrp:      -4.717000e+24
Mtp:       5.033000e+24
