 PDE 1996  3 30 13  5 17.40  52.2100 -168.7300  33.0 5.9 6.2 FOX ISLANDS, ALEUTIAN ISLANDS
event name:     C033096C
time shift:      2.4000
half duration:   3.6000
latitude:       52.1600
longitude:    -168.6200
depth:          16.0000
Mrr:       1.767000e+25
Mtt:      -1.405000e+25
Mpp:      -3.630000e+24
Mrt:       2.489000e+25
Mrp:       1.287000e+25
Mtp:      -8.350000e+24
