 PDE 1995  3 31 14  1 40.80  38.1500  135.0600 365.0 6.0 0.0 SEA OF JAPAN
event name:     C033195B
time shift:      3.3000
half duration:   2.8000
latitude:       38.1600
longitude:     135.1100
depth:         366.5000
Mrr:      -1.570000e+24
Mtt:       3.770000e+24
Mpp:      -2.200000e+24
Mrt:      -3.040000e+24
Mrp:      -2.043000e+25
Mtp:      -4.080000e+24
