 PDE 1999  3 31  5 54 42.10   5.8300  -82.6200  10.0 5.9 6.1 SOUTH OF PANAMA
event name:     C033199A
time shift:      6.0000
half duration:   3.8000
latitude:        5.8600
longitude:     -82.4600
depth:          17.0000
Mrr:      -3.370000e+24
Mtt:       2.230000e+24
Mpp:       1.140000e+24
Mrt:       3.510000e+24
Mrp:      -2.720000e+24
Mtp:       4.108000e+25
