 PDE 2003  3 30 18 13 34.10  -3.1700  127.5400  33.0 5.8 6.0 SERAM, INDONESIA
event name:     C033003F
time shift:      2.6000
half duration:   3.1000
latitude:       -3.1300
longitude:     127.4800
depth:          20.8000
Mrr:      -1.140000e+25
Mtt:       1.600000e+25
Mpp:      -4.590000e+24
Mrt:      -7.670000e+24
Mrp:       8.610000e+24
Mtp:       1.640000e+25
