 PDE 1996  3 30  9 56 59.40 -55.8500 -125.6700  10.0 4.4 5.1 SOUTHERN EAST PACIFIC RISE
event name:     C033096A
time shift:      7.1000
half duration:   2.7000
latitude:      -55.8200
longitude:    -124.3300
depth:          15.0000
Mrr:      -1.430000e+24
Mtt:       9.190000e+24
Mpp:      -7.750000e+24
Mrt:       2.390000e+24
Mrp:      -5.200000e+23
Mtp:       1.264000e+25
