 PDE 2004  4  5 21 24  4.00  36.5100   71.0300 187.1 6.4 0.0 HINDU KUSH REGION, AFGHANISTAN
event name:     C040504J
time shift:      0.5000
half duration:   4.2000
latitude:       36.5200
longitude:      70.8400
depth:         183.5000
Mrr:       3.410000e+25
Mtt:      -4.410000e+25
Mpp:       9.950000e+24
Mrt:       3.660000e+25
Mrp:       3.190000e+25
Mtp:      -5.360000e+24
