 PDE 1997  4  5 12 23 30.50  -6.4900  147.4100  69.0 6.1 0.0 EASTERN NEW GUINEA REG., P.N.G.
event name:     C040597C
time shift:      6.5000
half duration:   3.9000
latitude:       -6.5700
longitude:     147.6700
depth:          53.1000
Mrr:      -4.595000e+25
Mtt:       6.432000e+25
Mpp:      -1.837000e+25
Mrt:       5.710000e+24
Mrp:      -2.910000e+24
Mtp:      -8.610000e+24
