 PDE 1998  4  1 17 56 23.40  -0.5400   99.2600  55.7 6.2 6.9 SOUTHERN SUMATRA, INDONESIA
event name:     C040198A
time shift:      8.4000
half duration:   7.8000
latitude:       -0.7800
longitude:      98.8400
depth:          41.9000
Mrr:       2.160000e+26
Mtt:      -1.214000e+26
Mpp:      -9.460000e+25
Mrt:       2.125000e+26
Mrp:      -1.304000e+26
Mtp:       1.155000e+26
