 PDE 2002  4  1 19 59 32.50 -29.6700  -71.3800  71.0 6.1 0.0 NEAR COAST OF CENTRAL CHILE
event name:     C040102C
time shift:      3.1000
half duration:   3.6000
latitude:      -29.7400
longitude:     -71.3600
depth:          73.0000
Mrr:      -1.577000e+25
Mtt:       2.195000e+25
Mpp:      -6.180000e+24
Mrt:      -6.300000e+23
Mrp:      -3.657000e+25
Mtp:       9.830000e+24
