 PDE 1997  4  1 18 33 32.20 -18.3000  -69.5300 114.0 5.9 0.0 NORTHERN CHILE
event name:     C040197E
time shift:      6.0000
half duration:   2.8000
latitude:      -18.3200
longitude:     -69.5400
depth:         117.7000
Mrr:      -7.860000e+24
Mtt:      -7.010000e+24
Mpp:       1.487000e+25
Mrt:       5.340000e+24
Mrp:      -1.309000e+25
Mtp:       2.460000e+24
