 PDE 2004  4  3 23  2  0.90  36.4300  141.0100  31.0 5.7 5.6 NEAR EAST COAST OF HONSHU, JAPAN
event name:     C040304I
time shift:      4.2000
half duration:   2.2000
latitude:       36.3900
longitude:     141.2500
depth:          34.0000
Mrr:       5.520000e+24
Mtt:       7.000000e+22
Mpp:      -5.590000e+24
Mrt:       2.700000e+24
Mrp:       7.340000e+24
Mtp:      -2.720000e+24
