 PDE 2001  4  4  7 44 11.20  -5.1800  132.3700  33.0 5.9 6.0 ARU ISLANDS REGION, INDONESIA
event name:     C040401C
time shift:      6.5000
half duration:   3.9000
latitude:       -5.1800
longitude:     132.4300
depth:          18.0000
Mrr:      -1.900000e+23
Mtt:      -2.426000e+25
Mpp:       2.445000e+25
Mrt:      -7.400000e+24
Mrp:       7.650000e+24
Mtp:       3.002000e+25
