 PDE 1995  4  8 17 45 18.10  21.8000  142.6300 319.0 6.3 0.0 MARIANA ISLANDS REGION
event name:     C040895I
time shift:      1.4000
half duration:   3.2000
latitude:       21.9300
longitude:     142.6800
depth:         281.3000
Mrr:       1.615000e+25
Mtt:      -2.141000e+25
Mpp:       5.260000e+24
Mrt:       1.174000e+25
Mrp:       1.048000e+25
Mtp:       2.270000e+24
