 PDE 1998  4  3 22  1 48.20  -8.1500  -74.2400 164.6 6.1 5.6 PERU-BRAZIL BORDER REGION
event name:     C040398E
time shift:      8.3000
half duration:   4.9000
latitude:       -7.9600
longitude:     -74.4800
depth:         153.7000
Mrr:       1.157000e+25
Mtt:       3.040000e+24
Mpp:      -1.462000e+25
Mrt:       1.569000e+25
Mrp:      -9.084000e+25
Mtp:      -1.926000e+25
