 PDE 2004  4  9 15 23 35.00 -13.1700  167.2000 228.4 5.8 0.0 VANUATU ISLANDS
event name:     C040904B
time shift:      4.7000
half duration:   3.9000
latitude:      -13.2200
longitude:     167.1600
depth:         226.3000
Mrr:       4.660000e+25
Mtt:      -1.260000e+25
Mpp:      -3.410000e+25
Mrt:      -1.440000e+24
Mrp:      -2.220000e+25
Mtp:       1.740000e+25
