 PDE 1999  4  8 13 10 34.10  43.6100  130.3500 565.7 6.4 0.0 E. RUSSIA-N.E. CHINA BORDER REG.
event name:     C040899B
time shift:      6.1000
half duration:   8.3000
latitude:       43.6600
longitude:     130.4700
depth:         575.4000
Mrr:       1.488000e+26
Mtt:      -1.160000e+26
Mpp:      -3.270000e+25
Mrt:      -6.600000e+24
Mrp:      -4.547000e+26
Mtp:      -1.892000e+26
