 PDE 2001  4  7 23 17 37.90 -27.5500 -176.3400  33.0 5.6 5.8 KERMADEC ISLANDS REGION
event name:     C040701C
time shift:      7.3000
half duration:   2.9000
latitude:      -27.6500
longitude:    -175.9300
depth:          15.0000
Mrr:       1.400000e+25
Mtt:       2.500000e+23
Mpp:      -1.425000e+25
Mrt:       5.010000e+24
Mrp:       1.552000e+25
Mtp:      -4.340000e+24
