 PDE 2004  4  8  4 57 50.50 -36.2600  -97.8300  10.0 5.6 5.4 SOUTHEAST OF EASTER ISLAND
event name:     C040804B
time shift:     11.2000
half duration:   3.6000
latitude:      -36.4900
longitude:     -98.8200
depth:          12.0000
Mrr:      -3.140000e+24
Mtt:      -5.120000e+24
Mpp:       8.260000e+24
Mrt:       1.860000e+24
Mrp:      -2.670000e+24
Mtp:      -3.790000e+25
