 PDE 2002  4  8  3 48 55.20 -51.0700  139.2700  10.0 5.6 6.1 WESTERN INDIAN-ANTARCTIC RIDGE
event name:     C040802A
time shift:      6.2000
half duration:   2.9000
latitude:      -51.2100
longitude:     139.3500
depth:          15.0000
Mrr:      -6.800000e+23
Mtt:       1.470000e+24
Mpp:      -7.900000e+23
Mrt:      -2.010000e+24
Mrp:       7.200000e+23
Mtp:      -1.935000e+25
