 PDE 2004  4  5 20 34 21.90 -20.4400 -173.9400   8.0 5.3 6.0 TONGA ISLANDS
event name:     C040504I
time shift:      4.5000
half duration:   2.0000
latitude:      -20.7200
longitude:    -173.2400
depth:          12.0000
Mrr:       4.210000e+24
Mtt:      -9.450000e+23
Mpp:      -3.260000e+24
Mrt:       2.610000e+24
Mrp:       6.030000e+24
Mtp:      -1.740000e+24
