 PDE 1999  4  9 12 16  1.90 -26.3500  178.2200 621.2 5.5 0.0 SOUTH OF FIJI ISLANDS
event name:     C040999B
time shift:      5.7000
half duration:   3.3000
latitude:      -26.3700
longitude:     178.2800
depth:         635.6000
Mrr:       3.730000e+24
Mtt:      -1.212000e+25
Mpp:       8.380000e+24
Mrt:      -6.600000e+24
Mrp:      -1.118000e+25
Mtp:      -1.261000e+25
