 PDE 1997  4  2  6 14 31.00  11.4100  -60.9400  45.0 5.8 5.5 WINDWARD ISLANDS
event name:     C040297C
time shift:      4.6000
half duration:   2.6000
latitude:       11.3900
longitude:     -60.7400
depth:          34.0000
Mrr:      -7.700000e+23
Mtt:      -5.670000e+24
Mpp:       6.440000e+24
Mrt:       6.340000e+24
Mrp:      -1.950000e+24
Mtp:       1.214000e+25
