 PDE 2002  4  7  1 41 26.10 -60.9400  154.2500  10.0 5.1 5.7 BALLENY ISLANDS REGION
event name:     C040702B
time shift:     10.0000
half duration:   2.9000
latitude:      -61.1700
longitude:     153.9300
depth:          15.0000
Mrr:      -2.920000e+24
Mtt:       1.875000e+25
Mpp:      -1.582000e+25
Mrt:       6.760000e+24
Mrp:      -6.500000e+23
Mtp:      -1.516000e+25
