 PDE 2000  4  7 19  8 27.80 -18.0500   65.5200  10.0 5.5 5.9 MAURITIUS - REUNION REGION
event name:     C040700E
time shift:     11.2000
half duration:   3.4000
latitude:      -17.5400
longitude:      65.3800
depth:          15.0000
Mrr:      -3.760000e+24
Mtt:      -2.801000e+25
Mpp:       3.177000e+25
Mrt:      -3.410000e+24
Mrp:      -3.110000e+24
Mtp:       1.611000e+25
