 PDE 2003  4  2  3 43 11.60  35.2800  -35.7300  10.0 5.5 5.6 NORTHERN MID-ATLANTIC RIDGE
event name:     C040203C
time shift:      8.6000
half duration:   3.2000
latitude:       35.1700
longitude:     -35.6500
depth:          15.0000
Mrr:      -1.310000e+24
Mtt:       1.040000e+25
Mpp:      -9.070000e+24
Mrt:       3.890000e+24
Mrp:      -1.480000e+24
Mtp:       2.720000e+25
