 PDE 2000  4  3 15 20  2.00   4.0800  125.6100 150.0 5.9 0.0 TALAUD ISLANDS, INDONESIA
event name:     C040300D
time shift:      1.9000
half duration:   3.0000
latitude:        4.1000
longitude:     125.7500
depth:         139.6000
Mrr:      -5.000000e+22
Mtt:       1.790000e+25
Mpp:      -1.785000e+25
Mrt:      -5.030000e+24
Mrp:      -9.500000e+23
Mtp:      -5.550000e+24
