 PDE 1997  4  1 15 11 49.00   7.7700  -82.4000  33.0 5.7 5.4 SOUTH OF PANAMA
event name:     C040197C
time shift:      4.9000
half duration:   2.6000
latitude:        7.7000
longitude:     -82.2100
depth:          23.1000
Mrr:      -3.200000e+23
Mtt:      -2.880000e+24
Mpp:       3.200000e+24
Mrt:       2.260000e+24
Mrp:       3.610000e+24
Mtp:       1.468000e+25
