 PDE 2002  4 12  4  0 23.70  35.9600   69.4200  10.0 5.8 5.9 HINDU KUSH REGION, AFGHANISTAN
event name:     C041202A
time shift:      6.9000
half duration:   2.4000
latitude:       36.1500
longitude:      69.1200
depth:          15.0000
Mrr:       6.092000e+24
Mtt:       1.655000e+24
Mpp:      -7.747000e+24
Mrt:      -9.440000e+23
Mrp:       2.110000e+23
Mtp:      -2.056000e+24
