 PDE 2001  4 19 20 58 26.10  -7.3100  155.9600  20.0 5.7 6.1 SOLOMON ISLANDS
event name:     C041901H
time shift:      7.7000
half duration:   3.2000
latitude:       -7.6400
longitude:     156.0500
depth:          18.0000
Mrr:       2.070000e+25
Mtt:      -1.527000e+25
Mpp:      -5.430000e+24
Mrt:       1.023000e+25
Mrp:      -5.760000e+24
Mtp:       9.810000e+24
