 PDE 1999  4 13 10 38 48.40 -21.4200 -176.4600 164.2 6.4 0.0 TONGA ISLANDS
event name:     C041399B
time shift:      6.0000
half duration:   6.3000
latitude:      -21.5400
longitude:    -175.8900
depth:         172.8000
Mrr:      -2.260000e+25
Mtt:       2.610000e+25
Mpp:      -3.500000e+24
Mrt:      -4.730000e+25
Mrp:      -1.759000e+26
Mtp:       4.560000e+25
