 PDE 2004  4 17 19  0 55.20  -6.3900  129.9800 157.2 5.7 0.0 BANDA SEA
event name:     C041704J
time shift:      3.3000
half duration:   1.6000
latitude:       -6.3400
longitude:     130.1200
depth:         165.1000
Mrr:       2.440000e+23
Mtt:      -7.100000e+23
Mpp:       4.660000e+23
Mrt:       1.010000e+24
Mrp:       3.480000e+24
Mtp:       6.560000e+23
