 PDE 1998  4 11  0 44 35.80 -23.6400 -176.1100  33.0 5.7 6.1 TONGA ISLANDS REGION
event name:     C041198A
time shift:      4.9000
half duration:   3.1000
latitude:      -23.8500
longitude:    -175.4600
depth:          18.0000
Mrr:       1.624000e+25
Mtt:      -7.600000e+23
Mpp:      -1.548000e+25
Mrt:       6.170000e+24
Mrp:       1.423000e+25
Mtp:      -5.530000e+24
