 PDE 2002  4 18 16  8 36.80 -27.5300  -70.5900  62.0 6.2 0.0 NEAR COAST OF NORTHERN CHILE
event name:     C041802F
time shift:      6.1000
half duration:   4.6000
latitude:      -27.4400
longitude:     -70.7300
depth:          53.0000
Mrr:       3.424000e+25
Mtt:       2.460000e+25
Mpp:      -5.884000e+25
Mrt:       6.340000e+24
Mrp:       4.220000e+25
Mtp:      -6.352000e+25
