 PDE 2004  4 16 21 57  5.40  -5.2100  102.7200  44.5 5.6 5.8 SOUTHERN SUMATRA, INDONESIA
event name:     C041604G
time shift:      1.1000
half duration:   2.5000
latitude:       -5.3500
longitude:     102.5400
depth:          18.0000
Mrr:      -2.000000e+23
Mtt:      -2.250000e+24
Mpp:       2.450000e+24
Mrt:       8.820000e+24
Mrp:      -6.700000e+24
Mtp:       5.600000e+23
