 PDE 2004  4 16 16 58 36.90 -24.5200 -175.8800  10.0 5.7 6.0 SOUTH OF TONGA ISLANDS
event name:     C041604E
time shift:      3.3000
half duration:   2.2000
latitude:      -24.7000
longitude:    -175.1900
depth:          15.0000
Mrr:       6.540000e+24
Mtt:      -4.900000e+23
Mpp:      -6.050000e+24
Mrt:       8.900000e+23
Mrp:       8.080000e+24
Mtp:      -1.170000e+24
