 PDE 2003  4 17 14 50 48.60 -54.6200    1.4300  10.0 5.5 6.0 BOUVET ISLAND REGION
event name:     C041703C
time shift:     18.6000
half duration:   4.3000
latitude:      -54.3200
longitude:       2.4900
depth:          15.0000
Mrr:      -8.200000e+24
Mtt:       7.450000e+25
Mpp:      -6.630000e+25
Mrt:       6.500000e+24
Mrp:      -2.300000e+24
Mtp:      -8.000000e+23
