 PDE 1998  4 14  3 41 22.30 -23.8200 -179.8700 498.6 5.5 0.0 SOUTH OF FIJI ISLANDS
event name:     C041498B
time shift:      5.8000
half duration:   2.7000
latitude:      -23.7300
longitude:    -179.8100
depth:         509.6000
Mrr:      -4.600000e+24
Mtt:       4.700000e+23
Mpp:       4.130000e+24
Mrt:       7.410000e+24
Mrp:      -1.289000e+25
Mtp:      -5.100000e+23
