 PDE 1998  4 10 16 40 38.60  -1.3200  -15.6500  10.0 5.4 5.9 NORTH OF ASCENSION ISLAND
event name:     C041098D
time shift:      6.5000
half duration:   2.9000
latitude:       -1.1800
longitude:     -15.3700
depth:          15.0000
Mrr:      -1.570000e+24
Mtt:       8.920000e+24
Mpp:      -7.340000e+24
Mrt:       3.910000e+24
Mrp:       7.850000e+24
Mtp:      -1.700000e+25
