 PDE 2004  4 17 15 58 24.60  -7.3500  128.3700 128.6 6.1 0.0 BANDA SEA
event name:     C041704I
time shift:      2.8000
half duration:   1.9000
latitude:       -7.5000
longitude:     128.5300
depth:         143.3000
Mrr:       5.570000e+24
Mtt:      -4.560000e+24
Mpp:      -1.010000e+24
Mrt:      -1.330000e+24
Mrp:      -9.670000e+23
Mtp:      -2.330000e+24
