 PDE 1996  4 19  0 19 31.10 -23.9400  -70.0900  50.0 6.0 6.1 NEAR COAST OF NORTHERN CHILE
event name:     C041996A
time shift:      9.0000
half duration:   4.8000
latitude:      -23.9500
longitude:     -70.5800
depth:          50.0000
Mrr:       4.747000e+25
Mtt:       6.550000e+24
Mpp:      -5.402000e+25
Mrt:       1.316000e+25
Mrp:      -6.595000e+25
Mtp:       1.800000e+23
