 PDE 2001  4 19  3 13 25.60  -7.4500  155.8900  12.0 6.0 5.7 SOLOMON ISLANDS
event name:     C041901E
time shift:      6.6000
half duration:   2.4000
latitude:       -7.6600
longitude:     155.8900
depth:          15.0000
Mrr:       8.345000e+24
Mtt:      -5.639000e+24
Mpp:      -2.706000e+24
Mrt:       5.974000e+24
Mrp:      -1.202000e+24
Mtp:       4.351000e+24
