 PDE 1995  4 17 23 28  8.30  45.9000  151.2900  34.0 6.1 6.3 KURIL ISLANDS
event name:     C041795F
time shift:      7.7000
half duration:   5.8000
latitude:       45.8000
longitude:     151.4600
depth:          41.5000
Mrr:       1.031000e+26
Mtt:      -4.750000e+25
Mpp:      -5.550000e+25
Mrt:       4.090000e+25
Mrp:       9.590000e+25
Mtp:      -6.060000e+25
