 PDE 2004  4 11 18  6 12.50  42.9200  144.8400  41.8 5.7 5.7 HOKKAIDO, JAPAN REGION
event name:     C041104B
time shift:      4.9000
half duration:   2.7000
latitude:       42.7600
longitude:     145.1300
depth:          45.0000
Mrr:       1.110000e+25
Mtt:      -5.690000e+24
Mpp:      -5.450000e+24
Mrt:       4.630000e+24
Mrp:       1.030000e+25
Mtp:      -7.450000e+24
