 PDE 2003  4 17  0 48 38.60  37.5300   96.4800  14.0 6.2 6.3 QINGHAI, CHINA
event name:     C041703A
time shift:      7.7000
half duration:   3.6000
latitude:       37.5300
longitude:      96.4500
depth:          16.0000
Mrr:       3.430000e+25
Mtt:      -2.870000e+25
Mpp:      -5.650000e+24
Mrt:       1.990000e+25
Mrp:      -1.010000e+25
Mtp:       1.370000e+25
