 PDE 2004  4 11  7 37 29.90  -3.7300  140.0800  20.0 5.4 6.0 IRIAN JAYA, INDONESIA
event name:     C041104A
time shift:      5.2000
half duration:   2.8000
latitude:       -3.6700
longitude:     140.1900
depth:          19.0000
Mrr:      -1.560000e+24
Mtt:      -4.530000e+24
Mpp:       6.080000e+24
Mrt:      -1.440000e+25
Mrp:       3.840000e+24
Mtp:       1.120000e+25
