 PDE 2002  4 11 21 56 56.40 -14.3900  167.6900  10.0 5.9 6.2 VANUATU ISLANDS
event name:     C041102B
time shift:      7.0000
half duration:   2.8000
latitude:      -14.3200
longitude:     167.6800
depth:          15.0000
Mrr:       1.422000e+25
Mtt:       2.300000e+23
Mpp:      -1.445000e+25
Mrt:       2.470000e+24
Mrp:       6.220000e+24
Mtp:       7.500000e+24
