 PDE 2004  4 15 20  6 55.30 -19.3700  169.6300  10.0 5.8 6.2 VANUATU ISLANDS
event name:     C041504C
time shift:      6.9000
half duration:   2.8000
latitude:      -19.2900
longitude:     169.6600
depth:          12.0000
Mrr:      -1.670000e+25
Mtt:       1.020000e+25
Mpp:       6.480000e+24
Mrt:       1.000000e+22
Mrp:      -4.090000e+24
Mtp:      -9.380000e+24
