 PDE 2003  4 11  6 12 54.60   7.0300  -82.3500  10.0 5.6 5.6 SOUTH OF PANAMA
event name:     C041103C
time shift:      4.8000
half duration:   2.7000
latitude:        6.9100
longitude:     -82.3700
depth:          23.0000
Mrr:      -1.070000e+24
Mtt:       4.280000e+24
Mpp:      -3.210000e+24
Mrt:       2.410000e+24
Mrp:       9.000000e+23
Mtp:       1.610000e+25
