 PDE 2001  4 19 21 43 42.30  -7.4100  155.8700  17.0 6.0 6.6 SOLOMON ISLANDS
event name:     C041901I
time shift:      8.3000
half duration:   5.1000
latitude:       -7.5600
longitude:     155.7900
depth:          16.0000
Mrr:       8.642000e+25
Mtt:      -5.752000e+25
Mpp:      -2.890000e+25
Mrt:       6.638000e+25
Mrp:      -1.655000e+25
Mtp:       4.404000e+25
