 PDE 1998  4 10 16 43 41.30 -33.5500 -179.5400  46.1 5.9 5.9 SOUTH OF KERMADEC ISLANDS
event name:     C041098E
time shift:      0.7000
half duration:   2.2000
latitude:      -33.6500
longitude:    -179.1600
depth:          42.4000
Mrr:      -7.780000e+24
Mtt:      -7.910000e+23
Mpp:       8.571000e+24
Mrt:       2.750000e+24
Mrp:       3.400000e+24
Mtp:      -7.600000e+22
