 PDE 1997  4 11  5 34 42.70  39.5300   76.9400  15.0 5.8 6.1 SOUTHERN XINJIANG, CHINA
event name:     C041197C
time shift:      7.0000
half duration:   3.0000
latitude:       39.6100
longitude:      76.9300
depth:          15.0000
Mrr:      -1.363000e+25
Mtt:       1.870000e+24
Mpp:       1.176000e+25
Mrt:       1.410000e+24
Mrp:      -1.155000e+25
Mtp:       1.122000e+25
