 PDE 2001  4 14 23 27 26.70  30.0900  141.7700  10.0 6.0 5.8 SOUTHEAST OF HONSHU, JAPAN
event name:     C041401H
time shift:      8.0000
half duration:   2.4000
latitude:       30.2500
longitude:     142.0600
depth:          15.0000
Mrr:      -1.092000e+25
Mtt:       3.900000e+23
Mpp:       1.052000e+25
Mrt:       1.390000e+24
Mrp:       8.800000e+23
Mtp:       7.600000e+23
