 PDE 2004  4 14 23  7 39.90  71.0700   -7.7500  12.2 5.8 5.6 JAN MAYEN ISLAND REGION
event name:     C041404F
time shift:      2.5000
half duration:   2.3000
latitude:       71.0600
longitude:      -7.3200
depth:          12.0000
Mrr:      -1.180000e+24
Mtt:       7.250000e+24
Mpp:      -6.070000e+24
Mrt:       5.300000e+23
Mrp:       3.400000e+23
Mtp:       7.480000e+24
