 PDE 2004  4 14  1 33  5.30 -17.8500 -174.5600 143.5 5.7 0.0 TONGA ISLANDS
event name:     C041404A
time shift:      4.2000
half duration:   2.3000
latitude:      -17.8200
longitude:    -174.0000
depth:         144.5000
Mrr:       3.330000e+24
Mtt:       2.800000e+23
Mpp:      -3.600000e+24
Mrt:       3.960000e+24
Mrp:       7.990000e+24
Mtp:       2.400000e+23
