 PDE 2004  4 14  1 54  9.20  55.2300  162.6600  51.3 6.0 0.0 NEAR EAST COAST OF KAMCHATKA
event name:     C041404B
time shift:      3.4000
half duration:   2.7000
latitude:       55.2200
longitude:     162.9100
depth:          54.7000
Mrr:       7.260000e+24
Mtt:      -1.180000e+25
Mpp:       4.540000e+24
Mrt:       5.230000e+24
Mrp:       1.050000e+25
Mtp:       8.540000e+24
