 PDE 2001  4 13 15 33 53.50 -59.7200  -25.5900  26.0 5.3 6.0 SOUTH SANDWICH ISLANDS REGION
event name:     C041301C
time shift:      7.1000
half duration:   3.5000
latitude:      -60.0400
longitude:     -24.3700
depth:          16.0000
Mrr:       1.680000e+25
Mtt:      -2.740000e+24
Mpp:      -1.407000e+25
Mrt:       3.940000e+24
Mrp:       1.675000e+25
Mtp:      -6.950000e+24
