 PDE 2002  4 26 16  6  7.00  13.0900  144.6200  85.7 6.5 0.0 MARIANA ISLANDS
event name:     C042602G
time shift:      6.9000
half duration:   8.2000
latitude:       13.1500
longitude:     144.6700
depth:          69.1000
Mrr:       2.940000e+25
Mtt:       2.030000e+25
Mpp:      -4.970000e+25
Mrt:       4.071000e+26
Mrp:       1.359000e+26
Mtp:       3.000000e+23
