 PDE 1995  4 21  0  9 56.20  12.0000  125.7000  33.0 6.1 6.9 SAMAR, PHILIPPINES
event name:     C042195B
time shift:      5.3000
half duration:   6.3000
latitude:       12.0800
longitude:     125.7700
depth:          15.0000
Mrr:       1.156000e+26
Mtt:      -3.300000e+24
Mpp:      -1.123000e+26
Mrt:       3.300000e+24
Mrp:       2.011000e+26
Mtp:       3.410000e+25
