 PDE 2004  4 22 10 11 12.70 -17.5900  167.8900  10.0 5.4 5.7 VANUATU ISLANDS
event name:     C042204F
time shift:      7.3000
half duration:   2.3000
latitude:      -17.5900
longitude:     167.6500
depth:          20.0000
Mrr:       7.810000e+24
Mtt:       1.400000e+23
Mpp:      -7.950000e+24
Mrt:       2.010000e+24
Mrp:      -4.770000e+24
Mtp:       1.610000e+24
