 PDE 1997  4 22  9 31 23.20  11.1100  -60.8900   5.0 6.0 6.5 WINDWARD ISLANDS
event name:     C042297C
time shift:      9.5000
half duration:   5.2000
latitude:       11.2800
longitude:     -61.0500
depth:          15.0000
Mrr:      -6.258000e+25
Mtt:       9.300000e+25
Mpp:      -3.042000e+25
Mrt:      -2.996000e+25
Mrp:       6.743000e+25
Mtp:      -2.401000e+25
