 PDE 1995  4 28 16 30  0.70  44.0600  148.0500  29.0 6.6 6.9 EAST OF KURIL ISLANDS
event name:     C042895D
time shift:      9.3000
half duration:   7.2000
latitude:       43.9800
longitude:     148.2500
depth:          33.8000
Mrr:       1.765000e+26
Mtt:      -5.720000e+25
Mpp:      -1.193000e+26
Mrt:       9.030000e+25
Mrp:       1.847000e+26
Mtp:      -1.011000e+26
