 PDE 2002  4 20 15 59 57.90 -16.3800  173.2600  33.0 6.0 5.5 FIJI ISLANDS REGION
event name:     C042002E
time shift:      4.2000
half duration:   2.4000
latitude:      -16.3800
longitude:     173.3100
depth:          15.0000
Mrr:      -8.922000e+24
Mtt:       7.737000e+24
Mpp:       1.185000e+24
Mrt:       2.547000e+24
Mrp:      -3.740000e+24
Mtp:      -3.209000e+24
