 PDE 2004  4 23  1 50 30.20  -9.3600  122.8400  65.8 6.5 0.0 TIMOR REGION
event name:     C042304A
time shift:      2.8000
half duration:   5.2000
latitude:       -9.6900
longitude:     123.0100
depth:          52.3000
Mrr:      -3.580000e+25
Mtt:       5.610000e+25
Mpp:      -2.020000e+25
Mrt:       9.170000e+25
Mrp:       3.880000e+25
Mtp:      -2.610000e+25
