 PDE 2004  4 25  2 19 21.70 -21.7800  169.5800  10.0 5.4 5.7 SOUTHEAST OF LOYALTY ISLANDS
event name:     C042504A
time shift:      6.7000
half duration:   1.9000
latitude:      -21.7800
longitude:     169.6200
depth:          12.0000
Mrr:      -5.930000e+24
Mtt:       3.540000e+24
Mpp:       2.390000e+24
Mrt:      -6.470000e+23
Mrp:      -3.090000e+23
Mtp:      -2.790000e+24
