 PDE 1995  4 23  2 55 54.90  51.3400  179.7100  16.0 6.1 6.4 RAT ISLANDS, ALEUTIAN ISLANDS
event name:     C042395A
time shift:      7.6000
half duration:   4.3000
latitude:       51.2600
longitude:     179.9500
depth:          23.5000
Mrr:       4.068000e+25
Mtt:      -3.853000e+25
Mpp:      -2.150000e+24
Mrt:       3.332000e+25
Mrp:       2.934000e+25
Mtp:      -1.787000e+25
