 PDE 1997  4 23  3 47 18.30 -13.6000  166.3900  33.0 5.5 6.0 VANUATU ISLANDS
event name:     C042397C
time shift:      4.6000
half duration:   2.4000
latitude:      -13.6100
longitude:     166.2000
depth:          21.0000
Mrr:      -6.316000e+24
Mtt:      -5.380000e+23
Mpp:       6.854000e+24
Mrt:       1.080000e+24
Mrp:      -6.689000e+24
Mtp:       1.197000e+24
