 PDE 2004  4 26  6 57 55.20 -21.0300 -174.4300  10.0 5.5 5.5 TONGA ISLANDS
event name:     C042604A
time shift:      5.6000
half duration:   1.9000
latitude:      -21.2200
longitude:    -173.7900
depth:          15.0000
Mrr:       4.140000e+24
Mtt:      -1.810000e+23
Mpp:      -3.960000e+24
Mrt:       1.660000e+24
Mrp:       3.780000e+24
Mtp:      -1.680000e+24
