 PDE 2004  4 22 14 16  7.00  -3.3600  146.8500  35.0 5.6 6.0 BISMARCK SEA
event name:     C042204L
time shift:      0.2000
half duration:   2.4000
latitude:       -3.2000
longitude:     147.0400
depth:          12.0000
Mrr:       2.600000e+23
Mtt:       2.230000e+24
Mpp:      -2.490000e+24
Mrt:      -1.340000e+24
Mrp:      -2.050000e+24
Mtp:       1.160000e+25
