 PDE 2004  4 27 23 28 18.90 -17.7600  167.7600  10.0 5.3 5.7 VANUATU ISLANDS
event name:     C042704D
time shift:      8.6000
half duration:   2.4000
latitude:      -17.6500
longitude:     167.5600
depth:          17.0000
Mrr:       7.050000e+24
Mtt:       1.200000e+24
Mpp:      -8.250000e+24
Mrt:       3.130000e+24
Mrp:      -8.840000e+24
Mtp:      -3.500000e+23
