 PDE 1998  4 20 22 59 14.80  18.5200 -101.2000  67.3 5.9 0.0 GUERRERO, MEXICO
event name:     C042098B
time shift:      6.9000
half duration:   2.4000
latitude:       18.7600
longitude:    -100.9400
depth:          59.6000
Mrr:      -8.449000e+24
Mtt:       8.181000e+24
Mpp:       2.680000e+23
Mrt:       4.766000e+24
Mrp:      -2.132000e+24
Mtp:      -2.460000e+24
