 PDE 1997  4 23 19 44 28.40  13.9900  144.9000 101.0 6.2 0.0 MARIANA ISLANDS
event name:     C042397G
time shift:      5.4000
half duration:   4.3000
latitude:       13.8300
longitude:     145.0500
depth:          95.1000
Mrr:      -4.653000e+25
Mtt:       2.782000e+25
Mpp:       1.870000e+25
Mrt:       2.064000e+25
Mrp:       1.023000e+25
Mtp:      -4.486000e+25
