 PDE 1998  4 27 18 40 38.50  -2.9900  136.2800  53.0 5.5 0.0 IRIAN JAYA REGION, INDONESIA
event name:     C042798B
time shift:      4.8000
half duration:   3.2000
latitude:       -2.8200
longitude:     136.0200
depth:          29.1000
Mrr:       1.275000e+25
Mtt:      -1.194000e+25
Mpp:      -8.100000e+23
Mrt:      -1.081000e+25
Mrp:      -1.390000e+24
Mtp:      -7.660000e+24
