 PDE 1997  4 28 12  7 37.80 -42.5000   42.6900  10.0 5.7 6.3 PRINCE EDWARD ISLANDS REGION
event name:     C042897C
time shift:     11.8000
half duration:   5.2000
latitude:      -42.0300
longitude:      42.7500
depth:          15.0000
Mrr:      -3.500000e+24
Mtt:       4.860000e+25
Mpp:      -4.510000e+25
Mrt:      -3.000000e+24
Mrp:      -3.600000e+24
Mtp:       1.394000e+26
