 PDE 1995  4 21  5 17  0.80  12.1400  125.9500  23.0 5.6 6.9 PHILIPPINE ISLANDS REGION
event name:     C042195K
time shift:      7.6000
half duration:   5.4000
latitude:       12.2000
longitude:     126.2400
depth:          15.0000
Mrr:       1.129000e+26
Mtt:      -1.510000e+25
Mpp:      -9.780000e+25
Mrt:      -1.700000e+25
Mrp:       1.676000e+26
Mtp:       2.660000e+25
