 PDE 2001  4 28  4 49 53.40 -18.0600 -176.9400 351.8 6.2 0.0 FIJI ISLANDS REGION
event name:     C042801B
time shift:      8.5000
half duration:   6.4000
latitude:      -18.0700
longitude:    -176.6800
depth:         367.4000
Mrr:       1.490000e+25
Mtt:      -3.970000e+25
Mpp:       2.480000e+25
Mrt:      -1.225000e+26
Mrp:      -1.539000e+26
Mtp:      -6.680000e+25
