 PDE 2002  4 26  7 15 11.50  53.5100  160.6300  62.6 5.9 0.0 NEAR EAST COAST OF KAMCHATKA
event name:     C042602C
time shift:      3.5000
half duration:   1.9000
latitude:       53.4200
longitude:     160.9800
depth:          39.0000
Mrr:       4.660000e+24
Mtt:      -1.311000e+24
Mpp:      -3.349000e+24
Mrt:       2.765000e+24
Mrp:       2.555000e+24
Mtp:      -2.827000e+24
