 PDE 2002  4 24 11  0  0.90 -56.1300 -122.3100  10.0 5.6 6.0 SOUTHERN EAST PACIFIC RISE
event name:     C042402D
time shift:      7.4000
half duration:   3.0000
latitude:      -56.2500
longitude:    -122.2800
depth:          15.0000
Mrr:      -2.590000e+24
Mtt:       1.089000e+25
Mpp:      -8.300000e+24
Mrt:      -2.030000e+24
Mrp:      -2.600000e+24
Mtp:       1.975000e+25
