 PDE 2003  4 27 16  3 40.40 -20.9400  169.7700  77.4 6.0 0.0 VANUATU ISLANDS
event name:     C042703A
time shift:      6.1000
half duration:   3.3000
latitude:      -20.9400
longitude:     169.7100
depth:          83.8000
Mrr:      -1.010000e+25
Mtt:       2.420000e+25
Mpp:      -1.410000e+25
Mrt:      -5.860000e+24
Mrp:       1.530000e+25
Mtp:       1.750000e+25
