 PDE 1995  4 20  8 45 10.40   6.2900  126.8300  85.0 6.2 0.0 MINDANAO, PHILIPPINES
event name:     C042095B
time shift:      6.8000
half duration:   4.4000
latitude:        6.3300
longitude:     126.8900
depth:         102.5000
Mrr:       4.009000e+25
Mtt:      -6.550000e+24
Mpp:      -3.354000e+25
Mrt:       1.721000e+25
Mrp:       3.158000e+25
Mtp:       2.931000e+25
