 PDE 2001  4 26 17 48 57.50  43.1000  145.9200  86.0 5.7 0.0 HOKKAIDO, JAPAN REGION
event name:     C042601B
time shift:      1.9000
half duration:   2.5000
latitude:       43.1300
longitude:     145.7000
depth:          70.7000
Mrr:      -5.117000e+24
Mtt:       4.533000e+24
Mpp:       5.840000e+23
Mrt:       6.463000e+24
Mrp:       7.158000e+24
Mtp:       4.370000e+23
