 PDE 2000  4 21  4 35 17.70  51.4200 -178.1400  33.0 6.0 5.7 ANDREANOF ISLANDS, ALEUTIAN IS.
event name:     C042100A
time shift:      3.4000
half duration:   2.5000
latitude:       51.3500
longitude:    -178.0200
depth:          35.0000
Mrr:       8.585000e+24
Mtt:      -7.956000e+24
Mpp:      -6.290000e+23
Mrt:       5.419000e+24
Mrp:       4.890000e+24
Mtp:      -3.441000e+24
