 PDE 2004  4 29  0 57 21.10  10.8100  -86.0000  10.0 5.6 6.0 OFF COAST OF COSTA RICA
event name:     C042904B
time shift:      6.4000
half duration:   2.9000
latitude:       10.3200
longitude:     -86.3800
depth:          19.0000
Mrr:       1.140000e+25
Mtt:      -7.880000e+24
Mpp:      -3.540000e+24
Mrt:       1.790000e+25
Mrp:      -1.050000e+25
Mtp:       5.730000e+24
