 PDE 1994  4 29  7 11 30.30 -28.3000  -63.1700 573.0 6.4 0.0 SANTIAGO DEL ESTERO PROV., ARG.
event name:     C042994A
time shift:      6.0000
half duration:   6.9000
latitude:      -28.5100
longitude:     -63.2200
depth:         565.9000
Mrr:      -1.503000e+26
Mtt:      -1.080000e+25
Mpp:       1.611000e+26
Mrt:      -4.880000e+25
Mrp:       1.947000e+26
Mtp:       1.180000e+25
