 PDE 2000  4 23  9 27 23.30 -28.3100  -62.9900 608.5 6.6 0.0 SANTIAGO DEL ESTERO PROV., ARG.
event name:     C042300B
time shift:      6.1000
half duration:   7.1000
latitude:      -28.4100
longitude:     -63.0400
depth:         607.9000
Mrr:      -2.220000e+25
Mtt:       4.400000e+24
Mpp:       1.790000e+25
Mrt:      -4.930000e+25
Mrp:       3.027000e+26
Mtp:      -2.450000e+25
