 PDE 1999  4 20 19  4  8.30 -31.8900 -179.0400  95.7 6.2 0.0 KERMADEC ISLANDS REGION
event name:     C042099D
time shift:      4.8000
half duration:   4.4000
latitude:      -31.7900
longitude:    -178.7900
depth:         104.4000
Mrr:       1.808000e+25
Mtt:      -1.782000e+25
Mpp:      -2.600000e+23
Mrt:      -2.567000e+25
Mrp:       4.964000e+25
Mtp:       7.250000e+24
