 PDE 2003  4 29 13 53 17.30  43.7100  147.8000  62.5 6.0 0.0 KURIL ISLANDS
event name:     C042903D
time shift:      3.8000
half duration:   2.2000
latitude:       43.6700
longitude:     147.9900
depth:          67.7000
Mrr:       4.220000e+24
Mtt:       2.400000e+23
Mpp:      -4.470000e+24
Mrt:       6.270000e+24
Mrp:       2.450000e+24
Mtp:      -4.940000e+24
