 PDE 1999  4 26 18 17 26.20  -1.6500  -77.7800 172.6 5.6 0.0 ECUADOR
event name:     C042699C
time shift:      3.9000
half duration:   2.6000
latitude:       -1.5000
longitude:     -77.8300
depth:         164.2000
Mrr:      -8.612000e+24
Mtt:       1.761000e+24
Mpp:       6.852000e+24
Mrt:       7.376000e+24
Mrp:      -3.605000e+24
Mtp:      -7.419000e+24
