 PDE 1995  4 23  5  8  3.20  12.3800  125.3600  33.0 6.0 6.6 SAMAR, PHILIPPINES
event name:     C042395C
time shift:      4.3000
half duration:   5.6000
latitude:       12.4200
longitude:     125.6100
depth:          15.0000
Mrr:       8.490000e+25
Mtt:       1.600000e+24
Mpp:      -8.650000e+25
Mrt:       9.100000e+24
Mrp:       1.179000e+26
Mtp:       4.470000e+25
