 PDE 2001  4 29 21 26 54.50  18.7400 -104.5400  10.0 5.2 5.5 NEAR COAST OF JALISCO, MEXICO
event name:     C042901B
time shift:     12.7000
half duration:   2.8000
latitude:       18.7100
longitude:    -104.7400
depth:          15.0000
Mrr:       1.155000e+25
Mtt:      -8.780000e+24
Mpp:      -2.780000e+24
Mrt:       1.245000e+25
Mrp:      -9.570000e+24
Mtp:       4.690000e+24
