 PDE 2003  4 24 10 56 22.00  48.7600  154.9900  43.8 5.6 5.7 KURIL ISLANDS
event name:     C042403B
time shift:      3.9000
half duration:   2.5000
latitude:       48.6600
longitude:     155.4000
depth:          44.0000
Mrr:       1.160000e+25
Mtt:      -3.080000e+24
Mpp:      -8.500000e+24
Mrt:       3.780000e+24
Mrp:       5.600000e+24
Mtp:      -5.730000e+24
