 PDE 1998  4 25  6  7 23.40 -35.2700  -17.3300  10.0 5.5 5.5 SOUTHERN MID-ATLANTIC RIDGE
event name:     C042598B
time shift:     13.9000
half duration:   2.9000
latitude:      -35.4600
longitude:     -16.9300
depth:          15.0000
Mrr:       3.100000e+23
Mtt:      -1.453000e+25
Mpp:       1.423000e+25
Mrt:       5.240000e+24
Mrp:      -4.580000e+24
Mtp:       2.856000e+25
