 PDE 1997  4 27  0 31 32.50 -19.1700  168.7300  42.0 5.8 5.6 VANUATU ISLANDS
event name:     C042797A
time shift:      7.1000
half duration:   2.6000
latitude:      -19.1300
longitude:     168.3100
depth:          47.0000
Mrr:       1.204000e+25
Mtt:       7.600000e+23
Mpp:      -1.280000e+25
Mrt:       2.100000e+23
Mrp:      -8.600000e+23
Mtp:       2.960000e+24
