 PDE 1996  5  1 10  5  9.70  -6.7400  154.9000  33.0 5.4 6.0 SOLOMON ISLANDS
event name:     C050196C
time shift:      4.5000
half duration:   2.8000
latitude:       -7.0600
longitude:     154.9900
depth:          27.0000
Mrr:       1.085000e+25
Mtt:      -6.090000e+24
Mpp:      -4.760000e+24
Mrt:       8.900000e+24
Mrp:      -6.950000e+24
Mtp:       6.700000e+24
