 PDE 1996  5  2 13 34 28.90  -4.5500  154.8300 500.0 5.6 0.0 SOLOMON ISLANDS
event name:     C050296F
time shift:      9.0000
half duration:   4.8000
latitude:       -4.4200
longitude:     155.0200
depth:         511.2000
Mrr:      -4.747000e+25
Mtt:       7.278000e+25
Mpp:      -2.531000e+25
Mrt:       7.143000e+25
Mrp:       3.138000e+25
Mtp:      -6.840000e+24
