 PDE 2003  5  3  5  3  3.30 -15.1400 -173.7500  33.0 6.3 6.1 TONGA ISLANDS
event name:     C050303A
time shift:      7.4000
half duration:   2.8000
latitude:      -15.1600
longitude:    -173.4100
depth:          43.0000
Mrr:      -2.590000e+24
Mtt:       4.420000e+24
Mpp:      -1.830000e+24
Mrt:      -2.160000e+25
Mrp:       3.920000e+24
Mtp:       7.900000e+23
