 PDE 1996  5  2  2 32 35.20  -6.4400  154.5800  33.0 5.3 5.9 SOLOMON ISLANDS
event name:     C050296A
time shift:      6.3000
half duration:   2.7000
latitude:       -6.8300
longitude:     154.7500
depth:          29.0000
Mrr:       1.083000e+25
Mtt:      -4.370000e+24
Mpp:      -6.460000e+24
Mrt:       5.530000e+24
Mrp:      -5.130000e+24
Mtp:       5.730000e+24
