 PDE 2004  5  6 15 16 22.30 -15.7600 -175.0700 267.0 5.4 0.0 TONGA ISLANDS
event name:     C050604F
time shift:      5.4000
half duration:   1.6000
latitude:      -15.7600
longitude:    -174.7400
depth:         289.2000
Mrr:      -1.470000e+24
Mtt:      -2.760000e+23
Mpp:       1.740000e+24
Mrt:      -1.350000e+24
Mrp:      -2.850000e+24
Mtp:       9.100000e+22
