 PDE 1996  5  1  9 21 24.20  -6.6600  154.8500  33.0 5.5 5.9 SOLOMON ISLANDS
event name:     C050196B
time shift:      4.8000
half duration:   2.8000
latitude:       -6.8800
longitude:     154.9000
depth:          24.7000
Mrr:       1.076000e+25
Mtt:      -5.760000e+24
Mpp:      -5.000000e+24
Mrt:       7.840000e+24
Mrp:      -5.100000e+24
Mtp:       6.100000e+24
