 PDE 2000  5  4 20 36 32.50 -17.9100 -178.5200 515.8 5.6 0.0 FIJI ISLANDS REGION
event name:     C050400K
time shift:      8.6000
half duration:   4.2000
latitude:      -17.7200
longitude:    -178.3100
depth:         539.8000
Mrr:       1.433000e+25
Mtt:       4.078000e+25
Mpp:      -5.511000e+25
Mrt:      -2.126000e+25
Mrp:      -1.229000e+25
Mtp:       1.849000e+25
