 PDE 2000  5  8 10 28 25.20  -4.4600  150.0000 502.0 5.7 0.0 NEW BRITAIN REGION, P.N.G.
event name:     C050800C
time shift:      5.1000
half duration:   2.7000
latitude:       -4.3800
longitude:     150.1400
depth:         496.3000
Mrr:      -1.108000e+25
Mtt:       4.750000e+24
Mpp:       6.320000e+24
Mrt:      -7.970000e+24
Mrp:      -2.900000e+23
Mtp:       1.034000e+25
