 PDE 1997  5  8 13 29 24.60  51.7200 -170.8000  33.0 5.8 5.9 FOX ISLANDS, ALEUTIAN ISLANDS
event name:     C050897E
time shift:      2.3000
half duration:   2.6000
latitude:       51.7900
longitude:    -170.5600
depth:          17.0000
Mrr:       6.456000e+24
Mtt:      -5.202000e+24
Mpp:      -1.254000e+24
Mrt:       8.356000e+24
Mrp:       4.086000e+24
Mtp:      -3.486000e+24
