 PDE 2000  5  2 15  3 36.80  17.4400  147.5200  55.0 5.8 0.0 MARIANA ISLANDS REGION
event name:     C050200D
time shift:      1.4000
half duration:   2.5000
latitude:       17.4200
longitude:     148.0200
depth:          15.0000
Mrr:      -2.170000e+24
Mtt:      -5.949000e+24
Mpp:       8.119000e+24
Mrt:      -8.615000e+24
Mrp:      -2.900000e+23
Mtp:      -2.085000e+24
