 PDE 2004  5  7  1 26 42.20 -21.9900  170.2800  14.0 5.7 6.2 SOUTHEAST OF LOYALTY ISLANDS
event name:     C050704A
time shift:      7.9000
half duration:   3.3000
latitude:      -22.0700
longitude:     170.0200
depth:          24.4000
Mrr:       2.760000e+25
Mtt:      -1.190000e+25
Mpp:      -1.570000e+25
Mrt:       9.570000e+24
Mrp:      -1.120000e+25
Mtp:       1.510000e+25
