 PDE 2004  5  5  4 57 52.60 -58.1800  -11.3900  10.0 5.4 5.4 EAST OF SOUTH SANDWICH ISLANDS
event name:     C050504B
time shift:      4.9000
half duration:   2.1000
latitude:      -58.3200
longitude:     -11.3600
depth:          12.0000
Mrr:       2.710000e+23
Mtt:      -2.040000e+24
Mpp:       1.760000e+24
Mrt:       2.330000e+24
Mrp:      -1.270000e+24
Mtp:       7.080000e+24
