 PDE 1996  5  7 23 20  0.60  43.7100  147.6100  54.0 6.2 5.6 KURIL ISLANDS
event name:     C050796F
time shift:      4.6000
half duration:   3.0000
latitude:       43.6700
longitude:     147.6900
depth:          55.2000
Mrr:       1.138000e+25
Mtt:       1.040000e+24
Mpp:      -1.241000e+25
Mrt:       1.276000e+25
Mrp:       6.970000e+24
Mtp:      -8.680000e+24
