 PDE 2001  5  9 17 38 26.10 -10.3200  161.2300  67.9 6.0 5.9 SOLOMON ISLANDS
event name:     C050901D
time shift:      4.5000
half duration:   3.3000
latitude:      -10.2600
longitude:     161.4100
depth:          55.0000
Mrr:       1.652000e+25
Mtt:      -3.510000e+24
Mpp:      -1.301000e+25
Mrt:      -2.170000e+24
Mrp:      -1.400000e+25
Mtp:       1.806000e+25
