 PDE 1996  5  7  8 44 36.60   1.6200  126.5600  33.0 5.9 5.9 NORTHERN MOLUCCA SEA
event name:     C050796A
time shift:      5.8000
half duration:   2.5000
latitude:        1.9000
longitude:     126.8700
depth:          35.6000
Mrr:       1.225000e+25
Mtt:      -8.500000e+23
Mpp:      -1.141000e+25
Mrt:      -2.210000e+24
Mrp:       4.920000e+24
Mtp:      -1.770000e+24
