 PDE 2002  5  8  5 26  0.40 -17.9500 -174.5700 130.8 5.4 0.0 TONGA ISLANDS
event name:     C050802B
time shift:      8.3000
half duration:   3.3000
latitude:      -17.8500
longitude:    -174.0600
depth:         137.5000
Mrr:      -9.440000e+24
Mtt:       4.500000e+24
Mpp:       4.940000e+24
Mrt:      -2.280000e+24
Mrp:      -2.350000e+25
Mtp:       8.650000e+24
