 PDE 2003  5  4 13 15 18.70 -30.5300 -178.2300  62.4 6.0 6.5 KERMADEC ISLANDS, NEW ZEALAND
event name:     C050403A
time shift:      4.1000
half duration:   5.2000
latitude:      -30.6500
longitude:    -177.7300
depth:          41.0000
Mrr:       9.190000e+25
Mtt:       3.200000e+24
Mpp:      -9.510000e+25
Mrt:       1.130000e+25
Mrp:       6.740000e+25
Mtp:      -2.980000e+25
