 PDE 2003  5  1  0 27  4.70  39.0100   40.4600  10.0 5.7 6.4 TURKEY
event name:     C050103B
time shift:      7.0000
half duration:   3.5000
latitude:       39.0400
longitude:      40.5300
depth:          15.0000
Mrr:      -9.500000e+23
Mtt:      -2.900000e+25
Mpp:       2.990000e+25
Mrt:       1.730000e+25
Mrp:       1.460000e+24
Mtp:       1.820000e+25
