 PDE 2000  5  6 13 44 13.90 -11.3000  165.4300  12.0 6.0 6.3 SANTA CRUZ ISLANDS
event name:     C050600B
time shift:      8.5000
half duration:   3.4000
latitude:      -11.3300
longitude:     165.2400
depth:          15.0000
Mrr:      -3.533000e+25
Mtt:       7.510000e+24
Mpp:       2.782000e+25
Mrt:       4.710000e+24
Mrp:      -8.450000e+24
Mtp:      -1.357000e+25
