 PDE 1996  5  3  3 32 47.10  40.7700  109.6600  26.0 5.5 6.0 WESTERN NEI MONGOL, CHINA
event name:     C050396E
time shift:      2.8000
half duration:   2.6000
latitude:       40.7200
longitude:     109.6900
depth:          25.0000
Mrr:      -3.430000e+24
Mtt:       1.188000e+25
Mpp:      -8.450000e+24
Mrt:      -4.200000e+23
Mrp:      -2.060000e+24
Mtp:       1.830000e+24
