 PDE 2003  5  5 15 50  8.50   0.2200  127.3500 123.6 5.9 0.0 HALMAHERA, INDONESIA
event name:     C050503C
time shift:      5.8000
half duration:   3.7000
latitude:        0.4400
longitude:     127.3800
depth:         121.9000
Mrr:      -5.230000e+24
Mtt:       3.830000e+25
Mpp:      -3.310000e+25
Mrt:       7.170000e+24
Mrp:       1.450000e+25
Mtp:       1.490000e+25
