 PDE 1995  5  5  3 53 47.60  12.6200  125.3100  33.0 6.2 7.0 SAMAR, PHILIPPINES
event name:     C050595A
time shift:     11.4000
half duration:   8.3000
latitude:       12.6700
longitude:     125.3000
depth:          18.3000
Mrr:       2.176000e+26
Mtt:      -2.160000e+25
Mpp:      -1.960000e+26
Mrt:      -4.990000e+25
Mrp:       3.905000e+26
Mtp:       8.450000e+25
