 PDE 1995  5  6  1 59  7.50  25.0100   95.3300 122.0 6.4 0.0 MYANMAR
event name:     C050695A
time shift:      6.3000
half duration:   3.9000
latitude:       24.8300
longitude:      95.0200
depth:         147.7000
Mrr:       4.122000e+25
Mtt:      -3.589000e+25
Mpp:      -5.330000e+24
Mrt:       5.430000e+24
Mrp:      -2.028000e+25
Mtp:       1.983000e+25
