 PDE 2003  5  9 20 26 16.00 -48.2100   32.2700  10.0 5.5 6.1 PRINCE EDWARD ISLANDS REGION
event name:     C050903B
time shift:      6.0000
half duration:   3.4000
latitude:      -47.9100
longitude:      32.2500
depth:          15.0000
Mrr:      -1.040000e+25
Mtt:       3.050000e+25
Mpp:      -2.000000e+25
Mrt:       5.140000e+24
Mrp:      -2.630000e+24
Mtp:       2.300000e+25
