 PDE 2003  5  4 20  8 46.50 -30.5900 -178.2900  45.6 6.0 6.1 KERMADEC ISLANDS, NEW ZEALAND
event name:     C050403D
time shift:      5.5000
half duration:   3.7000
latitude:      -30.5600
longitude:    -177.7800
depth:          47.0000
Mrr:       3.590000e+25
Mtt:       1.230000e+24
Mpp:      -3.710000e+25
Mrt:       3.660000e+24
Mrp:       2.530000e+25
Mtp:      -1.020000e+25
