 PDE 1997  5  9  9  6 37.20  13.2000  144.7000  29.0 5.9 5.8 MARIANA ISLANDS
event name:     C050997C
time shift:      4.2000
half duration:   2.5000
latitude:       13.0500
longitude:     144.9300
depth:          31.0000
Mrr:       5.970000e+24
Mtt:       4.470000e+24
Mpp:      -1.044000e+25
Mrt:      -6.260000e+24
Mrp:      -3.190000e+24
Mtp:       5.060000e+24
