 PDE 1999  5  7 14 13 52.40  56.4200 -152.9400  20.0 5.7 6.1 KODIAK ISLAND REGION, ALASKA
event name:     C050799D
time shift:      5.7000
half duration:   3.1000
latitude:       56.2100
longitude:    -152.5800
depth:          19.0000
Mrr:       7.290000e+24
Mtt:      -5.090000e+24
Mpp:      -2.210000e+24
Mrt:       2.050000e+25
Mrp:       1.099000e+25
Mtp:      -4.290000e+24
