 PDE 1995  5  2  6  6  5.90  -3.8500  -76.9600 103.0 6.5 0.0 PERU-ECUADOR BORDER REGION
event name:     C050295B
time shift:      8.0000
half duration:   5.6000
latitude:       -3.7700
longitude:     -77.0700
depth:         112.8000
Mrr:      -1.173000e+26
Mtt:       1.730000e+25
Mpp:       1.000000e+26
Mrt:      -3.010000e+25
Mrp:       2.900000e+25
Mtp:      -4.860000e+25
