 PDE 1997  5  3 16 46  2.00 -31.7900 -179.3800 108.0 6.6 0.0 KERMADEC ISLANDS REGION
event name:     C050397C
time shift:      7.8000
half duration:   7.0000
latitude:      -31.7000
longitude:    -179.0600
depth:         119.3000
Mrr:      -9.100000e+25
Mtt:      -1.352000e+26
Mpp:       2.261000e+26
Mrt:      -1.568000e+26
Mrp:      -1.122000e+26
Mtp:       4.950000e+25
