 PDE 2003  5  5 23  4 45.70   3.7100  127.9500  56.0 6.0 5.7 TALAUD ISLANDS, INDONESIA
event name:     C050503D
time shift:      2.8000
half duration:   2.6000
latitude:        3.6800
longitude:     127.9100
depth:          52.0000
Mrr:       1.220000e+25
Mtt:       2.010000e+24
Mpp:      -1.420000e+25
Mrt:       7.400000e+24
Mrp:      -1.560000e+24
Mtp:      -2.050000e+24
