 PDE 2004  5  3  4 36 50.00 -37.6900  -73.4100  21.0 5.9 6.5 NEAR COAST OF CENTRAL CHILE
event name:     C050304A
time shift:      4.9000
half duration:   4.9000
latitude:      -37.9500
longitude:     -73.7500
depth:          24.0000
Mrr:       4.850000e+25
Mtt:       4.000000e+23
Mpp:      -4.890000e+25
Mrt:       4.660000e+25
Mrp:      -7.860000e+25
Mtp:       1.340000e+25
