 PDE 1995  5  8 18  8  9.60  11.5700  125.9000  33.0 5.6 6.2 SAMAR, PHILIPPINES
event name:     C050895G
time shift:      5.2000
half duration:   3.5000
latitude:       11.4400
longitude:     125.9600
depth:          15.0000
Mrr:       2.404000e+25
Mtt:      -6.600000e+23
Mpp:      -2.338000e+25
Mrt:       2.190000e+24
Mrp:       3.798000e+25
Mtp:       5.830000e+24
