 PDE 1995  5  4  2 18 51.70   1.8600  128.4900  55.0 6.0 6.0 HALMAHERA, INDONESIA
event name:     C050495B
time shift:      3.9000
half duration:   2.7000
latitude:        2.1100
longitude:     128.6600
depth:          41.9000
Mrr:       1.439000e+25
Mtt:       1.040000e+24
Mpp:      -1.543000e+25
Mrt:       4.000000e+23
Mrp:       4.440000e+24
Mtp:       6.400000e+23
