 PDE 2000  5 14 20  8 34.30  -4.3000  123.1600  33.0 5.9 5.9 BANDA SEA
event name:     C051400G
time shift:      6.5000
half duration:   3.4000
latitude:       -4.3100
longitude:     123.5600
depth:          16.0000
Mrr:       1.915000e+25
Mtt:      -2.640000e+24
Mpp:      -1.651000e+25
Mrt:       2.620000e+24
Mrp:       1.584000e+25
Mtp:      -1.595000e+25
