 PDE 1997  5 13 14 13 45.70  36.4100   70.9400 196.0 6.1 0.0 HINDU KUSH REGION, AFGHANISTAN
event name:     C051397C
time shift:      3.1000
half duration:   4.0000
latitude:       36.5100
longitude:      70.6800
depth:         189.1000
Mrr:       4.087000e+25
Mtt:      -4.127000e+25
Mpp:       4.000000e+23
Mrt:       1.090000e+25
Mrp:       2.284000e+25
Mtp:      -1.402000e+25
