 PDE 1995  5 14 11 33 21.80  -8.4000  125.0800  33.0 6.1 6.9 TIMOR REGION
event name:     C051495A
time shift:      6.8000
half duration:   7.3000
latitude:       -8.6000
longitude:     125.2600
depth:          15.8000
Mrr:      -1.765000e+26
Mtt:      -6.410000e+25
Mpp:       2.406000e+26
Mrt:      -8.800000e+24
Mrp:       1.088000e+26
Mtp:      -4.300000e+24
