 PDE 2004  5 16 11  1 14.50   7.6300  126.1700  11.8 5.7 5.7 MINDANAO, PHILIPPINES
event name:     C051604N
time shift:      4.2000
half duration:   2.0000
latitude:        7.6300
longitude:     126.1900
depth:          17.2000
Mrr:      -5.970000e+23
Mtt:       3.280000e+24
Mpp:      -2.690000e+24
Mrt:      -4.460000e+23
Mrp:      -1.460000e+24
Mtp:      -5.340000e+24
