 PDE 1999  5 18  4 19 53.30  -5.6500  148.5300 127.3 5.5 0.0 NEW BRITAIN REGION, P.N.G.
event name:     C051899B
time shift:      5.5000
half duration:   2.6000
latitude:       -5.8900
longitude:     148.6000
depth:         124.4000
Mrr:       1.350000e+24
Mtt:       9.720000e+24
Mpp:      -1.107000e+25
Mrt:      -6.790000e+24
Mrp:      -3.170000e+24
Mtp:      -5.910000e+24
