 PDE 1997  5 13  5 38 30.20  31.8200  130.2800  33.0 5.6 5.8 KYUSHU, JAPAN
event name:     C051397B
time shift:      1.9000
half duration:   2.5000
latitude:       32.0000
longitude:     130.2600
depth:          16.2000
Mrr:      -1.300000e+24
Mtt:       6.040000e+24
Mpp:      -4.740000e+24
Mrt:       2.400000e+24
Mrp:      -4.300000e+24
Mtp:       1.211000e+25
