 PDE 1997  5 11 22 16 13.90 -36.3800  -97.7000  10.0 5.6 5.8 SOUTHEAST OF EASTER ISLAND
event name:     C051197F
time shift:     10.4000
half duration:   4.1000
latitude:      -36.4600
longitude:     -98.2300
depth:          15.0000
Mrr:      -3.950000e+24
Mtt:      -6.750000e+24
Mpp:       1.070000e+25
Mrt:       7.780000e+24
Mrp:      -1.627000e+25
Mtp:      -5.734000e+25
