 PDE 1995  5 13  8 47 12.60  40.1400   21.6800  13.0 6.2 6.5 GREECE
event name:     C051395B
time shift:      8.1000
half duration:   4.3000
latitude:       39.8900
longitude:      21.9000
depth:          15.0000
Mrr:      -7.366000e+25
Mtt:       6.681000e+25
Mpp:       6.850000e+24
Mrt:       1.320000e+24
Mrp:       6.830000e+24
Mtp:       2.889000e+25
