 PDE 2003  5 14  6  3 35.90  18.2700  -58.6300  41.5 6.5 6.5 NORTH ATLANTIC OCEAN
event name:     C051403B
time shift:      3.7000
half duration:   4.8000
latitude:       18.2900
longitude:     -58.7200
depth:          40.0000
Mrr:       2.780000e+25
Mtt:      -8.470000e+25
Mpp:       5.690000e+25
Mrt:       1.260000e+25
Mrp:      -4.840000e+25
Mtp:      -4.090000e+25
