 PDE 1999  5 16  0 51 20.50  -4.7500  152.4900  73.7 6.0 7.0 NEW BRITAIN REGION, P.N.G.
event name:     C051699A
time shift:     11.6000
half duration:   8.9000
latitude:       -4.9900
longitude:     152.7600
depth:          42.0000
Mrr:       3.601000e+26
Mtt:      -3.604000e+26
Mpp:       3.000000e+23
Mrt:       2.419000e+26
Mrp:       7.650000e+25
Mtp:      -7.680000e+25
