 PDE 2003  5 13 21 21 14.10 -17.2900  167.7400  33.0 6.0 6.4 VANUATU ISLANDS
event name:     C051303A
time shift:      5.5000
half duration:   3.4000
latitude:      -17.4300
longitude:     167.4900
depth:          39.0000
Mrr:       3.320000e+25
Mtt:      -2.340000e+25
Mpp:      -9.810000e+24
Mrt:      -5.480000e+24
Mrp:       4.490000e+24
Mtp:       1.700000e+25
