 PDE 2002  5 15  3 46  5.80  24.6400  121.9200  10.0 5.5 6.2 TAIWAN
event name:     C051502B
time shift:      5.2000
half duration:   3.0000
latitude:       24.6600
longitude:     121.6600
depth:          22.4000
Mrr:      -5.970000e+24
Mtt:       9.430000e+24
Mpp:      -3.470000e+24
Mrt:       2.690000e+24
Mrp:      -4.920000e+24
Mtp:       1.654000e+25
