 PDE 2002  5 14 16 56 10.40 -36.5200   78.9300  10.0 5.6 6.1 MID-INDIAN RIDGE
event name:     C051402E
time shift:      8.4000
half duration:   3.2000
latitude:      -36.5000
longitude:      78.6900
depth:          15.0000
Mrr:      -1.430000e+24
Mtt:      -2.497000e+25
Mpp:       2.640000e+25
Mrt:      -7.400000e+23
Mrp:       1.100000e+24
Mtp:       2.690000e+24
