 PDE 1997  5 10  7 57 29.70  33.8300   59.8100  10.0 6.4 7.3 NORTHERN AND CENTRAL IRAN
event name:     C051097C
time shift:     20.1000
half duration:   1.0000
latitude:       33.5800
longitude:      60.0200
depth:          15.0000
Mrr:       3.330000e+25
Mtt:      -5.272000e+26
Mpp:       4.939000e+26
Mrt:       4.590000e+25
Mrp:      -8.000000e+25
Mtp:       5.201000e+26
