 PDE 2004  5 13  9 58 43.50  -3.5800  150.7300  10.0 5.8 6.3 NEW IRELAND REGION, P.N.G.
event name:     C051304D
time shift:      4.1000
half duration:   3.5000
latitude:       -3.5200
longitude:     150.7500
depth:          15.0000
Mrr:      -5.000000e+23
Mtt:       1.890000e+25
Mpp:      -1.840000e+25
Mrt:      -1.310000e+25
Mrp:       5.510000e+24
Mtp:       2.930000e+25
