 PDE 1998  5 10  6  5 58.90  13.6800  -90.7500  33.0 5.3 5.9 NEAR COAST OF GUATEMALA
event name:     C051098B
time shift:      6.1000
half duration:   3.4000
latitude:       13.5900
longitude:     -91.3500
depth:          25.0000
Mrr:       2.399000e+25
Mtt:      -2.155000e+25
Mpp:      -2.440000e+24
Mrt:       2.279000e+25
Mrp:      -1.503000e+25
Mtp:       9.050000e+24
