 PDE 1998  5 16  2 22  3.20 -22.2300 -179.5200 586.1 6.1 0.0 SOUTH OF FIJI ISLANDS
event name:     C051698B
time shift:      7.0000
half duration:   6.5000
latitude:      -22.2700
longitude:    -179.3500
depth:         608.8000
Mrr:      -4.150000e+25
Mtt:      -1.230000e+25
Mpp:       5.370000e+25
Mrt:      -8.320000e+25
Mrp:      -2.094000e+26
Mtp:      -9.000000e+23
