 PDE 2003  5 19 16 27 10.20  17.5500 -105.4700  10.0 5.6 5.8 OFF COAST OF JALISCO, MEXICO
event name:     C051903D
time shift:      5.3000
half duration:   2.6000
latitude:       17.7200
longitude:    -105.5700
depth:          15.0000
Mrr:       2.800000e+23
Mtt:      -1.560000e+25
Mpp:       1.530000e+25
Mrt:       2.000000e+24
Mrp:      -1.330000e+24
Mtp:      -2.750000e+24
