 PDE 1999  5 17 10  7 56.50  -5.1600  152.8800  27.0 5.5 6.9 NEW BRITAIN REGION, P.N.G.
event name:     C051799B
time shift:      5.5000
half duration:   5.1000
latitude:       -5.4300
longitude:     152.8200
depth:          26.0000
Mrr:       3.830000e+25
Mtt:      -4.231000e+25
Mpp:       4.010000e+24
Mrt:       7.428000e+25
Mrp:       1.549000e+25
Mtp:       4.490000e+24
