 PDE 2003  5 19 10 43 22.70 -18.0400 -178.6700 563.8 5.7 0.0 FIJI ISLANDS REGION
event name:     C051903B
time shift:      4.6000
half duration:   2.2000
latitude:      -18.0200
longitude:    -178.4200
depth:         578.5000
Mrr:       8.190000e+24
Mtt:      -4.070000e+24
Mpp:      -4.120000e+24
Mrt:       2.580000e+24
Mrp:      -5.150000e+24
Mtp:       2.480000e+24
