 PDE 2003  5 11 17 51 35.10  -0.9900  126.9400  30.2 5.6 5.8 SOUTHERN MOLUCCA SEA
event name:     C051103B
time shift:      6.3000
half duration:   2.7000
latitude:       -0.8400
longitude:     126.7500
depth:          24.7000
Mrr:       5.720000e+24
Mtt:      -4.800000e+23
Mpp:      -5.250000e+24
Mrt:       1.840000e+24
Mrp:      -1.490000e+25
Mtp:       2.570000e+24
