 PDE 1994  5 10  6 36 28.70 -28.5000  -63.0600 605.0 6.4 0.0 SANTIAGO DEL ESTERO PROV., ARG.
event name:     C051094C
time shift:      5.5000
half duration:   6.8000
latitude:      -28.6200
longitude:     -63.0200
depth:         603.0000
Mrr:      -4.160000e+25
Mtt:       9.470000e+25
Mpp:      -5.310000e+25
Mrt:      -5.600000e+25
Mrp:       2.678000e+26
Mtp:      -1.020000e+25
