 PDE 2004  5 19  7  4 11.70  22.6600  121.5000  20.0 5.8 6.1 TAIWAN REGION
event name:     C051904A
time shift:      2.5000
half duration:   3.1000
latitude:       22.7500
longitude:     121.4600
depth:          25.0000
Mrr:       1.920000e+25
Mtt:       1.010000e+24
Mpp:      -2.020000e+25
Mrt:      -1.170000e+25
Mrp:      -3.800000e+23
Mtp:      -1.160000e+25
