 PDE 1999  5 16 15 25 53.80  -2.6400  138.2200  59.2 6.1 6.2 IRIAN JAYA, INDONESIA
event name:     C051699C
time shift:      4.1000
half duration:   3.7000
latitude:       -2.5000
longitude:     138.4400
depth:          44.0000
Mrr:       3.129000e+25
Mtt:      -2.102000e+25
Mpp:      -1.027000e+25
Mrt:       1.034000e+25
Mrp:       7.850000e+24
Mtp:       2.304000e+25
