 PDE 2000  5 12 18 43 18.10 -23.5500  -66.4500 225.0 6.2 0.0 JUJUY PROVINCE, ARGENTINA
event name:     C051200C
time shift:     10.8000
half duration:   8.4000
latitude:      -23.7200
longitude:     -66.8500
depth:         226.6000
Mrr:      -2.153000e+26
Mtt:      -1.510000e+25
Mpp:       2.304000e+26
Mrt:      -4.850000e+25
Mrp:      -6.164000e+26
Mtp:       8.720000e+25
