 PDE 2001  5 19 17 36 25.60 -19.9000 -177.5100 368.7 5.9 0.0 FIJI ISLANDS REGION
event name:     C051901A
time shift:      6.8000
half duration:   2.4000
latitude:      -19.8800
longitude:    -177.2300
depth:         392.1000
Mrr:      -5.909000e+24
Mtt:      -4.280000e+23
Mpp:       6.337000e+24
Mrt:      -2.814000e+24
Mrp:      -6.920000e+24
Mtp:      -8.290000e+23
