 PDE 1998  5 15  5 58  6.00  14.1800  144.8800 154.1 5.7 0.0 MARIANA ISLANDS
event name:     C051598B
time shift:      6.0000
half duration:   2.6000
latitude:       13.9900
longitude:     144.9900
depth:         167.6000
Mrr:       4.763000e+24
Mtt:      -1.695000e+24
Mpp:      -3.068000e+24
Mrt:       8.802000e+24
Mrp:      -1.346000e+24
Mtp:      -7.994000e+24
