 PDE 2004  5 16 10 58 38.60 -11.9600  166.3500  10.0 5.0 5.9 SANTA CRUZ ISLANDS
event name:     C051604M
time shift:      7.8000
half duration:   1.9000
latitude:      -11.9400
longitude:     166.0100
depth:          24.0000
Mrr:       5.150000e+24
Mtt:      -2.240000e+23
Mpp:      -4.930000e+24
Mrt:       1.550000e+24
Mrp:      -2.200000e+24
Mtp:       1.450000e+24
