 PDE 1998  5 13 23  2  5.70  -5.1500  151.7100  61.4 6.0 0.0 NEW BRITAIN REGION, P.N.G.
event name:     C051398C
time shift:      9.8000
half duration:   5.3000
latitude:       -5.2700
longitude:     152.2400
depth:          42.4000
Mrr:       7.844000e+25
Mtt:      -7.391000e+25
Mpp:      -4.530000e+24
Mrt:       5.350000e+25
Mrp:       7.910000e+24
Mtp:      -3.505000e+25
