 PDE 2000  5 12 23 10 30.00  35.9700   70.6600 107.7 6.2 0.0 HINDU KUSH REGION, AFGHANISTAN
event name:     C051200D
time shift:      3.9000
half duration:   3.4000
latitude:       36.0400
longitude:      70.5300
depth:         105.6000
Mrr:      -5.780000e+24
Mtt:       1.300000e+25
Mpp:      -7.220000e+24
Mrt:       2.240000e+25
Mrp:       1.573000e+25
Mtp:       4.750000e+24
