 PDE 1995  5 17 11 23 51.10 -23.0300  170.0800  33.0 5.7 6.5 SOUTHEAST OF LOYALTY ISLANDS
event name:     C051795K
time shift:     10.4000
half duration:   4.2000
latitude:      -23.0100
longitude:     170.3500
depth:          15.0000
Mrr:      -5.001000e+25
Mtt:       4.303000e+25
Mpp:       6.980000e+24
Mrt:       1.836000e+25
Mrp:      -1.080000e+25
Mtp:      -1.744000e+25
