 PDE 1995  5 18  0  6 26.70  -0.9500  -21.9900  10.0 6.2 6.1 CENTRAL MID-ATLANTIC RIDGE
event name:     C051895A
time shift:     10.5000
half duration:   6.2000
latitude:       -0.6300
longitude:     -21.8700
depth:          15.0000
Mrr:      -3.300000e+24
Mtt:       5.510000e+25
Mpp:      -5.190000e+25
Mrt:      -4.100000e+24
Mrp:       5.460000e+25
Mtp:      -1.654000e+26
