 PDE 2004  5 11  8 28 48.30   0.4100   97.8200  21.0 5.6 6.2 NORTHERN SUMATRA, INDONESIA
event name:     C051104B
time shift:      3.0000
half duration:   2.6000
latitude:        0.1800
longitude:      97.5800
depth:          24.0000
Mrr:       7.300000e+24
Mtt:      -3.500000e+24
Mpp:      -3.800000e+24
Mrt:       1.060000e+25
Mrp:      -8.510000e+24
Mtp:       3.490000e+24
