 PDE 2001  5 25  5  6 10.70  -7.8700  110.1800 143.1 5.8 0.0 JAVA, INDONESIA
event name:     C052501E
time shift:      2.3000
half duration:   3.5000
latitude:       -8.0700
longitude:     110.2400
depth:         134.2000
Mrr:      -8.810000e+24
Mtt:       2.519000e+25
Mpp:      -1.638000e+25
Mrt:       2.353000e+25
Mrp:      -8.280000e+24
Mtp:      -1.750000e+24
