 PDE 1997  5 25 23 22 33.10 -32.1200  179.7900 333.0 6.2 0.0 SOUTH OF KERMADEC ISLANDS
event name:     C052597D
time shift:     10.8000
half duration:   8.5000
latitude:      -32.0200
longitude:    -179.9500
depth:         345.0000
Mrr:       1.857000e+26
Mtt:       1.409000e+26
Mpp:      -3.265000e+26
Mrt:      -2.475000e+26
Mrp:       2.857000e+26
Mtp:      -2.168000e+26
