 PDE 1998  5 21 22 31 22.90 -43.4000   41.3900  10.0 5.4 5.8 PRINCE EDWARD ISLANDS REGION
event name:     C052198C
time shift:      8.2000
half duration:   3.1000
latitude:      -43.2600
longitude:      41.8100
depth:          15.0000
Mrr:      -1.490000e+24
Mtt:       9.260000e+24
Mpp:      -7.770000e+24
Mrt:       9.700000e+23
Mrp:      -1.000000e+23
Mtp:       2.628000e+25
