 PDE 2003  5 26 23 13 29.70   6.7600  123.7100 565.8 6.2 0.0 MINDANAO, PHILIPPINES
event name:     C052603E
time shift:      6.0000
half duration:   6.3000
latitude:        6.9000
longitude:     123.8500
depth:         579.7000
Mrr:      -6.380000e+25
Mtt:      -3.740000e+25
Mpp:       1.010000e+26
Mrt:       1.160000e+26
Mrp:      -1.690000e+26
Mtp:       5.060000e+25
