 PDE 2004  5 29 20 56  9.60  34.2500  141.4100  16.0 5.6 6.6 OFF EAST COAST OF HONSHU, JAPAN
event name:     C052904D
time shift:      3.5000
half duration:   3.2000
latitude:       34.2000
longitude:     141.8700
depth:          12.0000
Mrr:       1.660000e+25
Mtt:       6.000000e+23
Mpp:      -1.720000e+25
Mrt:       3.650000e+24
Mrp:       2.650000e+25
Mtp:      -1.730000e+24
