 PDE 1995  5 23 22 10 11.30 -56.1000   -3.1500  10.0 5.3 6.6 SOUTHERN MID-ATLANTIC RIDGE
event name:     C052395D
time shift:     15.8000
half duration:   5.2000
latitude:      -55.8900
longitude:      -2.1400
depth:          15.0000
Mrr:      -3.600000e+24
Mtt:      -4.090000e+25
Mpp:       4.450000e+25
Mrt:       4.250000e+25
Mrp:      -3.040000e+25
Mtp:       1.323000e+26
