 PDE 1997  5 27  6 10 31.70 -54.9200 -136.1700  10.0 5.3 5.9 PACIFIC-ANTARCTIC RIDGE
event name:     C052797B
time shift:      9.4000
half duration:   2.4000
latitude:      -54.3900
longitude:    -135.9200
depth:          15.0000
Mrr:      -1.800000e+23
Mtt:       9.352000e+24
Mpp:      -9.172000e+24
Mrt:      -4.140000e+23
Mrp:      -3.598000e+24
Mtp:       9.780000e+24
