 PDE 1998  5 22  4 48 50.40 -17.7300  -65.4300  24.0 5.9 6.6 CENTRAL BOLIVIA
event name:     C052298A
time shift:     12.1000
half duration:   4.7000
latitude:      -17.6000
longitude:     -65.2000
depth:          15.0000
Mrr:       3.690000e+24
Mtt:       1.438000e+25
Mpp:      -1.807000e+25
Mrt:      -1.563000e+25
Mrp:       5.770000e+24
Mtp:       8.114000e+25
