 PDE 1995  5 22  4  2 55.50  -9.6800  151.4800  33.0 5.7 6.1 D'ENTRECASTEAUX ISLANDS REGION
event name:     C052295C
time shift:      4.9000
half duration:   2.6000
latitude:       -9.9100
longitude:     151.7700
depth:          16.8000
Mrr:      -1.057000e+25
Mtt:       1.120000e+25
Mpp:      -6.300000e+23
Mrt:       1.076000e+25
Mrp:      -9.000000e+22
Mtp:       2.790000e+24
