 PDE 1998  5 21  5 34 25.50   0.2100  119.5800  33.0 6.2 6.3 MINAHASSA PENINSULA, SULAWESI
event name:     C052198B
time shift:      5.3000
half duration:   5.0000
latitude:        0.3300
longitude:     119.6300
depth:          28.0000
Mrr:       3.126000e+25
Mtt:      -7.796000e+25
Mpp:       4.670000e+25
Mrt:       5.040000e+24
Mrp:      -4.408000e+25
Mtp:      -6.295000e+25
