 PDE 1998  5 27 15 27 16.20  -5.8400  149.7000  33.0 5.4 5.8 NEW BRITAIN REGION, P.N.G.
event name:     C052798E
time shift:      8.6000
half duration:   3.1000
latitude:       -6.2500
longitude:     149.8300
depth:          41.9000
Mrr:       9.540000e+24
Mtt:      -1.064000e+25
Mpp:       1.100000e+24
Mrt:       7.550000e+24
Mrp:       3.460000e+24
Mtp:      -1.450000e+24
