 PDE 1995  5 22  3 45  4.70 -22.7700  169.9300  33.0 5.8 6.1 SOUTHEAST OF LOYALTY ISLANDS
event name:     C052295A
time shift:      6.4000
half duration:   2.9000
latitude:      -22.7400
longitude:     169.8100
depth:          15.0000
Mrr:      -1.414000e+25
Mtt:       6.230000e+24
Mpp:       7.920000e+24
Mrt:      -4.150000e+24
Mrp:       1.780000e+24
Mtp:      -7.350000e+24
