 PDE 2003  5 28 16 15 18.90 -17.6500   66.1200  10.0 5.5 5.9 MAURITIUS - REUNION REGION
event name:     C052803D
time shift:      3.7000
half duration:   2.9000
latitude:      -17.6200
longitude:      65.3200
depth:          18.0000
Mrr:      -3.240000e+24
Mtt:      -1.800000e+25
Mpp:       2.120000e+25
Mrt:      -1.130000e+24
Mrp:       6.600000e+23
Mtp:       9.750000e+24
