 PDE 1995  5 29  7 29 46.20 -10.1400  163.7300  33.0 5.8 6.4 SANTA CRUZ ISLANDS REGION
event name:     C052995B
time shift:      4.2000
half duration:   3.8000
latitude:      -10.3700
longitude:     164.1000
depth:          15.0000
Mrr:      -1.146000e+25
Mtt:       1.633000e+25
Mpp:      -4.880000e+24
Mrt:      -4.900000e+24
Mrp:       2.190000e+24
Mtp:       3.085000e+25
