 PDE 2003  5 26  9 24 33.40  38.8500  141.5700  68.0 6.7 0.0 NEAR EAST COAST OF HONSHU, JAPAN
event name:     C052603A
time shift:      5.4000
half duration:   7.7000
latitude:       38.9400
longitude:     141.5700
depth:          61.0000
Mrr:       2.060000e+26
Mtt:       4.940000e+25
Mpp:      -2.550000e+26
Mrt:      -7.500000e+25
Mrp:      -3.020000e+26
Mtp:      -2.130000e+25
