 PDE 1997  5 22  7 50 53.50  18.6800 -101.6000  70.0 5.9 6.0 GUERRERO, MEXICO
event name:     C052297B
time shift:      6.2000
half duration:   4.4000
latitude:       18.7600
longitude:    -101.7300
depth:          55.5000
Mrr:      -5.290000e+25
Mtt:       5.390000e+25
Mpp:      -9.900000e+23
Mrt:       3.695000e+25
Mrp:       3.840000e+24
Mtp:      -5.330000e+24
