 PDE 1999  5 22 10  8 53.70 -20.7300  169.8800  33.0 5.5 5.7 VANUATU ISLANDS
event name:     C052299C
time shift:      3.1000
half duration:   2.4000
latitude:      -20.6000
longitude:     169.9700
depth:          15.0000
Mrr:      -5.390000e+24
Mtt:      -4.890000e+24
Mpp:       1.028000e+25
Mrt:       5.510000e+24
Mrp:       2.410000e+24
Mtp:      -6.810000e+24
