 PDE 1997  5 29 17  2 38.70 -35.9600 -102.5100  10.0 5.6 6.1 SOUTHEAST OF EASTER ISLAND
event name:     C052997D
time shift:      7.0000
half duration:   4.0000
latitude:      -36.0300
longitude:    -102.4100
depth:          15.0000
Mrr:      -6.840000e+24
Mtt:      -5.660000e+24
Mpp:       1.250000e+25
Mrt:       4.090000e+24
Mrp:      -9.600000e+24
Mtp:      -5.705000e+25
