 PDE 2002  5 28 16 45 17.10  24.0700  122.2600  33.0 5.8 5.9 TAIWAN REGION
event name:     C052802E
time shift:      1.5000
half duration:   2.5000
latitude:       23.9200
longitude:     122.0300
depth:          19.0000
Mrr:       4.460000e+24
Mtt:      -6.660000e+24
Mpp:       2.200000e+24
Mrt:       1.286000e+25
Mrp:       4.680000e+24
Mtp:       2.800000e+23
