 PDE 2001  5 26 10 57 26.10 -20.2900 -177.8400 406.5 5.3 0.0 FIJI ISLANDS REGION
event name:     C052601C
time shift:      4.9000
half duration:   3.8000
latitude:      -20.2500
longitude:    -177.6500
depth:         413.9000
Mrr:       2.360000e+24
Mtt:      -3.921000e+25
Mpp:       3.684000e+25
Mrt:      -1.513000e+25
Mrp:      -7.850000e+24
Mtp:      -2.630000e+24
