 PDE 1997  5 22 13 21 36.30  18.9200  121.3400  34.0 5.7 5.6 PHILIPPINE ISLANDS REGION
event name:     C052297C
time shift:      3.9000
half duration:   2.6000
latitude:       19.0900
longitude:     121.1000
depth:          39.0000
Mrr:       1.063000e+25
Mtt:      -3.320000e+24
Mpp:      -7.310000e+24
Mrt:      -2.780000e+24
Mrp:      -7.070000e+24
Mtp:      -6.340000e+24
