 PDE 1995  5 26  3 11 10.60  12.1300   57.9300  10.0 5.3 5.4 OWEN FRACTURE ZONE REGION
event name:     C052695A
time shift:     19.1000
half duration:   4.4000
latitude:       11.7500
longitude:      57.5500
depth:          15.0000
Mrr:       1.560000e+24
Mtt:      -4.831000e+25
Mpp:       4.675000e+25
Mrt:       2.323000e+25
Mrp:      -1.268000e+25
Mtp:      -2.720000e+25
