 PDE 1998  5 27 20 41 37.90  52.2400  159.5300  60.1 5.5 0.0 OFF EAST COAST OF KAMCHATKA
event name:     C052798F
time shift:      2.5000
half duration:   2.3000
latitude:       52.2000
longitude:     159.9700
depth:          37.0000
Mrr:       8.256000e+24
Mtt:      -1.753000e+24
Mpp:      -6.503000e+24
Mrt:       4.017000e+24
Mrp:       5.044000e+24
Mtp:      -3.866000e+24
