 PDE 2002  5 28  4  4 22.50 -28.9400  -66.8000  22.2 6.0 5.7 LA RIOJA PROVINCE, ARGENTINA
event name:     C052802A
time shift:      5.8000
half duration:   2.2000
latitude:      -29.1500
longitude:     -66.8100
depth:          15.0000
Mrr:       6.275000e+24
Mtt:      -3.670000e+23
Mpp:      -5.909000e+24
Mrt:       6.475000e+24
Mrp:       7.481000e+24
Mtp:      -1.655000e+24
