 PDE 2001  5 29 23 37 19.50  -7.0200  155.0400  14.0 5.7 6.4 SOLOMON ISLANDS
event name:     C052901F
time shift:      7.3000
half duration:   4.0000
latitude:       -7.2700
longitude:     155.1600
depth:          16.0000
Mrr:       3.082000e+25
Mtt:      -2.127000e+25
Mpp:      -9.550000e+24
Mrt:       3.030000e+25
Mrp:      -1.287000e+25
Mtp:       1.601000e+25
