 PDE 2001  5 28  8 37  5.10  -6.6100  132.3500  33.0 5.9 5.3 TANIMBAR ISLANDS REG., INDONESIA
event name:     C052801B
time shift:      7.0000
half duration:   2.6000
latitude:       -6.3400
longitude:     132.1700
depth:          53.1000
Mrr:      -2.010000e+24
Mtt:      -4.800000e+24
Mpp:       6.810000e+24
Mrt:      -3.550000e+24
Mrp:       1.011000e+25
Mtp:       4.310000e+24
