 PDE 2004  5 28 12 38 44.30  36.2500   51.6200  17.0 6.2 6.4 NORTHERN AND CENTRAL IRAN
event name:     C052804A
time shift:      4.5000
half duration:   3.5000
latitude:       36.5500
longitude:      51.5800
depth:          22.0000
Mrr:       2.630000e+25
Mtt:      -1.610000e+25
Mpp:      -1.020000e+25
Mrt:      -1.490000e+25
Mrp:       2.020000e+25
Mtp:       1.330000e+25
