 PDE 2001  5 20  4 21 43.80  18.8200 -104.4500  33.0 5.5 6.0 NEAR COAST OF JALISCO, MEXICO
event name:     C052001A
time shift:      6.9000
half duration:   3.2000
latitude:       18.6200
longitude:    -104.5700
depth:          15.0000
Mrr:       1.909000e+25
Mtt:      -1.505000e+25
Mpp:      -4.040000e+24
Mrt:       2.393000e+25
Mrp:      -1.931000e+25
Mtp:       8.710000e+24
