 PDE 2003  5 26 19 23 27.90   2.3500  128.8500  31.0 6.5 7.1 HALMAHERA, INDONESIA
event name:     C052603D
time shift:     10.6000
half duration:   7.1000
latitude:        2.6100
longitude:     128.8800
depth:          34.0000
Mrr:       2.480000e+26
Mtt:       2.160000e+25
Mpp:      -2.690000e+26
Mrt:      -4.910000e+25
Mrp:      -1.380000e+26
Mtp:       8.840000e+25
