 PDE 1997  5 21 14 10 26.20 -20.4400  169.2900  57.0 5.9 6.5 VANUATU ISLANDS
event name:     C052197D
time shift:      8.8000
half duration:   1.0000
latitude:      -20.3400
longitude:     169.0300
depth:          64.0000
Mrr:       7.000000e+24
Mtt:      -1.680000e+25
Mpp:       9.700000e+24
Mrt:       1.500000e+24
Mrp:      -9.840000e+25
Mtp:       1.054000e+26
