 PDE 2003  5 21 18 44 20.10  36.9600    3.6300  12.0 6.5 6.9 NORTHERN ALGERIA
event name:     C052103H
time shift:     10.2000
half duration:   6.2000
latitude:       36.9300
longitude:       3.5800
depth:          15.0000
Mrr:       1.900000e+26
Mtt:      -1.740000e+26
Mpp:      -1.570000e+25
Mrt:      -3.410000e+25
Mrp:       3.490000e+25
Mtp:      -6.770000e+25
