 PDE 1998  5 23 17 44 47.80   8.1400  123.7300 657.8 5.9 0.0 MINDANAO, PHILIPPINES
event name:     C052398F
time shift:      2.2000
half duration:   2.5000
latitude:        8.2900
longitude:     123.8600
depth:         628.8000
Mrr:      -8.014000e+24
Mtt:       4.781000e+24
Mpp:       3.233000e+24
Mrt:      -5.331000e+24
Mrp:      -7.468000e+24
Mtp:       5.285000e+24
