 PDE 2002  5 25  5 36 32.00  53.8100 -161.1200  33.0 5.5 6.1 SOUTH OF ALASKA
event name:     C052502B
time shift:     19.2000
half duration:   3.0000
latitude:       53.3300
longitude:    -160.3300
depth:          15.0000
Mrr:       1.936000e+25
Mtt:      -1.963000e+25
Mpp:       2.700000e+23
Mrt:       2.885000e+25
Mrp:       1.026000e+25
Mtp:      -6.600000e+24
