 PDE 2000  5 26  0 30  4.90  11.3600  139.2400  33.0 5.4 5.6 W. CAROLINE ISLANDS, MICRONESIA
event name:     C052600A
time shift:      2.5000
half duration:   2.5000
latitude:       11.3500
longitude:     139.2400
depth:          15.0000
Mrr:       5.030000e+24
Mtt:      -1.102000e+25
Mpp:       5.980000e+24
Mrt:       1.940000e+24
Mrp:       6.040000e+24
Mtp:      -2.900000e+24
