 PDE 1997  5 27  8  0 29.00 -15.2100 -173.3300  14.0 5.6 6.3 SAMOA ISLANDS REGION
event name:     C052797C
time shift:      9.7000
half duration:   3.9000
latitude:      -15.2700
longitude:    -172.7900
depth:          17.0000
Mrr:       2.563000e+25
Mtt:       5.700000e+24
Mpp:      -3.132000e+25
Mrt:       1.990000e+24
Mrp:       2.945000e+25
Mtp:       8.060000e+24
