 PDE 2001  5 25  0 40 50.60  44.2700  148.3900  33.0 6.1 6.7 KURIL ISLANDS
event name:     C052501B
time shift:      7.0000
half duration:   5.6000
latitude:       44.1800
longitude:     148.6100
depth:          32.0000
Mrr:       8.294000e+25
Mtt:      -2.785000e+25
Mpp:      -5.509000e+25
Mrt:       3.830000e+25
Mrp:       9.493000e+25
Mtp:      -4.844000e+25
