 PDE 1998  5 30  6 22 29.00  37.1100   70.1100  33.0 5.9 6.9 AFGHANISTAN-TAJIKISTAN BORD REG.
event name:     C053098A
time shift:      7.9000
half duration:   5.0000
latitude:       37.3800
longitude:      70.0800
depth:          24.1000
Mrr:       5.590000e+24
Mtt:      -5.316000e+25
Mpp:       4.757000e+25
Mrt:       2.055000e+25
Mrp:       5.750000e+24
Mtp:      -5.743000e+25
