 PDE 2004  5 30 21 11 25.40 -31.0500 -177.1200  10.0 5.6 5.9 KERMADEC ISLANDS REGION
event name:     C053004H
time shift:      5.9000
half duration:   2.0000
latitude:      -30.9000
longitude:    -176.6700
depth:          12.0000
Mrr:      -5.390000e+24
Mtt:      -2.200000e+24
Mpp:       7.580000e+24
Mrt:      -1.060000e+24
Mrp:      -1.230000e+24
Mtp:       7.220000e+23
