 PDE 1998  5 30 18 18 15.60  39.0300  143.4400  33.0 5.7 5.7 OFF EAST COAST OF HONSHU, JAPAN
event name:     C053098D
time shift:      4.5000
half duration:   2.9000
latitude:       39.1100
longitude:     143.6000
depth:          15.0000
Mrr:       7.860000e+24
Mtt:      -6.000000e+22
Mpp:      -7.800000e+24
Mrt:       4.850000e+24
Mrp:       1.643000e+25
Mtp:      -3.260000e+24
