 PDE 1995  5 31 16  8 40.00  18.9500 -107.4300  33.0 5.4 6.1 OFF COAST OF JALISCO, MEXICO
event name:     C053195C
time shift:      2.4000
half duration:   3.6000
latitude:       19.0500
longitude:    -107.5700
depth:          18.0000
Mrr:       8.300000e+23
Mtt:      -2.125000e+25
Mpp:       2.042000e+25
Mrt:      -1.632000e+25
Mrp:       4.190000e+24
Mtp:      -2.193000e+25
