 PDE 2000  6  9 23 31 45.30  30.4900  137.7300 485.3 5.9 0.0 SOUTHEAST OF HONSHU, JAPAN
event name:     C060900Q
time shift:      5.1000
half duration:   3.2000
latitude:       30.4700
longitude:     137.7900
depth:         492.1000
Mrr:      -2.023000e+25
Mtt:       1.713000e+25
Mpp:       3.100000e+24
Mrt:      -5.890000e+24
Mrp:      -6.270000e+24
Mtp:       1.710000e+25
