 PDE 2004  6  8  8 55 52.70  17.5100  -83.4600  10.0 5.2 5.2 NORTH OF HONDURAS
event name:     C060804B
time shift:      3.7000
half duration:   1.9000
latitude:       17.6200
longitude:     -83.4700
depth:          21.0000
Mrr:      -2.900000e+23
Mtt:      -1.980000e+24
Mpp:       2.270000e+24
Mrt:       4.900000e+23
Mrp:       1.230000e+24
Mtp:       5.340000e+24
