 PDE 1996  6  3 10 46  0.50  -9.2700  157.2000  33.0 5.3 6.0 SOLOMON ISLANDS
event name:     C060396C
time shift:      4.5000
half duration:   2.7000
latitude:       -9.2600
longitude:     157.5600
depth:          23.6000
Mrr:      -6.000000e+23
Mtt:       2.020000e+24
Mpp:      -1.410000e+24
Mrt:       3.600000e+23
Mrp:       7.700000e+23
Mtp:       1.434000e+25
