 PDE 2000  6  6  2 41 49.80  40.6900   32.9900  10.0 5.5 6.1 TURKEY
event name:     C060600B
time shift:      2.2000
half duration:   2.7000
latitude:       40.7500
longitude:      32.7000
depth:          15.0000
Mrr:      -6.861000e+24
Mtt:      -4.340000e+23
Mpp:       7.295000e+24
Mrt:      -3.707000e+24
Mrp:       3.100000e+24
Mtp:      -8.359000e+24
