 PDE 2000  6  2 11 13 49.40  44.5100 -130.0800  10.0 5.8 6.0 OFF COAST OF OREGON
event name:     C060200C
time shift:      3.8000
half duration:   3.1000
latitude:       44.4600
longitude:    -130.2200
depth:          15.0000
Mrr:      -5.330000e+24
Mtt:      -1.625000e+25
Mpp:       2.158000e+25
Mrt:       7.030000e+24
Mrp:      -3.110000e+24
Mtp:      -1.340000e+25
