 PDE 1997  6  2 21 24 38.40 -57.7800  -25.4700  33.0 5.9 5.8 SOUTH SANDWICH ISLANDS REGION
event name:     C060297F
time shift:      7.2000
half duration:   2.8000
latitude:      -57.9600
longitude:     -25.0300
depth:          27.0000
Mrr:       1.328000e+25
Mtt:       6.200000e+23
Mpp:      -1.390000e+25
Mrt:       3.700000e+23
Mrp:       7.790000e+24
Mtp:       4.300000e+24
