 PDE 1996  6  8 23 19 15.10  51.4900 -178.1300  33.0 5.9 6.3 ANDREANOF ISLANDS, ALEUTIAN IS.
event name:     C060896E
time shift:      5.8000
half duration:   4.6000
latitude:       51.3300
longitude:    -177.7900
depth:          34.1000
Mrr:       4.449000e+25
Mtt:      -4.158000e+25
Mpp:      -2.910000e+24
Mrt:       3.820000e+25
Mrp:       3.051000e+25
Mtp:      -1.832000e+25
