 PDE 1998  6  7 23 20 14.00  15.9600  -93.7800  86.6 5.8 0.0 NEAR COAST OF CHIAPAS, MEXICO
event name:     C060798C
time shift:      4.5000
half duration:   3.4000
latitude:       15.9600
longitude:     -93.9900
depth:          75.5000
Mrr:      -3.000000e+22
Mtt:       3.900000e+23
Mpp:      -3.600000e+23
Mrt:       1.570000e+25
Mrp:      -2.170000e+25
Mtp:       1.280000e+24
