 PDE 1999  6  6  7  8  5.90  13.9000  -90.7700  33.0 5.5 5.9 GUATEMALA
event name:     C060699C
time shift:      7.7000
half duration:   3.5000
latitude:       14.0100
longitude:     -91.4300
depth:          38.0000
Mrr:      -5.950000e+24
Mtt:      -5.080000e+24
Mpp:       1.103000e+25
Mrt:      -2.309000e+25
Mrp:      -2.570000e+24
Mtp:      -1.258000e+25
