 PDE 2000  6  7 23 45 26.70  -4.6100  101.9000  33.0 6.1 6.7 SOUTHERN SUMATRA, INDONESIA
event name:     C060700D
time shift:      8.2000
half duration:   5.4000
latitude:       -4.6300
longitude:     101.8200
depth:          16.6000
Mrr:       1.196000e+26
Mtt:      -8.800000e+24
Mpp:      -1.108000e+26
Mrt:      -2.310000e+25
Mrp:      -4.910000e+25
Mtp:      -9.100000e+24
