 PDE 2000  6  7 21 46 55.90  26.8600   97.2400  33.0 6.3 6.5 MYANMAR
event name:     C060700C
time shift:      4.3000
half duration:   3.7000
latitude:       26.7000
longitude:      97.1500
depth:          37.0000
Mrr:       2.214000e+25
Mtt:      -5.830000e+24
Mpp:      -1.630000e+25
Mrt:       2.530000e+24
Mrp:      -2.081000e+25
Mtp:       2.486000e+25
