 PDE 1996  6  3  8 15 39.50  -9.3100  157.1700  33.0 5.6 6.0 SOLOMON ISLANDS
event name:     C060396B
time shift:      1.5000
half duration:   2.6000
latitude:       -9.3100
longitude:     157.3000
depth:          15.0000
Mrr:      -5.700000e+23
Mtt:      -5.500000e+23
Mpp:       1.120000e+24
Mrt:      -1.080000e+24
Mrp:       1.480000e+24
Mtp:       1.317000e+25
