 PDE 2004  6  2 22 39 29.50 -30.4800 -177.8800  28.0 5.6 5.4 KERMADEC ISLANDS, NEW ZEALAND
event name:     C060204F
time shift:      4.6000
half duration:   1.9000
latitude:      -30.4500
longitude:    -177.4600
depth:          38.2000
Mrr:       4.430000e+24
Mtt:       1.400000e+23
Mpp:      -4.570000e+24
Mrt:       6.660000e+23
Mrp:       3.160000e+24
Mtp:      -1.580000e+24
