 PDE 2000  6  6 14 57  2.20  29.4200  131.4200  33.0 5.8 6.0 SOUTHEAST OF RYUKYU ISLANDS
event name:     C060600H
time shift:      6.4000
half duration:   3.7000
latitude:       29.3100
longitude:     131.5300
depth:          36.0000
Mrr:       2.894000e+25
Mtt:      -2.101000e+25
Mpp:      -7.930000e+24
Mrt:      -1.123000e+25
Mrp:       1.345000e+25
Mtp:      -2.765000e+25
