 PDE 2001  6  5  9  0  5.40  -6.8800  146.3900  10.0 5.8 6.2 EASTERN NEW GUINEA REG., P.N.G.
event name:     C060501B
time shift:     10.6000
half duration:   3.8000
latitude:       -6.9400
longitude:     146.3400
depth:          15.0000
Mrr:       3.867000e+25
Mtt:      -2.076000e+25
Mpp:      -1.791000e+25
Mrt:       2.649000e+25
Mrp:       1.409000e+25
Mtp:      -2.033000e+25
