 PDE 1996  6  9  1 12 16.70  17.4400  145.4600 149.0 6.0 5.9 MARIANA ISLANDS
event name:     C060996A
time shift:      5.9000
half duration:   4.6000
latitude:       17.3600
longitude:     145.9800
depth:         159.6000
Mrr:       1.209000e+25
Mtt:       4.068000e+25
Mpp:      -5.277000e+25
Mrt:      -4.789000e+25
Mrp:       2.517000e+25
Mtp:      -1.900000e+24
