 PDE 1996  6  6 17 35 38.10 -41.3300   80.6700  20.0 5.5 5.9 MID-INDIAN RIDGE
event name:     C060696B
time shift:      5.3000
half duration:   3.1000
latitude:      -41.2300
longitude:      80.4700
depth:          15.0000
Mrr:      -8.100000e+23
Mtt:       2.349000e+25
Mpp:      -2.268000e+25
Mrt:       4.320000e+24
Mrp:       4.570000e+24
Mtp:      -2.790000e+24
