 PDE 2004  6  2  8 50 37.10 -32.8800 -179.4500  43.1 5.9 5.8 SOUTH OF KERMADEC ISLANDS
event name:     C060204B
time shift:      4.6000
half duration:   2.7000
latitude:      -32.7800
longitude:    -178.8600
depth:          50.0000
Mrr:       1.400000e+25
Mtt:      -6.800000e+23
Mpp:      -1.330000e+25
Mrt:       1.190000e+24
Mrp:       6.540000e+24
Mtp:      -5.320000e+24
