 PDE 2000  6  9  1 27 15.20  -5.0700  152.4900  33.0 5.4 6.3 NEW BRITAIN REGION, P.N.G.
event name:     C060900A
time shift:      7.2000
half duration:   3.5000
latitude:       -5.3100
longitude:     152.6900
depth:          28.0000
Mrr:       1.926000e+25
Mtt:      -1.926000e+25
Mpp:       1.000000e+22
Mrt:       2.526000e+25
Mrp:       7.330000e+24
Mtp:      -5.320000e+24
