 PDE 2002  6  6 23 53 48.50  -0.8800  148.3300  10.0 5.7 6.0 ADMIRALTY ISLANDS REGION, P.N.G.
event name:     C060602C
time shift:      7.0000
half duration:   3.1000
latitude:       -0.8000
longitude:     148.5800
depth:          15.0000
Mrr:       1.156000e+25
Mtt:      -1.219000e+25
Mpp:       6.300000e+23
Mrt:      -1.818000e+25
Mrp:       6.070000e+24
Mtp:       2.420000e+24
