 PDE 2004  6  9 22 52  8.80 -51.6000  139.6200  10.0 5.8 6.3 WESTERN INDIAN-ANTARCTIC RIDGE
event name:     C060904C
time shift:      5.5000
half duration:   3.9000
latitude:      -51.7300
longitude:     139.6900
depth:          12.0000
Mrr:      -1.840000e+24
Mtt:       3.460000e+24
Mpp:      -1.620000e+24
Mrt:       6.600000e+24
Mrp:       2.670000e+24
Mtp:      -5.030000e+25
