 PDE 1996  6  2  2 52  9.50  10.8000  -42.2500  10.0 6.1 6.9 NORTHERN MID-ATLANTIC RIDGE
event name:     C060296D
time shift:      8.6000
half duration:   7.2000
latitude:       10.9100
longitude:     -42.0600
depth:          15.0000
Mrr:      -3.700000e+24
Mtt:      -4.630000e+25
Mpp:       5.010000e+25
Mrt:       1.100000e+24
Mrp:       7.670000e+25
Mtp:      -2.834000e+26
