 PDE 1998  6  1  5 34  3.60  52.8900  160.0700  43.7 6.2 6.3 OFF EAST COAST OF KAMCHATKA
event name:     C060198B
time shift:      7.0000
half duration:   4.1000
latitude:       52.8700
longitude:     160.4300
depth:          38.0000
Mrr:       3.957000e+25
Mtt:      -1.398000e+25
Mpp:      -2.558000e+25
Mrt:       2.970000e+25
Mrp:       2.903000e+25
Mtp:      -1.931000e+25
