 PDE 2000  6  6  9 58  6.80  -5.0900  102.7000  33.0 5.8 6.1 SOUTHERN SUMATRA, INDONESIA
event name:     C060600F
time shift:      6.4000
half duration:   3.2000
latitude:       -5.3900
longitude:     102.5100
depth:          36.0000
Mrr:       1.280000e+25
Mtt:      -1.002000e+25
Mpp:      -2.780000e+24
Mrt:       1.411000e+25
Mrp:      -8.990000e+24
Mtp:       8.450000e+24
