 PDE 2000  6  3  8 54 49.20  35.5500  140.4600  62.3 5.6 5.6 NEAR EAST COAST OF HONSHU, JAPAN
event name:     C060300C
time shift:      2.5000
half duration:   3.0000
latitude:       35.5200
longitude:     140.8700
depth:          48.0000
Mrr:       1.300000e+25
Mtt:       1.540000e+24
Mpp:      -1.453000e+25
Mrt:      -1.910000e+24
Mrp:       1.188000e+25
Mtp:      -2.480000e+24
