 PDE 2003  6  7  0 32 45.60  -5.0900  152.5000  33.0 6.0 6.8 NEW BRITAIN REGION, P.N.G.
event name:     C060703A
time shift:      6.1000
half duration:   4.5000
latitude:       -5.3300
longitude:     152.6400
depth:          30.0000
Mrr:       5.060000e+25
Mtt:      -4.890000e+25
Mpp:      -1.700000e+24
Mrt:       6.140000e+25
Mrp:       2.420000e+25
Mtp:      -1.660000e+25
