 PDE 2000  6  9  8 41 59.70 -11.3000  162.0600  33.0 5.1 6.0 SOLOMON ISLANDS
event name:     C060900L
time shift:      2.7000
half duration:   2.7000
latitude:      -11.1900
longitude:     162.4500
depth:          15.0000
Mrr:       2.670000e+24
Mtt:      -8.370000e+24
Mpp:       5.700000e+24
Mrt:      -5.200000e+23
Mrp:      -7.160000e+24
Mtp:       1.181000e+25
