 PDE 1995  6 14 11 11 49.50  12.2000  -88.3500  39.0 5.6 6.0 OFF COAST OF CENTRAL AMERICA
event name:     C061495B
time shift:      6.8000
half duration:   3.0000
latitude:       11.8200
longitude:     -88.8100
depth:          15.0000
Mrr:      -7.842000e+25
Mtt:       4.218000e+25
Mpp:       3.623000e+25
Mrt:       1.471000e+25
Mrp:      -2.621000e+25
Mtp:      -2.082000e+25
