 PDE 1996  6 10  1  4 46.90 -13.4800  167.1300 200.0 5.8 5.9 VANUATU ISLANDS
event name:     C061096A
time shift:      8.0000
half duration:   5.2000
latitude:      -13.5400
longitude:     166.9900
depth:         196.6000
Mrr:       1.220000e+26
Mtt:      -4.300000e+24
Mpp:      -1.177000e+26
Mrt:       1.430000e+25
Mrp:      -1.920000e+25
Mtp:       1.940000e+25
