 PDE 2002  6 10 22 48 36.20  10.9800  140.6900  33.0 5.9 5.9 W. CAROLINE ISLANDS, MICRONESIA
event name:     C061002E
time shift:      3.5000
half duration:   2.7000
latitude:       10.9800
longitude:     140.8500
depth:          15.0000
Mrr:      -9.990000e+24
Mtt:       1.073000e+25
Mpp:      -7.400000e+23
Mrt:       6.780000e+24
Mrp:       1.340000e+24
Mtp:      -8.700000e+23
