 PDE 2003  6 12  8 59 20.20  -5.9900  154.7600 186.3 5.9 0.0 SOLOMON ISLANDS
event name:     C061203B
time shift:      3.7000
half duration:   3.2000
latitude:       -5.9700
longitude:     154.9500
depth:         185.0000
Mrr:      -9.550000e+24
Mtt:       3.370000e+24
Mpp:       6.180000e+24
Mrt:      -1.590000e+25
Mrp:      -2.110000e+25
Mtp:      -1.140000e+25
