 PDE 2004  6 10 15 19 57.80  55.6800  160.0000 188.6 6.1 0.0 KAMCHATKA PENINSULA, RUSSIA
event name:     C061004H
time shift:      2.6000
half duration:   6.5000
latitude:       55.7900
longitude:     160.3200
depth:         190.1000
Mrr:      -8.500000e+25
Mtt:       2.680000e+25
Mpp:       5.820000e+25
Mrt:      -1.200000e+26
Mrp:      -1.890000e+26
Mtp:      -1.610000e+25
