 PDE 1997  6 10 21 53 55.00 -35.8100 -108.1400  10.0 5.8 6.1 SOUTHERN EAST PACIFIC RISE
event name:     C061097B
time shift:      7.8000
half duration:   4.6000
latitude:      -35.9200
longitude:    -107.9600
depth:          15.0000
Mrr:      -3.470000e+24
Mtt:       4.242000e+25
Mpp:      -3.895000e+25
Mrt:       4.320000e+24
Mrp:      -9.980000e+24
Mtp:      -6.021000e+25
