 PDE 1996  6 18 13 55 34.20 -16.0700  178.1200  33.0 5.6 5.4 FIJI ISLANDS
event name:     C061896B
time shift:      7.0000
half duration:   2.3000
latitude:      -15.9200
longitude:     178.0900
depth:          15.0000
Mrr:      -9.168000e+24
Mtt:       2.018000e+24
Mpp:       7.150000e+24
Mrt:       3.800000e+23
Mrp:      -2.958000e+24
Mtp:       7.270000e+24
