 PDE 2004  6 14 22 54 21.30  16.3400  -97.8500  10.0 5.6 5.6 OAXACA, MEXICO
event name:     C061404C
time shift:      6.3000
half duration:   2.0000
latitude:       16.4600
longitude:     -97.9200
depth:          18.0000
Mrr:       2.760000e+24
Mtt:      -2.970000e+24
Mpp:       2.100000e+23
Mrt:       7.140000e+24
Mrp:      -3.790000e+24
Mtp:       1.260000e+24
