 PDE 2002  6 18 13 56 22.80 -30.8100  -71.1200  54.0 6.0 0.0 NEAR COAST OF CENTRAL CHILE
event name:     C061802C
time shift:      7.9000
half duration:   4.1000
latitude:      -31.0400
longitude:     -71.6300
depth:          57.0000
Mrr:       4.465000e+25
Mtt:       7.800000e+23
Mpp:      -4.543000e+25
Mrt:       8.090000e+24
Mrp:      -2.759000e+25
Mtp:       8.680000e+24
