 PDE 2000  6 14 23  1 14.60 -17.9000  176.2100  33.0 5.5 5.7 FIJI ISLANDS REGION
event name:     C061400K
time shift:      4.3000
half duration:   2.5000
latitude:      -17.5500
longitude:     176.2400
depth:          19.4000
Mrr:       1.040000e+24
Mtt:      -1.203000e+25
Mpp:       1.099000e+25
Mrt:      -5.900000e+23
Mrp:       1.850000e+24
Mtp:      -4.110000e+24
