 PDE 2002  6 17 21 26 22.90 -12.5900  166.3800  33.0 6.0 6.7 SANTA CRUZ ISLANDS
event name:     C061702H
time shift:     11.0000
half duration:   5.8000
latitude:      -12.4900
longitude:     166.2500
depth:          44.0000
Mrr:       1.320000e+26
Mtt:       2.300000e+24
Mpp:      -1.342000e+26
Mrt:       5.500000e+24
Mrp:       3.720000e+25
Mtp:       2.800000e+25
