 PDE 2000  6 15 11 10 46.20  29.3700  132.0800  10.0 6.0 5.6 SOUTHEAST OF SHIKOKU, JAPAN
event name:     C061500C
time shift:      5.8000
half duration:   2.8000
latitude:       29.3100
longitude:     132.1600
depth:          15.0000
Mrr:      -1.637000e+25
Mtt:      -5.500000e+23
Mpp:       1.692000e+25
Mrt:      -6.000000e+22
Mrp:       4.500000e+23
Mtp:       1.800000e+24
