 PDE 2000  6 14  2 15 25.80 -25.5200  178.0500 604.6 5.9 0.0 SOUTH OF FIJI ISLANDS
event name:     C061400C
time shift:      6.2000
half duration:   4.1000
latitude:      -25.4500
longitude:     178.3800
depth:         615.4000
Mrr:      -2.323000e+25
Mtt:      -5.170000e+24
Mpp:       2.840000e+25
Mrt:      -7.480000e+24
Mrp:      -3.812000e+25
Mtp:      -2.531000e+25
