 PDE 1999  6 18 10 55 25.80   5.5100  126.6400  33.0 6.1 6.1 PHILIPPINE ISLANDS REGION
event name:     C061899A
time shift:      5.7000
half duration:   4.1000
latitude:        5.5200
longitude:     127.0100
depth:          45.0000
Mrr:       2.602000e+25
Mtt:      -1.447000e+25
Mpp:      -1.155000e+25
Mrt:      -8.860000e+24
Mrp:       1.055000e+25
Mtp:      -4.578000e+25
