 PDE 2000  6 14 17  0 48.40   4.5400  127.7200  89.5 6.1 5.6 TALAUD ISLANDS, INDONESIA
event name:     C061400I
time shift:      5.8000
half duration:   3.6000
latitude:        4.7500
longitude:     127.6100
depth:         111.4000
Mrr:       3.010000e+25
Mtt:       2.340000e+24
Mpp:      -3.244000e+25
Mrt:      -6.190000e+24
Mrp:      -1.571000e+25
Mtp:       4.950000e+24
