 PDE 2003  6 16 22  8  2.10  55.4900  160.0000 174.8 6.3 0.0 KAMCHATKA PENINSULA, RUSSIA
event name:     C061603C
time shift:      7.1000
half duration:   6.5000
latitude:       55.4800
longitude:     160.2500
depth:         180.9000
Mrr:      -7.660000e+25
Mtt:      -2.360000e+25
Mpp:       1.000000e+26
Mrt:      -1.170000e+26
Mrp:      -1.720000e+26
Mtp:      -9.540000e+25
