 PDE 2001  6 14 19 48 47.80  51.1600 -179.8300  18.0 6.0 6.3 ANDREANOF ISLANDS, ALEUTIAN IS.
event name:     C061401G
time shift:      6.7000
half duration:   4.1000
latitude:       51.1900
longitude:    -179.8700
depth:          18.0000
Mrr:       3.961000e+25
Mtt:      -4.071000e+25
Mpp:       1.100000e+24
Mrt:       4.579000e+25
Mrp:       2.221000e+25
Mtp:      -1.209000e+25
