 PDE 1998  6 18  4 17 55.00 -11.5700  -13.8900  10.0 5.4 6.1 ASCENSION ISLAND REGION
event name:     C061898A
time shift:      8.6000
half duration:   3.2000
latitude:      -11.6100
longitude:     -13.8900
depth:          15.0000
Mrr:       9.800000e+23
Mtt:      -1.180000e+25
Mpp:       1.082000e+25
Mrt:       5.960000e+24
Mrp:       1.140000e+24
Mtp:       2.342000e+25
