 PDE 1996  6 14 15  4 40.70  12.8100  125.0600  29.0 5.6 5.8 SAMAR, PHILIPPINES
event name:     C061496D
time shift:      0.6000
half duration:   2.8000
latitude:       12.9700
longitude:     124.9300
depth:          27.4000
Mrr:      -1.127000e+25
Mtt:       1.487000e+25
Mpp:      -3.610000e+24
Mrt:      -2.710000e+24
Mrp:       4.560000e+24
Mtp:       7.440000e+24
