 PDE 2001  6 15  6 17 45.30  18.8300  146.9800  33.0 5.4 5.9 MARIANA ISLANDS REGION
event name:     C061501B
time shift:      4.8000
half duration:   2.4000
latitude:       18.9400
longitude:     147.2500
depth:          17.0000
Mrr:       7.191000e+24
Mtt:       1.320000e+23
Mpp:      -7.323000e+24
Mrt:       2.087000e+24
Mrp:       8.753000e+24
Mtp:      -5.960000e+23
