 PDE 2002  6 16  2 46 14.00   8.7800  -83.9900  35.0 5.4 6.2 OFF COAST OF COSTA RICA
event name:     C061602B
time shift:      5.6000
half duration:   3.9000
latitude:        8.7000
longitude:     -84.1400
depth:          15.0000
Mrr:       2.051000e+25
Mtt:      -1.557000e+25
Mpp:      -4.930000e+24
Mrt:       3.766000e+25
Mrp:      -1.455000e+25
Mtp:       7.900000e+24
