 PDE 1995  6 15  0 15 48.60  38.4000   22.2700  14.0 6.0 6.5 GREECE
event name:     C061595A
time shift:      7.4000
half duration:   4.3000
latitude:       38.1000
longitude:      22.4600
depth:          15.0000
Mrr:      -5.693000e+25
Mtt:       6.124000e+25
Mpp:      -4.310000e+24
Mrt:      -4.870000e+24
Mrp:       8.450000e+24
Mtp:      -3.850000e+24
