 PDE 2000  6 17 15 40 41.70  63.9700  -20.4900  10.0 5.7 6.6 ICELAND
event name:     C061700B
time shift:      9.0000
half duration:   4.4000
latitude:       63.9900
longitude:     -20.4700
depth:          15.0000
Mrr:      -9.350000e+24
Mtt:       1.189000e+25
Mpp:      -2.540000e+24
Mrt:      -1.560000e+24
Mrp:      -1.922000e+25
Mtp:       6.730000e+25
