 PDE 2000  6 11 11 55 12.30 -50.5800  139.5500  10.0 5.9 6.4 WESTERN INDIAN-ANTARCTIC RIDGE
event name:     C061100C
time shift:      9.9000
half duration:   4.6000
latitude:      -50.8000
longitude:     139.3800
depth:          15.0000
Mrr:      -2.300000e+23
Mtt:      -1.850000e+24
Mpp:       2.080000e+24
Mrt:       1.985000e+25
Mrp:       1.300000e+24
Mtp:      -7.669000e+25
