 PDE 2002  6 13  1 27 19.50 -47.8000   99.7500  10.0 5.5 6.6 SOUTHEAST INDIAN RIDGE
event name:     C061302A
time shift:     13.2000
half duration:   4.6000
latitude:      -47.5500
longitude:      99.6500
depth:          15.0000
Mrr:      -1.730000e+24
Mtt:       7.178000e+25
Mpp:      -7.006000e+25
Mrt:       5.390000e+24
Mrp:      -9.800000e+23
Mtp:       3.162000e+25
