 PDE 2004  6 15 11 16 31.50 -38.8500  -73.1500  37.8 5.7 5.4 NEAR COAST OF CENTRAL CHILE
event name:     C061504B
time shift:      1.2000
half duration:   2.2000
latitude:      -38.9600
longitude:     -73.6200
depth:          33.0000
Mrr:       4.560000e+24
Mtt:      -1.930000e+24
Mpp:      -2.630000e+24
Mrt:      -4.630000e+24
Mrp:      -1.580000e+24
Mtp:       6.860000e+24
