 PDE 2003  6 15 19 24 33.20  51.5500  176.9200  20.0 6.0 6.4 RAT ISLANDS, ALEUTIAN ISLANDS
event name:     C061503B
time shift:      7.1000
half duration:   4.3000
latitude:       51.5700
longitude:     176.7200
depth:          22.0000
Mrr:       3.740000e+25
Mtt:      -5.030000e+25
Mpp:       1.290000e+25
Mrt:       4.470000e+25
Mrp:       2.950000e+25
Mtp:      -6.330000e+24
