 PDE 2004  6 10  8 59 54.20  11.4500  -87.6500  10.0 5.4 5.2 OFF COAST OF CENTRAL AMERICA
event name:     C061004A
time shift:      6.3000
half duration:   2.0000
latitude:       11.2600
longitude:     -88.2200
depth:          15.0000
Mrr:      -6.590000e+24
Mtt:       4.580000e+24
Mpp:       2.020000e+24
Mrt:      -3.660000e+24
Mrp:       3.450000e+24
Mtp:      -2.900000e+24
