 PDE 2000  6 10 18 23 29.30  23.8400  121.2200  33.0 6.2 6.2 TAIWAN
event name:     C061000J
time shift:      4.6000
half duration:   4.3000
latitude:       24.0200
longitude:     120.9000
depth:          28.0000
Mrr:       1.304000e+25
Mtt:       4.790000e+24
Mpp:      -1.783000e+25
Mrt:      -1.845000e+25
Mrp:      -4.765000e+25
Mtp:      -2.040000e+24
