 PDE 1997  6 17 21  3 40.20  51.3500 -179.3300  33.0 6.4 6.3 ANDREANOF ISLANDS, ALEUTIAN IS.
event name:     C061797F
time shift:      4.5000
half duration:   3.7000
latitude:       51.3100
longitude:    -179.2000
depth:          28.0000
Mrr:      -1.643000e+25
Mtt:      -2.280000e+24
Mpp:       1.870000e+25
Mrt:      -1.740000e+24
Mrp:       3.976000e+25
Mtp:      -6.740000e+24
