 PDE 2000  6 16  7 55 35.40 -33.8800  -70.0900 120.2 6.2 0.0 CHILE-ARGENTINA BORDER REGION
event name:     C061600B
time shift:      3.9000
half duration:   3.8000
latitude:      -33.9500
longitude:     -69.9200
depth:         109.1000
Mrr:      -3.805000e+25
Mtt:       2.610000e+24
Mpp:       3.544000e+25
Mrt:       3.100000e+23
Mrp:      -2.307000e+25
Mtp:       1.862000e+25
