 PDE 2003  6 10  8 40 30.80  23.5200  121.6300  44.5 5.8 5.7 TAIWAN
event name:     C061003A
time shift:      3.3000
half duration:   2.3000
latitude:       23.6100
longitude:     121.7700
depth:          51.0000
Mrr:       7.650000e+24
Mtt:      -4.100000e+23
Mpp:      -7.230000e+24
Mrt:      -1.400000e+23
Mrp:       6.470000e+24
Mtp:      -3.340000e+24
