 PDE 1998  6 16  9 35 11.90 -52.9900  159.8400  10.0 4.9 5.7 MACQUARIE ISLAND REGION
event name:     C061698A
time shift:     11.9000
half duration:   3.0000
latitude:      -52.6700
longitude:     159.6600
depth:          15.0000
Mrr:      -5.000000e+23
Mtt:       2.190000e+25
Mpp:      -2.140000e+25
Mrt:      -2.450000e+24
Mrp:      -1.570000e+24
Mtp:       8.720000e+24
