 PDE 1999  6 15 20 42  5.90  18.3900  -97.4400  70.0 6.4 6.5 CENTRAL MEXICO
event name:     C061599F
time shift:      7.1000
half duration:   7.5000
latitude:       18.4400
longitude:     -97.3800
depth:          61.2000
Mrr:      -3.106000e+26
Mtt:       2.075000e+26
Mpp:       1.031000e+26
Mrt:      -6.370000e+25
Mrp:       1.070000e+25
Mtp:      -1.297000e+26
