 PDE 1997  6 12 12  7 33.60  -5.9500  147.0300  33.0 5.7 5.9 EASTERN NEW GUINEA REG., P.N.G.
event name:     C061297A
time shift:      8.7000
half duration:   2.8000
latitude:       -6.0700
longitude:     147.1700
depth:          39.0000
Mrr:       1.493000e+25
Mtt:      -1.463000e+25
Mpp:      -3.000000e+23
Mrt:       4.090000e+24
Mrp:       1.290000e+24
Mtp:       5.100000e+24
