 PDE 2001  6 16  2 13 38.20 -14.8900 -173.3400  10.0 5.6 5.8 SAMOA ISLANDS REGION
event name:     C061601A
time shift:      6.3000
half duration:   2.4000
latitude:      -14.8900
longitude:    -173.3300
depth:          15.0000
Mrr:       6.060000e+23
Mtt:       3.730000e+24
Mpp:      -4.336000e+24
Mrt:       1.786000e+24
Mrp:       7.914000e+24
Mtp:       5.145000e+24
