 PDE 2002  6 27  7 16 10.40 -13.2700  167.0500 186.7 6.0 0.0 VANUATU ISLANDS
event name:     C062702D
time shift:      4.7000
half duration:   2.6000
latitude:      -13.4300
longitude:     166.8400
depth:         194.5000
Mrr:       1.120000e+25
Mtt:      -2.400000e+24
Mpp:      -8.800000e+24
Mrt:      -2.970000e+24
Mrp:      -5.170000e+24
Mtp:       5.540000e+24
