 PDE 1995  6 21 15 28 51.40 -61.6200  154.7100  10.0 5.6 6.7 BALLENY ISLANDS REGION
event name:     C062195A
time shift:      9.0000
half duration:   5.5000
latitude:      -61.8500
longitude:     154.4600
depth:          15.0000
Mrr:      -8.300000e+24
Mtt:       1.071000e+26
Mpp:      -9.880000e+25
Mrt:       3.200000e+24
Mrp:      -4.300000e+24
Mtp:      -8.330000e+25
