 PDE 1998  6 29 23 37 16.60 -60.3500  153.1400  10.0 5.0 5.8 WEST OF MACQUARIE ISLAND
event name:     C062998C
time shift:     11.5000
half duration:   3.2000
latitude:      -60.4300
longitude:     153.2500
depth:          15.0000
Mrr:      -3.580000e+24
Mtt:       2.298000e+25
Mpp:      -1.940000e+25
Mrt:       1.112000e+25
Mrp:       2.450000e+24
Mtp:      -2.072000e+25
