 PDE 2002  6 27  5 50 35.10  -6.9600  104.1800  11.0 6.0 6.9 SOUTHWEST OF SUMATRA, INDONESIA
event name:     C062702C
time shift:      7.4000
half duration:   4.5000
latitude:       -7.2300
longitude:     103.7600
depth:          15.0000
Mrr:       6.458000e+25
Mtt:      -4.985000e+25
Mpp:      -1.473000e+25
Mrt:       1.350000e+25
Mrp:       1.560000e+24
Mtp:       2.661000e+25
