 PDE 2001  6 29 18 35 52.00 -19.5200  -66.2500 273.9 5.7 0.0 SOUTHERN BOLIVIA
event name:     C062901E
time shift:      4.4000
half duration:   2.6000
latitude:      -19.6800
longitude:     -66.3900
depth:         287.2000
Mrr:      -7.830000e+24
Mtt:      -1.710000e+24
Mpp:       9.540000e+24
Mrt:       5.130000e+24
Mrp:      -1.089000e+25
Mtp:      -4.900000e+23
