 PDE 2002  6 29  2 39  0.70 -12.4000  166.5200  33.0 5.9 5.9 SANTA CRUZ ISLANDS
event name:     C062902A
time shift:      7.1000
half duration:   2.9000
latitude:      -12.4700
longitude:     166.3200
depth:          58.0000
Mrr:       1.727000e+25
Mtt:       4.500000e+23
Mpp:      -1.772000e+25
Mrt:       9.400000e+23
Mrp:       6.590000e+24
Mtp:       2.500000e+24
