 PDE 2004  6 28  9 49 47.00  54.8000 -134.2500  20.0 5.9 6.8 SOUTHEASTERN ALASKA
event name:     C062804C
time shift:      5.2000
half duration:   5.9000
latitude:       55.0200
longitude:    -134.4600
depth:          12.0000
Mrr:      -3.300000e+24
Mtt:      -1.140000e+26
Mpp:       1.170000e+26
Mrt:       1.010000e+26
Mrp:       6.410000e+25
Mtp:       9.050000e+25
