 PDE 2003  6 20  6 19 38.90  -7.6100  -71.7200 558.1 6.4 0.0 WESTERN BRAZIL
event name:     C062003D
time shift:      8.5000
half duration:   7.9000
latitude:       -7.3700
longitude:     -71.8900
depth:         556.2000
Mrr:      -4.040000e+26
Mtt:       4.620000e+25
Mpp:       3.570000e+26
Mrt:      -1.280000e+26
Mrp:      -4.070000e+25
Mtp:      -1.740000e+26
