 PDE 2004  6 22 21 39 37.10 -19.1100 -175.7500 231.0 4.9 0.0 TONGA ISLANDS
event name:     C062204F
time shift:      5.0000
half duration:   1.4000
latitude:      -19.1400
longitude:    -175.2900
depth:         241.9000
Mrr:      -7.860000e+23
Mtt:       2.870000e+23
Mpp:       5.000000e+23
Mrt:      -6.830000e+23
Mrp:      -2.190000e+24
Mtp:       5.330000e+23
