 PDE 2004  6 29  7  1 30.90  10.7400  -87.0400   9.0 5.8 5.8 OFF COAST OF COSTA RICA
event name:     C062904B
time shift:      2.8000
half duration:   3.4000
latitude:       10.5700
longitude:     -87.4700
depth:          12.0000
Mrr:      -3.160000e+25
Mtt:       1.850000e+25
Mpp:       1.300000e+25
Mrt:      -7.810000e+24
Mrp:       1.860000e+24
Mtp:      -1.700000e+25
