 PDE 1995  6 25  2 10 41.20  -3.2800  150.3700  45.0 5.5 6.3 NEW IRELAND REGION, P.N.G.
event name:     C062595A
time shift:      1.6000
half duration:   3.4000
latitude:       -3.1600
longitude:     150.7600
depth:          15.0000
Mrr:      -2.060000e+24
Mtt:       1.540000e+25
Mpp:      -1.335000e+25
Mrt:       7.000000e+23
Mrp:      -3.780000e+24
Mtp:       2.096000e+25
