 PDE 1995  6 24  6 58  6.50  -3.9800  153.9500 386.0 6.2 0.0 NEW IRELAND REGION, P.N.G.
event name:     C062495A
time shift:      7.7000
half duration:   6.0000
latitude:       -3.8300
longitude:     153.9300
depth:         386.9000
Mrr:      -1.647000e+26
Mtt:       1.760000e+25
Mpp:       1.470000e+26
Mrt:       3.750000e+25
Mrp:       8.030000e+25
Mtp:      -4.370000e+25
