 PDE 1995  6 29 12 24  3.90 -19.4600  169.2400 144.0 6.2 0.0 VANUATU ISLANDS
event name:     C062995D
time shift:      6.4000
half duration:   4.9000
latitude:      -19.4200
longitude:     168.9500
depth:         142.7000
Mrr:       1.888000e+25
Mtt:      -5.510000e+24
Mpp:      -1.336000e+25
Mrt:       9.600000e+24
Mrp:      -8.883000e+25
Mtp:       2.095000e+25
