 PDE 1995  6 27 10  9 58.00  18.8500  -81.7300  10.0 5.7 5.6 NORTH OF HONDURAS
event name:     C062795E
time shift:      4.2000
half duration:   2.5000
latitude:       18.8200
longitude:     -81.7800
depth:          15.0000
Mrr:      -2.680000e+24
Mtt:      -2.590000e+24
Mpp:       5.270000e+24
Mrt:       3.740000e+24
Mrp:      -1.940000e+24
Mtp:       1.029000e+25
