 PDE 1996  6 21 13 57 10.00  51.5700  159.1200  20.0 6.0 6.6 OFF EAST COAST OF KAMCHATKA
event name:     C062196C
time shift:      8.2000
half duration:   5.7000
latitude:       51.4900
longitude:     159.7200
depth:          23.6000
Mrr:       1.095000e+26
Mtt:      -3.490000e+25
Mpp:      -7.460000e+25
Mrt:       6.210000e+25
Mrp:       7.310000e+25
Mtp:      -5.320000e+25
