 PDE 2002  6 22  2 58 21.30  35.6300   49.0500  10.0 6.2 6.4 WESTERN IRAN
event name:     C062202B
time shift:      7.5000
half duration:   4.6000
latitude:       35.8200
longitude:      48.9700
depth:          15.0000
Mrr:       5.899000e+25
Mtt:      -5.122000e+25
Mpp:      -7.770000e+24
Mrt:       3.779000e+25
Mrp:      -6.580000e+24
Mtp:       1.772000e+25
