 PDE 1999  6 26 22  5 28.90 -17.9600 -178.1900 590.4 5.3 0.0 FIJI ISLANDS REGION
event name:     C062699D
time shift:      7.8000
half duration:   2.6000
latitude:      -17.7600
longitude:    -178.1700
depth:         623.9000
Mrr:      -9.883000e+24
Mtt:       4.990000e+23
Mpp:       9.385000e+24
Mrt:       3.180000e+23
Mrp:      -7.769000e+24
Mtp:       5.426000e+24
