 PDE 1998  6 27 13 55 52.10  36.8800   35.3100  33.0 5.8 6.2 TURKEY
event name:     C062798C
time shift:      7.3000
half duration:   3.5000
latitude:       36.8700
longitude:      35.5800
depth:          29.5000
Mrr:       4.220000e+24
Mtt:      -2.976000e+25
Mpp:       2.554000e+25
Mrt:       3.080000e+24
Mrp:       6.990000e+24
Mtp:       6.540000e+24
