 PDE 2004  6 25  2 35  7.80  -6.7100  130.3800  70.5 6.0 0.0 BANDA SEA
event name:     C062504A
time shift:      3.7000
half duration:   2.7000
latitude:       -6.6300
longitude:     130.5900
depth:          83.4000
Mrr:       1.390000e+25
Mtt:      -1.470000e+25
Mpp:       8.300000e+23
Mrt:      -1.870000e+24
Mrp:       3.360000e+24
Mtp:       6.770000e+24
