 PDE 1996  6 22  0 32 13.40 -53.7700    8.8000  10.0 5.9 5.8 SOUTHWEST OF AFRICA
event name:     C062296A
time shift:     10.0000
half duration:   3.8000
latitude:      -53.3300
longitude:       9.6100
depth:          15.0000
Mrr:      -5.020000e+24
Mtt:       4.889000e+25
Mpp:      -4.387000e+25
Mrt:       6.950000e+24
Mrp:      -3.430000e+24
Mtp:       1.095000e+25
