 PDE 2003  6 28 15 29 42.30  -3.3300  146.1500  10.0 5.7 6.3 BISMARCK SEA
event name:     C062803B
time shift:      5.9000
half duration:   3.2000
latitude:       -3.3700
longitude:     146.5800
depth:          15.0000
Mrr:      -9.600000e+23
Mtt:      -4.620000e+24
Mpp:       5.570000e+24
Mrt:       1.160000e+24
Mrp:      -5.790000e+24
Mtp:       2.840000e+25
