 PDE 2001  6 26  4 18 31.40 -17.7500  -71.6500  24.0 6.2 6.7 NEAR COAST OF PERU
event name:     C062601D
time shift:      8.7000
half duration:   5.8000
latitude:      -17.8700
longitude:     -72.0200
depth:          24.0000
Mrr:       8.314000e+25
Mtt:      -2.958000e+25
Mpp:      -5.356000e+25
Mrt:       5.186000e+25
Mrp:      -9.803000e+25
Mtp:       4.435000e+25
