 PDE 1997  6 26 19 21  8.80 -49.6900 -114.5700  10.0 5.4 6.0 SOUTHERN EAST PACIFIC RISE
event name:     C062697D
time shift:      7.9000
half duration:   2.8000
latitude:      -49.8100
longitude:    -115.0600
depth:          15.0000
Mrr:       8.400000e+23
Mtt:       6.600000e+24
Mpp:      -7.430000e+24
Mrt:       1.890000e+24
Mrp:       2.290000e+24
Mtp:       1.954000e+25
