 PDE 2004  6 20  1 37 35.60   5.3500  -82.5500  10.0 5.3 5.2 SOUTH OF PANAMA
event name:     C062004B
time shift:      4.7000
half duration:   2.0000
latitude:        5.3100
longitude:     -82.5700
depth:          12.0000
Mrr:      -2.800000e+23
Mtt:       1.000000e+22
Mpp:       2.700000e+23
Mrt:       1.050000e+24
Mrp:       1.570000e+23
Mtp:       6.030000e+24
