 PDE 2000  6 25  6 34 42.90  31.1800  131.2100  10.0 5.8 5.7 KYUSHU, JAPAN
event name:     C062500B
time shift:      7.2000
half duration:   2.9000
latitude:       31.0600
longitude:     131.5500
depth:          23.0000
Mrr:       6.711000e+24
Mtt:      -6.460000e+23
Mpp:      -6.065000e+24
Mrt:       6.481000e+24
Mrp:       9.253000e+24
Mtp:      -2.737000e+24
