 PDE 1997  6 24 23  4 53.10  -1.9200  127.9000  33.0 5.9 6.1 HALMAHERA, INDONESIA
event name:     C062497C
time shift:      4.9000
half duration:   3.8000
latitude:       -1.8300
longitude:     127.9400
depth:          19.5000
Mrr:       2.897000e+25
Mtt:      -2.100000e+25
Mpp:      -7.970000e+24
Mrt:       1.134000e+25
Mrp:      -1.892000e+25
Mtp:       2.472000e+25
