 PDE 1996  6 22 14 50  7.50  51.4000  159.2400  33.0 5.6 6.0 OFF EAST COAST OF KAMCHATKA
event name:     C062296D
time shift:      3.5000
half duration:   3.0000
latitude:       51.2500
longitude:     159.7200
depth:          22.6000
Mrr:       1.520000e+25
Mtt:      -5.770000e+24
Mpp:      -9.430000e+24
Mrt:       6.610000e+24
Mrp:       1.231000e+25
Mtp:      -7.370000e+24
