 PDE 1998  6 20 20 24 45.20 -30.1000 -177.9300  57.4 5.7 0.0 KERMADEC ISLANDS, NEW ZEALAND
event name:     C062098C
time shift:      3.2000
half duration:   2.2000
latitude:      -29.9900
longitude:    -177.4100
depth:          41.0000
Mrr:       8.660000e+24
Mtt:      -5.357000e+24
Mpp:      -3.303000e+24
Mrt:      -2.543000e+24
Mrp:       1.624000e+24
Mtp:       5.030000e+24
