 PDE 2003  6 20 13 30 41.60 -30.6100  -71.6400  33.0 6.4 6.8 NEAR COAST OF CENTRAL CHILE
event name:     C062003G
time shift:      8.1000
half duration:   5.8000
latitude:      -30.8800
longitude:     -71.9700
depth:          35.0000
Mrr:       1.420000e+26
Mtt:       2.200000e+24
Mpp:      -1.440000e+26
Mrt:       7.400000e+24
Mrp:      -1.010000e+26
Mtp:       2.500000e+24
