 PDE 1996  6 26  3 22  3.10  27.7300  139.7500 469.0 5.5 0.0 BONIN ISLANDS, JAPAN REGION
event name:     C062696B
time shift:      5.9000
half duration:   3.1000
latitude:       27.8200
longitude:     139.8500
depth:         478.6000
Mrr:      -1.546000e+25
Mtt:       9.070000e+24
Mpp:       6.380000e+24
Mrt:       4.130000e+24
Mrp:      -2.056000e+25
Mtp:      -9.320000e+24
