 PDE 1999  6 29 23 18  5.60  36.6200   71.3500 189.3 5.9 0.0 HINDU KUSH REGION, AFGHANISTAN
event name:     C062999F
time shift:      1.2000
half duration:   1.6000
latitude:       36.5000
longitude:      70.9600
depth:         188.1000
Mrr:       3.853000e+24
Mtt:      -2.979000e+24
Mpp:      -8.750000e+23
Mrt:       2.400000e+22
Mrp:       7.400000e+23
Mtp:       2.000000e+21
