 PDE 2003  6 23 12 12 34.50  51.4400  176.7800  20.0 6.3 7.0 RAT ISLANDS, ALEUTIAN ISLANDS
event name:     C062303A
time shift:      8.5000
half duration:   6.7000
latitude:       51.5500
longitude:     176.6000
depth:          28.8000
Mrr:       1.190000e+26
Mtt:      -1.720000e+26
Mpp:       5.380000e+25
Mrt:       1.770000e+26
Mrp:       1.130000e+26
Mtp:      -5.200000e+24
