 PDE 1998  6 24 10 44 30.80 -37.2900  -17.3900  10.0 5.7 5.8 SOUTHERN MID-ATLANTIC RIDGE
event name:     C062498A
time shift:      5.2000
half duration:   2.1000
latitude:      -37.3600
longitude:     -17.1100
depth:          15.0000
Mrr:      -9.234000e+24
Mtt:      -3.570000e+23
Mpp:       9.591000e+24
Mrt:       2.063000e+24
Mrp:       1.703000e+24
Mtp:      -1.177000e+24
