 PDE 2001  6 26 12 33 52.00  -4.0700 -104.4700  10.0 5.0 5.8 CENTRAL EAST PACIFIC RISE
event name:     C062601H
time shift:      8.1000
half duration:   2.5000
latitude:       -3.8200
longitude:    -104.3200
depth:          15.0000
Mrr:      -7.300000e+23
Mtt:       5.500000e+23
Mpp:       1.800000e+23
Mrt:       1.130000e+24
Mrp:       1.130000e+24
Mtp:       1.237000e+25
