 PDE 2004  6 22  9  4 43.90 -10.9000  166.2600 152.8 5.8 0.0 SANTA CRUZ ISLANDS
event name:     C062204E
time shift:      2.2000
half duration:   2.0000
latitude:      -10.9400
longitude:     166.2500
depth:         154.9000
Mrr:       5.650000e+24
Mtt:      -2.400000e+24
Mpp:      -3.260000e+24
Mrt:      -1.120000e+24
Mrp:      -3.680000e+24
Mtp:       3.120000e+24
