 PDE 1996  6 23 12 45  6.90  51.5900  159.5100  33.0 5.3 6.1 OFF EAST COAST OF KAMCHATKA
event name:     C062396H
time shift:      4.7000
half duration:   2.0000
latitude:       51.5200
longitude:     159.6700
depth:          24.1000
Mrr:       5.255000e+24
Mtt:      -1.787000e+24
Mpp:      -3.468000e+24
Mrt:       2.859000e+24
Mrp:       4.156000e+24
Mtp:      -2.736000e+24
