 PDE 2000  6 21  0 51 46.90  63.9800  -20.7600  10.0 6.1 6.6 ICELAND
event name:     C062100A
time shift:      7.9000
half duration:   4.2000
latitude:       63.9800
longitude:     -20.8500
depth:          15.0000
Mrr:      -7.460000e+24
Mtt:       5.950000e+24
Mpp:       1.510000e+24
Mrt:       1.990000e+24
Mrp:      -1.136000e+25
Mtp:       5.301000e+25
