 PDE 2002  6 30 21 29 36.30 -22.2000  179.2500 620.4 5.5 0.0 SOUTH OF FIJI ISLANDS
event name:     C063002F
time shift:      6.2000
half duration:   4.0000
latitude:      -22.1300
longitude:     179.4300
depth:         631.6000
Mrr:      -2.244000e+25
Mtt:       1.583000e+25
Mpp:       6.610000e+24
Mrt:      -3.970000e+24
Mrp:      -3.235000e+25
Mtp:      -3.139000e+25
