 PDE 1996  6 30 11 32 35.80  51.7300  159.8100  33.0 5.5 5.9 OFF EAST COAST OF KAMCHATKA
event name:     C063096D
time shift:      4.8000
half duration:   2.5000
latitude:       51.6900
longitude:     160.3000
depth:          20.4000
Mrr:       8.784000e+24
Mtt:      -3.071000e+24
Mpp:      -5.713000e+24
Mrt:       6.223000e+24
Mrp:       9.517000e+24
Mtp:      -3.384000e+24
