 PDE 1994  6 30  9 23 21.60  36.2500   71.0800 233.0 6.1 0.0 AFGHANISTAN-TAJIKISTAN BORD REG.
event name:     C063094C
time shift:      4.3000
half duration:   3.2000
latitude:       36.3400
longitude:      71.0000
depth:         253.7000
Mrr:       3.298000e+25
Mtt:      -1.134000e+25
Mpp:      -2.164000e+25
Mrt:       4.600000e+23
Mrp:       6.820000e+24
Mtp:      -1.021000e+25
