 PDE 2004  6 30 23 37 25.50   0.8000  124.7300  90.8 6.0 0.0 MINAHASSA PENINSULA, SULAWESI
event name:     C063004F
time shift:      2.6000
half duration:   3.1000
latitude:        0.7900
longitude:     124.9500
depth:         101.2000
Mrr:       3.340000e+24
Mtt:      -2.470000e+25
Mpp:       2.140000e+25
Mrt:      -5.720000e+24
Mrp:       5.010000e+24
Mtp:       2.100000e+23
