 PDE 1995  6 30 11 58 56.40  24.6200 -110.2600  10.0 5.8 6.3 BAJA CALIFORNIA, MEXICO
event name:     C063095C
time shift:      5.1000
half duration:   3.0000
latitude:       24.6500
longitude:    -110.2100
depth:          15.0000
Mrr:      -1.634000e+25
Mtt:      -1.990000e+24
Mpp:       1.833000e+25
Mrt:      -4.160000e+24
Mrp:       1.265000e+25
Mtp:      -1.164000e+25
