 PDE 2004  7  8 19 54 33.80 -25.0600 -115.9600  10.0 5.4 5.7 SOUTHERN EAST PACIFIC RISE
event name:     C070804C
time shift:      4.2000
half duration:   2.2000
latitude:      -25.2000
longitude:    -116.1700
depth:          12.0000
Mrr:      -3.000000e+23
Mtt:      -7.760000e+24
Mpp:       8.070000e+24
Mrt:      -1.040000e+24
Mrp:      -1.240000e+24
Mtp:      -2.710000e+24
