 PDE 2004  7  8 10 30 49.20  47.2000  151.3000 128.5 5.9 0.0 KURIL ISLANDS
event name:     C070804A
time shift:      3.2000
half duration:   3.4000
latitude:       47.1200
longitude:     151.6900
depth:         132.8000
Mrr:      -1.020000e+25
Mtt:      -7.750000e+24
Mpp:       1.800000e+25
Mrt:      -1.480000e+25
Mrp:      -2.230000e+25
Mtp:      -1.020000e+25
