 PDE 2001  7  3 13 10 42.60  21.6400  142.9800 290.0 6.0 0.0 MARIANA ISLANDS REGION
event name:     C070301F
time shift:      6.7000
half duration:   4.0000
latitude:       21.6600
longitude:     142.9900
depth:         307.7000
Mrr:       5.380000e+25
Mtt:      -2.527000e+25
Mpp:      -2.853000e+25
Mrt:      -2.240000e+24
Mrp:       2.094000e+25
Mtp:      -2.006000e+25
