 PDE 1998  7  9 14 45 40.00 -30.4900 -178.9900 129.5 6.2 6.2 KERMADEC ISLANDS, NEW ZEALAND
event name:     C070998D
time shift:      9.2000
half duration:   6.8000
latitude:      -30.5100
longitude:    -178.7100
depth:         154.5000
Mrr:      -1.287000e+26
Mtt:       3.860000e+25
Mpp:       9.010000e+25
Mrt:      -4.270000e+25
Mrp:      -2.023000e+26
Mtp:       4.690000e+25
