 PDE 2001  7  5 13 53 48.40 -16.0900  -73.9900  62.0 6.2 0.0 NEAR COAST OF PERU
event name:     C070501K
time shift:      5.0000
half duration:   4.6000
latitude:      -16.0700
longitude:     -73.6000
depth:          69.1000
Mrr:      -5.123000e+25
Mtt:       4.520000e+25
Mpp:       6.030000e+24
Mrt:       5.108000e+25
Mrp:      -2.579000e+25
Mtp:      -2.802000e+25
