 PDE 2001  7  1  1 46  6.10  -4.3100  152.9600  28.0 5.8 6.0 NEW BRITAIN REGION, P.N.G.
event name:     C070101B
time shift:      5.4000
half duration:   2.9000
latitude:       -4.3300
longitude:     152.8300
depth:          31.0000
Mrr:       5.010000e+24
Mtt:       4.510000e+24
Mpp:      -9.520000e+24
Mrt:      -7.200000e+24
Mrp:      -1.294000e+25
Mtp:       2.230000e+24
