 PDE 1997  7  9 19 24 13.20  10.6000  -63.4900  19.9 6.2 6.8 NEAR COAST OF VENEZUELA
event name:     C070997C
time shift:     10.2000
half duration:   7.4000
latitude:       10.7000
longitude:     -63.6300
depth:          15.0000
Mrr:      -2.460000e+25
Mtt:       5.710000e+25
Mpp:      -3.250000e+25
Mrt:      -1.170000e+25
Mrp:       1.429000e+26
Mtp:      -2.695000e+26
