 PDE 2000  7  8 18 57 44.50  34.0500  139.1300  10.0 5.9 5.6 NEAR S. COAST OF HONSHU, JAPAN
event name:     C070800F
time shift:      3.2000
half duration:   2.0000
latitude:       34.0400
longitude:     139.2000
depth:          15.0000
Mrr:      -2.367000e+24
Mtt:       1.265000e+24
Mpp:       1.102000e+24
Mrt:       7.900000e+22
Mrp:       5.850000e+23
Mtp:      -6.814000e+24
