 PDE 1999  7  7 18 52 57.00  49.2300  155.5600  33.0 6.0 5.6 KURIL ISLANDS
event name:     C070799C
time shift:      5.3000
half duration:   2.7000
latitude:       49.2100
longitude:     155.9400
depth:          38.0000
Mrr:       1.191000e+25
Mtt:      -3.710000e+24
Mpp:      -8.200000e+24
Mrt:       3.880000e+24
Mrp:       6.800000e+24
Mtp:      -6.160000e+24
