 PDE 2001  7  8 17 54 18.80  -6.6600  152.1100  10.0 6.0 5.7 NEW BRITAIN REGION, P.N.G.
event name:     C070801B
time shift:      7.1000
half duration:   2.9000
latitude:       -6.7000
longitude:     152.3800
depth:          15.0000
Mrr:      -1.838000e+25
Mtt:       1.573000e+25
Mpp:       2.650000e+24
Mrt:      -3.800000e+24
Mrp:      -5.410000e+24
Mtp:       8.860000e+24
