 PDE 1995  7  8 17 15 28.10  53.6500 -163.5500  33.0 5.8 5.7 UNIMAK ISLAND REGION, ALASKA
event name:     C070895F
time shift:      1.9000
half duration:   2.4000
latitude:       53.3100
longitude:    -163.4600
depth:          15.0000
Mrr:       6.854000e+24
Mtt:      -5.474000e+24
Mpp:      -1.379000e+24
Mrt:       6.462000e+24
Mrp:       3.345000e+24
Mtp:      -3.903000e+24
