 PDE 1998  7  9 19 39 44.00  60.5300 -153.2200 144.8 5.3 0.0 SOUTHERN ALASKA
event name:     C070998F
time shift:      5.6000
half duration:   3.0000
latitude:       60.3900
longitude:    -152.7400
depth:         151.3000
Mrr:       5.300000e+24
Mtt:      -1.989000e+25
Mpp:       1.459000e+25
Mrt:      -3.800000e+23
Mrp:       1.135000e+25
Mtp:       1.760000e+24
