 PDE 1999  7  9  5  4 42.70  -6.5100  154.9400  29.0 5.8 6.2 SOLOMON ISLANDS
event name:     C070999B
time shift:      8.2000
half duration:   3.2000
latitude:       -6.7200
longitude:     154.9400
depth:          44.0000
Mrr:       2.742000e+25
Mtt:      -1.693000e+25
Mpp:      -1.049000e+25
Mrt:       3.540000e+24
Mrp:      -1.200000e+24
Mtp:       1.502000e+25
