 PDE 2004  7  1  4 39 37.50 -49.5800  163.6700  10.0 5.1 5.6 AUCKLAND ISLANDS, N.Z. REGION
event name:     C070104C
time shift:      7.4000
half duration:   3.0000
latitude:      -49.9300
longitude:     163.2500
depth:          12.0000
Mrr:      -1.200000e+24
Mtt:       2.140000e+25
Mpp:      -2.020000e+25
Mrt:       3.870000e+24
Mrp:      -2.560000e+24
Mtp:      -1.620000e+24
