 PDE 2004  7  7 21 29 23.30 -17.4300  168.2100  10.0 5.6 5.6 VANUATU ISLANDS
event name:     C070704E
time shift:      5.8000
half duration:   1.9000
latitude:      -17.4700
longitude:     168.0800
depth:          12.9000
Mrr:      -1.960000e+24
Mtt:       1.100000e+24
Mpp:       8.660000e+23
Mrt:       1.100000e+24
Mrp:      -7.350000e+23
Mtp:       5.340000e+24
