 PDE 2002  7  3 23  0 18.50  -5.0300  147.3400  31.2 5.6 6.2 EASTERN NEW GUINEA REG., P.N.G.
event name:     C070302C
time shift:      2.9000
half duration:   3.0000
latitude:       -5.0200
longitude:     147.6300
depth:          15.0000
Mrr:       1.600000e+24
Mtt:      -5.450000e+24
Mpp:       3.850000e+24
Mrt:      -4.980000e+24
Mrp:      -2.380000e+24
Mtp:       1.912000e+25
