 PDE 1996  7  6 21 36 28.70  21.9700  142.8300 241.0 5.8 0.0 VOLCANO ISLANDS, JAPAN REGION
event name:     C070696E
time shift:      6.1000
half duration:   3.2000
latitude:       22.0200
longitude:     142.9900
depth:         252.5000
Mrr:       1.659000e+25
Mtt:      -2.568000e+25
Mpp:       9.080000e+24
Mrt:       8.000000e+23
Mrp:       1.308000e+25
Mtp:       3.020000e+24
