 PDE 2000  7  7 15 46 44.60  51.4100  179.9800  31.0 6.4 5.5 ANDREANOF ISLANDS, ALEUTIAN IS.
event name:     C070700C
time shift:      5.2000
half duration:   2.1000
latitude:       51.4100
longitude:    -179.9300
depth:          42.0000
Mrr:       6.133000e+24
Mtt:      -5.143000e+24
Mpp:      -9.910000e+23
Mrt:       4.781000e+24
Mrp:       2.336000e+24
Mtp:      -3.519000e+24
