 PDE 1999  7  3  5 30 10.10  26.3200  140.4800 430.6 6.0 0.0 BONIN ISLANDS, JAPAN REGION
event name:     C070399C
time shift:      4.0000
half duration:   2.6000
latitude:       26.2900
longitude:     140.5500
depth:         433.7000
Mrr:      -9.500000e+24
Mtt:      -1.940000e+24
Mpp:       1.143000e+25
Mrt:      -7.960000e+24
Mrp:       1.740000e+24
Mtp:      -2.760000e+24
