 PDE 1998  7  9  5 19  7.30  38.6500  -28.6300  10.0 5.7 6.0 AZORES ISLANDS, PORTUGAL
event name:     C070998A
time shift:      7.7000
half duration:   2.9000
latitude:       38.7500
longitude:     -28.5300
depth:          15.0000
Mrr:      -3.060000e+24
Mtt:       1.805000e+25
Mpp:      -1.499000e+25
Mrt:      -1.910000e+24
Mrp:       2.240000e+24
Mtp:      -1.057000e+25
