 PDE 2001  7  4 12  9  3.80 -17.0000  -65.7100  33.0 5.6 5.9 CENTRAL BOLIVIA
event name:     C070401G
time shift:      5.9000
half duration:   2.7000
latitude:      -16.9200
longitude:     -65.4200
depth:          15.0000
Mrr:       9.150000e+24
Mtt:      -1.008000e+25
Mpp:       9.400000e+23
Mrt:      -1.042000e+25
Mrp:       1.217000e+25
Mtp:       6.370000e+24
