 PDE 2001  7  4  7  6 31.60 -21.7300 -176.7100 184.6 5.9 5.8 FIJI ISLANDS REGION
event name:     C070401B
time shift:      5.5000
half duration:   4.4000
latitude:      -21.8100
longitude:    -176.3100
depth:         186.5000
Mrr:      -1.250000e+25
Mtt:       1.424000e+25
Mpp:      -1.740000e+24
Mrt:      -2.193000e+25
Mrp:      -5.253000e+25
Mtp:       2.442000e+25
