 PDE 2000  7  1  7  1 55.60  34.2200  139.1300  10.0 6.0 6.1 NEAR S. COAST OF HONSHU, JAPAN
event name:     C070100B
time shift:      4.2000
half duration:   2.9000
latitude:       34.1500
longitude:     139.2400
depth:          15.0000
Mrr:      -5.010000e+24
Mtt:       2.030000e+24
Mpp:       2.980000e+24
Mrt:       1.110000e+24
Mrp:       1.400000e+23
Mtp:      -1.786000e+25
