 PDE 2003  7  1  5 52 25.90   4.5300  122.5100 635.4 5.8 0.0 CELEBES SEA
event name:     C070103B
time shift:      0.8000
half duration:   2.3000
latitude:        4.6900
longitude:     122.6700
depth:         604.6000
Mrr:      -1.020000e+24
Mtt:      -4.000000e+22
Mpp:       1.050000e+24
Mrt:      -7.600000e+23
Mrp:      -1.070000e+25
Mtp:       1.590000e+24
