 PDE 2003  7  4  0 33 50.00  -5.4700  151.6900  10.0 5.4 5.9 NEW BRITAIN REGION, P.N.G.
event name:     C070403A
time shift:      7.2000
half duration:   2.8000
latitude:       -5.6800
longitude:     151.9600
depth:          22.0000
Mrr:       6.340000e+24
Mtt:      -6.560000e+24
Mpp:       2.200000e+23
Mrt:       1.190000e+25
Mrp:       3.990000e+24
Mtp:      -1.180000e+24
