 PDE 2004  7  1  5 43 58.40 -15.3500 -173.5500  63.1 5.4 0.0 TONGA ISLANDS
event name:     C070104D
time shift:      5.5000
half duration:   1.9000
latitude:      -15.3300
longitude:    -173.0600
depth:          76.2000
Mrr:       1.070000e+24
Mtt:       1.050000e+24
Mpp:      -2.130000e+24
Mrt:      -1.730000e+24
Mrp:       4.770000e+24
Mtp:      -2.450000e+24
