 PDE 2003  7 15 18 46 38.10  -3.8300  152.1700  33.0 5.9 6.5 NEW IRELAND REGION, P.N.G.
event name:     C071503E
time shift:      5.6000
half duration:   4.2000
latitude:       -3.7900
longitude:     152.3000
depth:          15.0000
Mrr:      -1.670000e+24
Mtt:       6.240000e+25
Mpp:      -6.080000e+25
Mrt:       1.010000e+24
Mrp:      -1.790000e+24
Mtp:       8.630000e+24
