 PDE 1995  7 11 21 46 39.70  21.9300   99.1600  13.0 6.1 7.2 MYANMAR-CHINA BORDER REGION
event name:     C071195A
time shift:     11.0000
half duration:   6.6000
latitude:       21.8900
longitude:      99.2200
depth:          15.0000
Mrr:      -8.800000e+24
Mtt:      -1.594000e+26
Mpp:       1.682000e+26
Mrt:      -3.600000e+24
Mrp:       1.740000e+25
Mtp:       9.710000e+25
