 PDE 1999  7 11 14 14 16.50  15.7800  -88.3300  10.0 6.0 6.6 BELIZE
event name:     C071199B
time shift:      8.1000
half duration:   5.4000
latitude:       16.0400
longitude:     -88.5300
depth:          15.0000
Mrr:       6.000000e+24
Mtt:      -5.820000e+25
Mpp:       5.210000e+25
Mrt:       3.220000e+25
Mrp:      -1.780000e+25
Mtp:       1.032000e+26
