 PDE 2000  7 17 22 53 47.30  36.2800   70.9200 141.4 6.0 0.0 HINDU KUSH REGION, AFGHANISTAN
event name:     C071700F
time shift:      4.0000
half duration:   3.4000
latitude:       36.2400
longitude:      70.8200
depth:         145.5000
Mrr:       1.106000e+25
Mtt:      -2.072000e+25
Mpp:       9.660000e+24
Mrt:       2.518000e+25
Mrp:       1.344000e+25
Mtp:       2.180000e+24
