 PDE 2000  7 16  3 21 45.50  20.2500  122.0400  33.0 6.1 6.3 PHILIPPINE ISLANDS REGION
event name:     C071600A
time shift:      1.1000
half duration:   3.8000
latitude:       20.3500
longitude:     121.9100
depth:          22.0000
Mrr:      -6.020000e+24
Mtt:       4.265000e+25
Mpp:      -3.663000e+25
Mrt:      -9.800000e+23
Mrp:       1.467000e+25
Mtp:      -1.029000e+25
