 PDE 2004  7 11 23  8 44.20  30.6900   83.6700  13.0 5.7 6.2 XIZANG
event name:     C071104B
time shift:      6.5000
half duration:   3.1000
latitude:       30.5600
longitude:      83.7800
depth:          13.0000
Mrr:      -2.140000e+25
Mtt:      -2.180000e+24
Mpp:       2.360000e+25
Mrt:      -3.890000e+24
Mrp:      -2.500000e+23
Mtp:      -6.110000e+24
