 PDE 2004  7 16 23 58 19.00 -65.6500 -179.5700  10.0 5.4 5.9 PACIFIC-ANTARCTIC RIDGE
event name:     C071604C
time shift:      5.0000
half duration:   2.8000
latitude:      -65.6500
longitude:    -179.4800
depth:          12.0000
Mrr:      -9.700000e+23
Mtt:       1.880000e+25
Mpp:      -1.790000e+25
Mrt:      -1.070000e+24
Mrp:      -1.660000e+24
Mtp:      -1.920000e+24
