 PDE 2003  7 12 23  1 38.00  54.6500 -134.4700  20.0 5.3 5.7 QUEEN CHARLOTTE ISLANDS REGION
event name:     C071203E
time shift:      6.7000
half duration:   2.2000
latitude:       54.7200
longitude:    -134.3900
depth:          16.0000
Mrr:       3.600000e+23
Mtt:      -6.230000e+24
Mpp:       5.870000e+24
Mrt:       7.430000e+24
Mrp:       2.170000e+24
Mtp:       4.150000e+24
