 PDE 2004  7 11 23 46 12.60 -20.2500 -126.9300  12.0 6.1 5.9 SOUTH PACIFIC OCEAN
event name:     C071104C
time shift:      3.4000
half duration:   2.8000
latitude:      -20.1400
longitude:    -127.0100
depth:          14.0000
Mrr:      -1.620000e+25
Mtt:      -1.150000e+24
Mpp:       1.740000e+25
Mrt:      -6.100000e+23
Mrp:       5.100000e+23
Mtp:      -4.040000e+24
