 PDE 1998  7 18 16 41 19.40 -18.3700  168.1700  33.0 5.4 6.0 VANUATU ISLANDS
event name:     C071898F
time shift:      6.3000
half duration:   2.9000
latitude:      -18.2600
longitude:     167.8700
depth:          31.9000
Mrr:       1.269000e+25
Mtt:      -5.000000e+22
Mpp:      -1.264000e+25
Mrt:       5.050000e+24
Mrp:      -6.820000e+24
Mtp:       4.230000e+24
