 PDE 1995  7 12 15 46 59.80 -23.2400  170.8200  33.0 5.9 6.4 SOUTHEAST OF LOYALTY ISLANDS
event name:     C071295B
time shift:      6.0000
half duration:   3.8000
latitude:      -23.2600
longitude:     170.8300
depth:          15.0000
Mrr:      -4.353000e+25
Mtt:       4.384000e+25
Mpp:      -3.100000e+23
Mrt:       3.064000e+25
Mrp:       1.560000e+24
Mtp:       8.200000e+23
