 PDE 1994  7 13 11 45 25.90  -7.5000  127.9200 185.0 6.4 0.0 BANDA SEA
event name:     C071394G
time shift:      4.6000
half duration:   4.4000
latitude:       -7.6300
longitude:     127.9000
depth:         179.2000
Mrr:       4.734000e+25
Mtt:      -4.924000e+25
Mpp:       1.900000e+24
Mrt:       2.391000e+25
Mrp:       2.296000e+25
Mtp:       1.922000e+25
