 PDE 2003  7 19 21 20 37.00  -8.6800  111.2300  56.2 5.9 0.0 SOUTH OF JAVA, INDONESIA
event name:     C071903C
time shift:      6.0000
half duration:   2.0000
latitude:       -9.1600
longitude:     111.2300
depth:          43.0000
Mrr:       4.880000e+24
Mtt:      -5.290000e+24
Mpp:       4.020000e+23
Mrt:       4.300000e+24
Mrp:      -2.740000e+23
Mtp:       9.020000e+23
