 PDE 2000  7 16  3 57 45.60  -7.7500  150.9200  10.0 6.3 6.4 NEW BRITAIN REGION, P.N.G.
event name:     C071600B
time shift:      9.4000
half duration:   4.7000
latitude:       -7.5400
longitude:     150.9600
depth:          15.0000
Mrr:      -8.787000e+25
Mtt:       8.274000e+25
Mpp:       5.130000e+24
Mrt:      -7.010000e+24
Mrp:      -3.730000e+25
Mtp:       1.614000e+25
