 PDE 2001  7 19 18  0 40.40  57.2000 -151.0400  33.0 5.9 5.4 GULF OF ALASKA
event name:     C071901B
time shift:      2.2000
half duration:   2.1000
latitude:       57.0600
longitude:    -150.9900
depth:          30.0000
Mrr:       1.394000e+24
Mtt:      -6.261000e+24
Mpp:       4.867000e+24
Mrt:       2.324000e+24
Mrp:       1.827000e+24
Mtp:       4.158000e+24
