 PDE 2000  7 10  9 58 19.00  46.8300  145.4200 359.6 6.1 0.0 SEA OF OKHOTSK
event name:     C071000B
time shift:      3.9000
half duration:   1.9000
latitude:       46.8300
longitude:     145.5900
depth:         361.3000
Mrr:      -2.459000e+24
Mtt:       4.430000e+24
Mpp:      -1.971000e+24
Mrt:      -2.549000e+24
Mrp:      -4.168000e+24
Mtp:       1.958000e+24
