 PDE 1997  7 14 16  9 35.50  43.2500  146.3800  33.0 5.9 5.8 KURIL ISLANDS
event name:     C071497A
time shift:      5.0000
half duration:   2.9000
latitude:       43.1900
longitude:     146.4700
depth:          34.0000
Mrr:       1.049000e+25
Mtt:      -1.120000e+24
Mpp:      -9.370000e+24
Mrt:       5.700000e+23
Mrp:       1.282000e+25
Mtp:      -7.750000e+24
