 PDE 2002  7 19  6 43 55.10 -56.6200 -140.6900  10.0 5.1 5.6 PACIFIC-ANTARCTIC RIDGE
event name:     C071902C
time shift:     13.1000
half duration:   2.6000
latitude:      -57.0700
longitude:    -140.9400
depth:          15.0000
Mrr:      -5.650000e+23
Mtt:       9.689000e+24
Mpp:      -9.124000e+24
Mrt:       2.612000e+24
Mrp:      -5.230000e+24
Mtp:       9.202000e+24
