 PDE 1998  7 19 15 58 38.90 -21.8400 -175.7900  72.1 5.9 0.0 TONGA ISLANDS
event name:     C071998B
time shift:      2.4000
half duration:   2.5000
latitude:      -21.9200
longitude:    -175.2900
depth:          65.0000
Mrr:       6.681000e+24
Mtt:       1.880000e+24
Mpp:      -8.561000e+24
Mrt:      -7.400000e+23
Mrp:      -9.723000e+24
Mtp:      -5.720000e+23
