 PDE 2000  7 15  1 30 30.50  34.3200  139.2600  10.0 5.5 5.9 NEAR S. COAST OF HONSHU, JAPAN
event name:     C071500A
time shift:      4.8000
half duration:   2.6000
latitude:       34.2900
longitude:     139.3100
depth:          20.3000
Mrr:      -9.600000e+23
Mtt:      -7.310000e+24
Mpp:       8.270000e+24
Mrt:      -1.320000e+24
Mrp:       2.320000e+24
Mtp:      -1.112000e+25
