 PDE 2004  7 19  8  1 49.50  49.6200 -126.9700  23.7 5.9 6.2 VANCOUVER ISLAND, CANADA REGION
event name:     C071904A
time shift:      2.0000
half duration:   3.5000
latitude:       49.6000
longitude:    -127.1900
depth:          24.8000
Mrr:      -6.500000e+24
Mtt:      -1.430000e+25
Mpp:       2.080000e+25
Mrt:       1.260000e+25
Mrp:      -1.860000e+25
Mtp:       2.740000e+25
