 PDE 1996  7 15 16 51 22.00  18.7300  145.6300 177.0 5.9 0.0 MARIANA ISLANDS
event name:     C071596C
time shift:      6.4000
half duration:   3.3000
latitude:       18.7600
longitude:     145.8200
depth:         189.0000
Mrr:       7.820000e+24
Mtt:       8.410000e+24
Mpp:      -1.623000e+25
Mrt:      -1.461000e+25
Mrp:       1.916000e+25
Mtp:      -9.200000e+23
