 PDE 1997  7 19 14 22  8.80  16.3300  -98.2200  33.0 5.7 6.3 OFF COAST OF GUERRERO, MEXICO
event name:     C071997D
time shift:      9.5000
half duration:   4.9000
latitude:       15.8600
longitude:     -98.2600
depth:          15.0000
Mrr:       5.930000e+25
Mtt:      -4.922000e+25
Mpp:      -1.008000e+25
Mrt:       9.392000e+25
Mrp:      -4.631000e+25
Mtp:       1.376000e+25
