 PDE 1996  7 16 10  7 36.60   1.0200  120.2500  33.0 6.0 6.4 MINAHASSA PENINSULA, SULAWESI
event name:     C071696C
time shift:      5.8000
half duration:   4.5000
latitude:        1.2700
longitude:     120.3500
depth:          21.0000
Mrr:       3.696000e+25
Mtt:      -3.721000e+25
Mpp:       2.500000e+23
Mrt:      -7.384000e+25
Mrp:      -8.920000e+24
Mtp:      -1.226000e+25
