 PDE 2004  7 15  4 27 14.70 -17.6600 -178.7600 565.5 6.4 0.0 FIJI ISLANDS REGION
event name:     C071504C
time shift:      4.8000
half duration:   8.2000
latitude:      -17.6800
longitude:    -178.5200
depth:         577.2000
Mrr:       3.280000e+26
Mtt:      -1.420000e+26
Mpp:      -1.870000e+26
Mrt:       2.490000e+26
Mrp:       5.420000e+25
Mtp:       2.900000e+26
