 PDE 1998  7 16 11 56 36.40 -11.0400  166.1600 110.2 6.4 6.7 SANTA CRUZ ISLANDS
event name:     C071698C
time shift:      5.9000
half duration:   8.1000
latitude:      -10.9100
longitude:     166.0900
depth:         100.3000
Mrr:       4.135000e+26
Mtt:      -1.166000e+26
Mpp:      -2.969000e+26
Mrt:       2.140000e+25
Mrp:      -1.360000e+26
Mtp:      -1.358000e+26
