 PDE 2000  7 16 17 25 23.10 -12.4000  166.5100  33.0 5.3 5.8 SANTA CRUZ ISLANDS
event name:     C071600F
time shift:      8.7000
half duration:   2.9000
latitude:      -12.3000
longitude:     166.2900
depth:          42.0000
Mrr:       1.548000e+25
Mtt:       8.400000e+23
Mpp:      -1.632000e+25
Mrt:       5.400000e+23
Mrp:       4.070000e+24
Mtp:       2.220000e+24
