 PDE 2003  7 17 19 57 13.80  18.5100 -107.1300  10.0 4.9 5.3 OFF COAST OF JALISCO, MEXICO
event name:     C071703B
time shift:     11.3000
half duration:   2.4000
latitude:       18.9200
longitude:    -107.3700
depth:          15.0000
Mrr:      -5.000000e+23
Mtt:      -7.240000e+24
Mpp:       7.750000e+24
Mrt:      -3.700000e+23
Mrp:       6.300000e+23
Mtp:      -9.270000e+24
