 PDE 1999  7 19  2 17  3.70 -28.6300 -177.6100  39.0 6.3 6.2 KERMADEC ISLANDS REGION
event name:     C071999B
time shift:      5.5000
half duration:   4.9000
latitude:      -28.6200
longitude:    -177.0500
depth:          46.0000
Mrr:       5.129000e+25
Mtt:      -1.615000e+25
Mpp:      -3.514000e+25
Mrt:       1.500000e+25
Mrp:       2.503000e+25
Mtp:      -1.201000e+25
