 PDE 1996  7 16  3 48 28.30  56.0800  165.0000  33.0 5.8 6.4 KOMANDORSKIYE OSTROVA REGION
event name:     C071696A
time shift:      5.7000
half duration:   4.4000
latitude:       56.1600
longitude:     164.9800
depth:          15.0000
Mrr:      -3.810000e+24
Mtt:      -6.355000e+25
Mpp:       6.736000e+25
Mrt:      -9.300000e+24
Mrp:       1.228000e+25
Mtp:      -2.565000e+25
