 PDE 2000  7 11  1 32 28.50  57.3700 -154.2100  43.6 6.3 6.2 KODIAK ISLAND REGION, ALASKA
event name:     C071100A
time shift:      4.1000
half duration:   4.3000
latitude:       57.5400
longitude:    -154.2200
depth:          52.0000
Mrr:      -2.317000e+25
Mtt:      -3.680000e+24
Mpp:       2.684000e+25
Mrt:       3.872000e+25
Mrp:       5.400000e+24
Mtp:       4.585000e+25
