 PDE 1996  7 15 21 23 34.00  17.6000 -100.9600  18.0 5.7 6.5 NEAR COAST OF GUERRERO, MEXICO
event name:     C071596D
time shift:      8.2000
half duration:   5.1000
latitude:       17.5000
longitude:    -101.1200
depth:          22.4000
Mrr:       6.731000e+25
Mtt:      -5.301000e+25
Mpp:      -1.430000e+25
Mrt:       6.897000e+25
Mrp:      -2.880000e+25
Mtp:       2.355000e+25
