 PDE 1995  7 28 14 29 12.20 -21.1000 -175.4900 102.0 6.1 0.0 TONGA ISLANDS
event name:     C072895B
time shift:      2.5000
half duration:   4.1000
latitude:      -21.1800
longitude:    -174.9000
depth:         125.3000
Mrr:       5.040000e+24
Mtt:      -6.800000e+23
Mpp:      -4.360000e+24
Mrt:       1.040000e+25
Mrp:       3.927000e+25
Mtp:       1.327000e+25
