 PDE 1999  7 28 10  8 20.60 -30.2800 -178.0100  25.0 6.1 6.0 KERMADEC ISLANDS, NEW ZEALAND
event name:     C072899B
time shift:      9.5000
half duration:   3.7000
latitude:      -30.1500
longitude:    -177.5500
depth:          36.0000
Mrr:       2.698000e+25
Mtt:       1.800000e+23
Mpp:      -2.715000e+25
Mrt:       3.990000e+24
Mrp:       1.969000e+25
Mtp:      -1.056000e+25
