 PDE 1996  7 23  3 32 12.60 -26.7500 -177.2000  33.0 5.8 6.4 SOUTH OF FIJI ISLANDS
event name:     C072396A
time shift:      4.4000
half duration:   4.1000
latitude:      -26.9700
longitude:    -176.6000
depth:          15.0000
Mrr:      -2.505000e+25
Mtt:       6.418000e+25
Mpp:      -3.913000e+25
Mrt:      -2.820000e+24
Mrp:      -1.090000e+25
Mtp:       2.398000e+25
