 PDE 2004  7 28  3 56 28.60  -0.4400  133.0900  13.4 6.0 6.3 IRIAN JAYA REGION, INDONESIA
event name:     C072804A
time shift:      4.1000
half duration:   4.0000
latitude:       -0.3600
longitude:     133.0900
depth:          15.0000
Mrr:       4.130000e+25
Mtt:      -2.870000e+25
Mpp:      -1.260000e+25
Mrt:      -3.640000e+25
Mrp:       3.120000e+25
Mtp:       1.930000e+25
