 PDE 2003  7 27  6 25 32.00  47.1500  139.2500 470.3 6.3 0.0 PRIMOR'YE, RUSSIA
event name:     C072703C
time shift:      4.1000
half duration:   5.5000
latitude:       46.9900
longitude:     139.2300
depth:         477.2000
Mrr:       5.790000e+25
Mtt:       4.680000e+25
Mpp:      -1.050000e+26
Mrt:       2.920000e+25
Mrp:      -8.570000e+25
Mtp:      -7.230000e+25
