 PDE 1996  7 23  5 20  4.20 -26.7700 -177.2500  33.0 5.7 6.2 SOUTH OF FIJI ISLANDS
event name:     C072396B
time shift:      2.1000
half duration:   3.1000
latitude:      -26.8700
longitude:    -176.8800
depth:          15.0000
Mrr:      -1.650000e+24
Mtt:       2.270000e+25
Mpp:      -2.105000e+25
Mrt:       1.700000e+24
Mrp:      -5.980000e+24
Mtp:       3.500000e+24
