 PDE 2001  7 26  0 21 36.90  39.0600   24.2400  10.0 6.0 6.6 AEGEAN SEA
event name:     C072601A
time shift:      7.4000
half duration:   4.0000
latitude:       38.9600
longitude:      24.2900
depth:          15.0000
Mrr:      -1.148000e+25
Mtt:       5.520000e+25
Mpp:      -4.372000e+25
Mrt:       1.297000e+25
Mrp:       4.120000e+24
Mtp:      -2.298000e+25
