 PDE 2004  7 20 14 16 23.50  19.6400  146.8100  13.4 5.7 5.6 MARIANA ISLANDS REGION
event name:     C072004D
time shift:      5.4000
half duration:   2.1000
latitude:       19.6500
longitude:     147.1600
depth:          14.0000
Mrr:       5.120000e+24
Mtt:      -3.470000e+23
Mpp:      -4.770000e+24
Mrt:      -1.060000e+24
Mrp:       5.060000e+24
Mtp:       2.750000e+24
