 PDE 1995  7 27  5 51 17.90 -12.5800   79.2400  10.0 6.2 5.9 SOUTH INDIAN OCEAN
event name:     C072795A
time shift:      5.4000
half duration:   2.5000
latitude:      -12.2700
longitude:      79.0800
depth:          18.0000
Mrr:       7.235000e+24
Mtt:      -7.455000e+24
Mpp:       2.210000e+23
Mrt:       3.363000e+24
Mrp:       6.706000e+24
Mtp:      -2.591000e+24
