 PDE 1997  7 20  0 30 21.00  52.5600 -167.4800  14.4 5.6 5.9 FOX ISLANDS, ALEUTIAN ISLANDS
event name:     C072097A
time shift:      5.4000
half duration:   2.9000
latitude:       52.3300
longitude:    -167.3700
depth:          19.0000
Mrr:       9.480000e+24
Mtt:      -7.970000e+24
Mpp:      -1.510000e+24
Mrt:       1.024000e+25
Mrp:       4.330000e+24
Mtp:      -3.950000e+24
