 PDE 2004  7 22  9 45 14.90  26.4900  128.8900  20.9 6.1 5.7 RYUKYU ISLANDS, JAPAN
event name:     C072204D
time shift:      2.1000
half duration:   2.6000
latitude:       26.4700
longitude:     128.9500
depth:          22.0000
Mrr:      -3.310000e+24
Mtt:      -3.380000e+24
Mpp:       6.680000e+24
Mrt:      -9.400000e+23
Mrp:       6.190000e+24
Mtp:       1.110000e+25
