 PDE 2003  7 25  9 37 45.80  -1.5300  149.6900  24.0 6.4 6.5 NEW IRELAND REGION, P.N.G.
event name:     C072503B
time shift:      5.6000
half duration:   3.9000
latitude:       -1.4000
longitude:     149.7800
depth:          29.0000
Mrr:       3.270000e+25
Mtt:      -4.490000e+25
Mpp:       1.220000e+25
Mrt:      -2.250000e+25
Mrp:       2.540000e+25
Mtp:      -5.110000e+24
