 PDE 2001  7 22 18 15  9.00  -5.1500  132.3400  33.0 5.7 5.4 ARU ISLANDS REGION, INDONESIA
event name:     C072201A
time shift:      5.7000
half duration:   2.4000
latitude:       -5.1800
longitude:     132.4600
depth:          30.8000
Mrr:       1.442000e+24
Mtt:      -7.794000e+24
Mpp:       6.351000e+24
Mrt:       3.700000e+23
Mrp:       4.770000e+23
Mtp:       7.909000e+24
