 PDE 1997  7 27  5 21 29.30 -30.5200  -71.8600  33.0 5.6 5.8 OFF COAST OF CENTRAL CHILE
event name:     C072797A
time shift:      4.5000
half duration:   2.7000
latitude:      -30.6400
longitude:     -72.4100
depth:          15.0000
Mrr:       1.917000e+25
Mtt:      -1.140000e+24
Mpp:      -1.803000e+25
Mrt:       5.300000e+23
Mrp:      -2.347000e+25
Mtp:       1.270000e+24
