 PDE 1996  7 25 12 49 37.00 -50.1500 -113.5400  10.0 5.1 5.7 SOUTHERN EAST PACIFIC RISE
event name:     C072596B
time shift:     10.4000
half duration:   2.5000
latitude:      -50.1100
longitude:    -114.1700
depth:          15.0000
Mrr:      -4.300000e+23
Mtt:       4.580000e+24
Mpp:      -4.150000e+24
Mrt:       1.300000e+23
Mrp:       1.780000e+24
Mtp:       1.296000e+25
