 PDE 1996  7 22 14 19 35.70   1.0000  120.4500  33.0 6.0 6.9 MINAHASSA PENINSULA, SULAWESI
event name:     C072296F
time shift:     12.4000
half duration:   7.1000
latitude:        1.3400
longitude:     120.6500
depth:          28.2000
Mrr:       1.464000e+26
Mtt:      -1.497000e+26
Mpp:       3.300000e+24
Mrt:      -3.231000e+26
Mrp:      -2.500000e+25
Mtp:      -5.630000e+25
