 PDE 2003  7 27  2  4 11.50 -21.0800 -176.5900 212.9 5.9 0.0 FIJI ISLANDS REGION
event name:     C072703A
time shift:      4.1000
half duration:   4.7000
latitude:      -21.0900
longitude:    -176.1200
depth:         215.6000
Mrr:      -5.560000e+24
Mtt:       3.170000e+25
Mpp:      -2.610000e+25
Mrt:      -3.410000e+25
Mrp:      -7.720000e+25
Mtp:       1.810000e+25
