 PDE 2003  7 25 22 13 30.00  38.4200  141.0000   6.0 6.0 5.8 NEAR EAST COAST OF HONSHU, JAPAN
event name:     C072503I
time shift:      5.8000
half duration:   2.6000
latitude:       38.5200
longitude:     141.1000
depth:          15.0000
Mrr:       1.530000e+25
Mtt:      -1.600000e+24
Mpp:      -1.370000e+25
Mrt:      -4.300000e+23
Mrp:       1.320000e+24
Mtp:      -1.550000e+24
