 PDE 1995  7 26 23 42  2.60   2.5600  127.6900  66.0 5.9 0.0 NORTHERN MOLUCCA SEA
event name:     C072695C
time shift:      6.4000
half duration:   3.5000
latitude:        2.7800
longitude:     127.4700
depth:          52.0000
Mrr:       5.750000e+24
Mtt:       9.110000e+24
Mpp:      -1.486000e+25
Mrt:      -4.620000e+24
Mrp:      -3.468000e+25
Mtp:      -2.860000e+24
