 PDE 1996  7 20  0  0 41.80  36.1500   27.1000  33.0 5.7 6.2 DODECANESE ISLANDS, GREECE
event name:     C072096A
time shift:      5.3000
half duration:   3.0000
latitude:       36.0700
longitude:      26.9200
depth:          15.0000
Mrr:      -2.257000e+25
Mtt:       3.220000e+24
Mpp:       1.935000e+25
Mrt:      -5.290000e+24
Mrp:      -4.510000e+24
Mtp:       8.370000e+24
