 PDE 2003  7 21 15 16 31.90  25.9800  101.2900  10.0 5.4 6.0 YUNNAN, CHINA
event name:     C072103D
time shift:      6.4000
half duration:   2.2000
latitude:       25.9800
longitude:     101.3200
depth:          15.0000
Mrr:      -1.300000e+23
Mtt:      -5.370000e+24
Mpp:       5.500000e+24
Mrt:       1.750000e+24
Mrp:       3.400000e+23
Mtp:      -6.400000e+24
