 PDE 1997  7 20 10 14 22.80 -22.9800  -66.3000 256.1 5.7 0.0 JUJUY PROVINCE, ARGENTINA
event name:     C072097C
time shift:      6.7000
half duration:   2.6000
latitude:      -22.8200
longitude:     -66.1200
depth:         271.3000
Mrr:      -6.844000e+24
Mtt:       9.392000e+24
Mpp:      -2.548000e+24
Mrt:      -9.934000e+24
Mrp:      -7.946000e+24
Mtp:       2.083000e+24
