 PDE 1999  7 28  0 16 57.50 -28.6900 -177.5200  33.0 5.9 5.7 KERMADEC ISLANDS REGION
event name:     C072899A
time shift:      8.6000
half duration:   2.6000
latitude:      -28.4900
longitude:    -177.1200
depth:          49.0000
Mrr:       1.082000e+25
Mtt:       7.200000e+23
Mpp:      -1.154000e+25
Mrt:       8.300000e+23
Mrp:       5.770000e+24
Mtp:      -3.150000e+24
