 PDE 2003  7 21 13 53 58.50  -5.4800  148.8500 189.6 6.2 0.0 NEW BRITAIN REGION, P.N.G.
event name:     C072103C
time shift:      5.4000
half duration:   3.5000
latitude:       -5.6100
longitude:     149.0100
depth:         192.9000
Mrr:      -3.730000e+25
Mtt:       1.540000e+25
Mpp:       2.190000e+25
Mrt:      -7.090000e+24
Mrp:       1.110000e+25
Mtp:       1.170000e+25
