 PDE 1998  7 24 18 44  4.40  21.2500  122.0200  33.0 5.6 5.9 TAIWAN REGION
event name:     C072498C
time shift:      0.7000
half duration:   2.9000
latitude:       21.4300
longitude:     121.7900
depth:          24.4000
Mrr:      -2.930000e+24
Mtt:       1.165000e+25
Mpp:      -8.720000e+24
Mrt:       2.390000e+24
Mrp:       2.980000e+24
Mtp:      -1.337000e+25
