 PDE 2001  7 24  5  0  9.10 -19.4500  -69.2500  33.0 5.7 6.2 NORTHERN CHILE
event name:     C072401C
time shift:      7.5000
half duration:   3.3000
latitude:      -19.4400
longitude:     -69.1800
depth:          15.0000
Mrr:      -6.470000e+24
Mtt:       1.159000e+25
Mpp:      -5.120000e+24
Mrt:       2.351000e+25
Mrp:      -6.640000e+24
Mtp:       2.424000e+25
