 PDE 1998  7 29 18  0 30.00  -2.6900  138.9000  33.0 5.9 6.7 IRIAN JAYA, INDONESIA
event name:     C072998C
time shift:      8.0000
half duration:   5.0000
latitude:       -2.7200
longitude:     138.9900
depth:          25.2000
Mrr:       1.110000e+25
Mtt:      -1.720000e+25
Mpp:       6.100000e+24
Mrt:      -1.042000e+26
Mrp:       5.950000e+25
Mtp:      -3.100000e+24
