 PDE 1999  7 21 13 46 29.80   4.5700   97.2100 175.0 5.9 0.0 NORTHERN SUMATRA, INDONESIA
event name:     C072199D
time shift:      1.6000
half duration:   1.8000
latitude:        4.5600
longitude:      97.2600
depth:         166.2000
Mrr:       1.493000e+24
Mtt:      -1.305000e+24
Mpp:      -1.880000e+23
Mrt:       2.841000e+24
Mrp:       1.980000e+23
Mtp:       3.300000e+22
