 PDE 1997  7 25  6 47  2.70 -30.4600  -71.9100  33.0 5.6 5.5 OFF COAST OF CENTRAL CHILE
event name:     C072597A
time shift:      3.7000
half duration:   2.3000
latitude:      -30.5400
longitude:     -72.3700
depth:          15.0000
Mrr:       1.158000e+25
Mtt:      -8.000000e+23
Mpp:      -1.079000e+25
Mrt:      -4.500000e+23
Mrp:      -9.270000e+24
Mtp:       1.530000e+24
