 PDE 2001  7 28  7 32 43.00  59.0300 -155.1200 131.3 5.7 5.7 ALASKA PENINSULA
event name:     C072801A
time shift:      7.4000
half duration:   5.1000
latitude:       58.8200
longitude:    -154.9700
depth:         147.0000
Mrr:       3.803000e+25
Mtt:      -9.891000e+25
Mpp:       6.088000e+25
Mrt:       5.330000e+24
Mrp:       4.820000e+25
Mtp:       3.682000e+25
