 PDE 1999  7 26  1 33 20.20  -5.1500  151.9400  69.4 5.8 0.0 NEW BRITAIN REGION, P.N.G.
event name:     C072699A
time shift:      4.4000
half duration:   3.2000
latitude:       -5.2100
longitude:     152.3000
depth:          50.0000
Mrr:       1.898000e+25
Mtt:      -1.333000e+25
Mpp:      -5.650000e+24
Mrt:       7.460000e+24
Mrp:       7.380000e+24
Mtp:      -1.204000e+25
