 PDE 2004  7 29  1 44  6.90  12.4500   95.0000  22.4 5.7 5.5 ANDAMAN ISLANDS, INDIA REGION
event name:     C072904A
time shift:      0.5000
half duration:   1.9000
latitude:       12.3600
longitude:      95.0600
depth:          12.0000
Mrr:      -3.580000e+24
Mtt:       2.660000e+24
Mpp:       9.280000e+23
Mrt:       3.260000e+24
Mrp:      -1.290000e+24
Mtp:       3.380000e+24
