 PDE 2003  7 27 11 41 27.00 -20.1300  -65.1800 345.3 5.9 0.0 SOUTHERN BOLIVIA
event name:     C072703D
time shift:      4.9000
half duration:   2.3000
latitude:      -20.0500
longitude:     -65.1900
depth:         350.6000
Mrr:      -3.980000e+24
Mtt:       1.650000e+24
Mpp:       2.340000e+24
Mrt:       4.090000e+24
Mrp:      -9.200000e+24
Mtp:      -2.060000e+24
