 PDE 2000  7 21  1 53 35.80   9.4200  -85.3300  33.0 5.9 6.1 OFF COAST OF COSTA RICA
event name:     C072100A
time shift:      4.2000
half duration:   3.8000
latitude:        9.3000
longitude:     -85.6600
depth:          15.0000
Mrr:      -4.929000e+25
Mtt:       4.498000e+25
Mpp:       4.310000e+24
Mrt:       5.270000e+24
Mrp:       3.220000e+24
Mtp:      -1.258000e+25
