 PDE 1998  7 29  7 14 24.10 -32.3100  -71.2900  51.1 6.3 0.0 NEAR COAST OF CENTRAL CHILE
event name:     C072998A
time shift:      4.5000
half duration:   4.0000
latitude:      -32.3000
longitude:     -71.6700
depth:          58.0000
Mrr:       4.750000e+25
Mtt:      -8.500000e+23
Mpp:      -4.666000e+25
Mrt:      -1.810000e+25
Mrp:       8.310000e+24
Mtp:       1.261000e+25
