 PDE 1998  7 25  2 39 23.30 -13.6100  166.8700  43.5 5.9 6.0 VANUATU ISLANDS
event name:     C072598A
time shift:      8.5000
half duration:   3.3000
latitude:      -13.4800
longitude:     166.4800
depth:          50.0000
Mrr:       2.427000e+25
Mtt:       2.170000e+24
Mpp:      -2.645000e+25
Mrt:      -3.030000e+24
Mrp:      -6.660000e+24
Mtp:      -5.640000e+24
