 PDE 1996  7 30 17 38 30.70  14.5100  119.9500  33.0 6.1 5.7 LUZON, PHILIPPINES
event name:     C073096B
time shift:      3.6000
half duration:   2.4000
latitude:       14.5600
longitude:     119.8700
depth:          43.0000
Mrr:       1.123000e+25
Mtt:      -4.000000e+23
Mpp:      -1.083000e+25
Mrt:       1.430000e+24
Mrp:       5.320000e+24
Mtp:      -4.000000e+23
