 PDE 2000  7 31 22 44 30.40 -16.7000  174.5400  10.0 5.7 5.6 FIJI ISLANDS REGION
event name:     C073100G
time shift:      8.3000
half duration:   2.8000
latitude:      -16.7300
longitude:     174.7500
depth:          15.0000
Mrr:      -1.097000e+25
Mtt:       9.110000e+24
Mpp:       1.860000e+24
Mrt:      -4.040000e+24
Mrp:      -1.027000e+25
Mtp:       1.404000e+25
