 PDE 1998  7 31 12 40 59.50 -21.6100  169.8200  33.0 5.4 5.9 SOUTHEAST OF LOYALTY ISLANDS
event name:     C073198A
time shift:      7.6000
half duration:   2.6000
latitude:      -21.5100
longitude:     169.5800
depth:          33.0000
Mrr:       1.082000e+25
Mtt:      -1.800000e+23
Mpp:      -1.064000e+25
Mrt:       7.800000e+23
Mrp:      -7.070000e+24
Mtp:       4.180000e+24
