 PDE 1997  7 31 21 54 21.50  -6.6400  130.9200  58.6 5.9 5.3 TANIMBAR ISLANDS REG., INDONESIA
event name:     C073197B
time shift:      6.2000
half duration:   2.5000
latitude:       -6.5400
longitude:     131.1000
depth:          82.4000
Mrr:       8.260000e+24
Mtt:      -1.040000e+25
Mpp:       2.140000e+24
Mrt:      -2.330000e+24
Mrp:       3.160000e+24
Mtp:       5.430000e+24
