 PDE 2002  7 30  6 55  7.80 -57.8900  -23.2400  33.0 5.7 5.8 SOUTH SANDWICH ISLANDS REGION
event name:     C073002A
time shift:      3.6000
half duration:   2.8000
latitude:      -58.0200
longitude:     -23.0200
depth:          15.0000
Mrr:      -1.507000e+25
Mtt:      -5.740000e+24
Mpp:       2.081000e+25
Mrt:      -4.650000e+24
Mrp:       5.640000e+24
Mtp:      -3.400000e+23
