 PDE 2002  7 31  0 16 44.60   7.9300  -82.7900  10.0 6.0 6.4 PANAMA-COSTA RICA BORDER REGION
event name:     C073102A
time shift:      9.0000
half duration:   4.3000
latitude:        8.1100
longitude:     -82.9200
depth:          17.0000
Mrr:       1.251000e+25
Mtt:      -2.621000e+25
Mpp:       1.370000e+25
Mrt:       1.048000e+25
Mrp:      -1.695000e+25
Mtp:       5.643000e+25
