 PDE 2000  7 30 12 25 45.60  33.9000  139.3800  10.0 6.0 6.5 SOUTHEAST OF HONSHU, JAPAN
event name:     C073000D
time shift:      6.5000
half duration:   4.3000
latitude:       33.9200
longitude:     139.4400
depth:          15.0000
Mrr:      -9.500000e+23
Mtt:      -2.243000e+25
Mpp:       2.338000e+25
Mrt:      -4.110000e+24
Mrp:       9.570000e+24
Mtp:      -5.503000e+25
