 PDE 1998  8  4 18 59 20.10  -0.5900  -80.3900  33.0 6.2 7.1 NEAR COAST OF ECUADOR
event name:     C080498H
time shift:      9.1000
half duration:   8.7000
latitude:       -0.5700
longitude:     -80.4800
depth:          25.6000
Mrr:       2.593000e+26
Mtt:       1.620000e+25
Mpp:      -2.755000e+26
Mrt:       9.810000e+25
Mrp:      -5.671000e+26
Mtp:      -5.210000e+25
