 PDE 2002  8  9 13 31  5.30 -16.3100 -176.1700 364.1 5.5 0.0 TONGA ISLANDS
event name:     C080902B
time shift:      5.6000
half duration:   2.7000
latitude:      -16.2500
longitude:    -175.8500
depth:         381.3000
Mrr:      -6.040000e+24
Mtt:       6.300000e+24
Mpp:      -2.700000e+23
Mrt:       3.200000e+24
Mrp:      -6.750000e+24
Mtp:       1.263000e+25
