 PDE 1999  8  1  8 39  4.90 -30.3700 -177.8300  10.0 5.7 6.4 KERMADEC ISLANDS, NEW ZEALAND
event name:     C080199B
time shift:     12.7000
half duration:   5.0000
latitude:      -30.3400
longitude:    -177.3200
depth:          18.0000
Mrr:       4.251000e+25
Mtt:      -3.630000e+24
Mpp:      -3.888000e+25
Mrt:       1.125000e+25
Mrp:       4.730000e+25
Mtp:      -1.911000e+25
