 PDE 1995  8  7 19 44 24.60   4.0800  143.6800  10.0 5.5 5.7 E. CAROLINE ISLANDS, MICRONESIA
event name:     C080795B
time shift:      7.2000
half duration:   2.9000
latitude:        4.0600
longitude:     143.7900
depth:          15.0000
Mrr:       5.840000e+24
Mtt:       5.940000e+24
Mpp:      -1.178000e+25
Mrt:      -4.500000e+23
Mrp:      -2.010000e+24
Mtp:       1.812000e+25
