 PDE 2001  8  2 23 41  6.20  56.2600  163.7900  14.0 5.9 6.2 NEAR EAST COAST OF KAMCHATKA
event name:     C080201C
time shift:      6.1000
half duration:   3.5000
latitude:       56.2600
longitude:     163.9300
depth:          17.0000
Mrr:       9.650000e+24
Mtt:      -1.997000e+25
Mpp:       1.032000e+25
Mrt:       2.140000e+24
Mrp:       1.678000e+25
Mtp:      -2.677000e+25
