 PDE 1996  8  2 12 55 29.30 -10.7700  161.4500  33.0 6.2 7.1 SOLOMON ISLANDS
event name:     C080296C
time shift:     11.0000
half duration:   7.5000
latitude:      -10.7800
longitude:     161.4600
depth:          47.4000
Mrr:       1.829000e+26
Mtt:      -2.640000e+26
Mpp:       8.100000e+25
Mrt:      -7.680000e+25
Mrp:      -8.080000e+25
Mtp:       1.257000e+26
