 PDE 2004  8  1 19  3 10.30 -63.5600 -166.6700  10.0 5.2 6.0 PACIFIC-ANTARCTIC RIDGE
event name:     C080104B
time shift:      4.5000
half duration:   2.4000
latitude:      -63.6500
longitude:    -166.9200
depth:          12.0000
Mrr:      -1.220000e+24
Mtt:       9.110000e+24
Mpp:      -7.890000e+24
Mrt:      -2.290000e+24
Mrp:       7.300000e+23
Mtp:       7.930000e+24
