 PDE 2000  8  9 22 55 59.50 -16.8000  174.3300  33.0 5.7 6.3 FIJI ISLANDS REGION
event name:     C080900E
time shift:      5.4000
half duration:   3.9000
latitude:      -16.8800
longitude:     174.5400
depth:          15.0000
Mrr:       1.290000e+24
Mtt:       1.574000e+25
Mpp:      -1.703000e+25
Mrt:      -3.930000e+24
Mrp:      -5.400000e+24
Mtp:       4.219000e+25
