 PDE 1995  8  3  1 57 21.70 -23.1300  -70.6000  33.0 5.4 5.9 NEAR COAST OF NORTHERN CHILE
event name:     C080395B
time shift:      7.2000
half duration:   3.8000
latitude:      -23.0200
longitude:     -70.9600
depth:          15.0000
Mrr:       1.391000e+25
Mtt:       1.160000e+24
Mpp:      -1.507000e+25
Mrt:       7.420000e+24
Mrp:      -3.384000e+25
Mtp:       2.800000e+23
