 PDE 2000  8  3  1  9 39.00 -12.0400  166.4500  33.0 5.7 6.5 SANTA CRUZ ISLANDS
event name:     C080300A
time shift:      9.6000
half duration:   4.9000
latitude:      -11.9300
longitude:     166.1700
depth:          51.4000
Mrr:       8.564000e+25
Mtt:       9.900000e+23
Mpp:      -8.663000e+25
Mrt:       2.400000e+23
Mrp:       1.479000e+25
Mtp:       1.496000e+25
