 PDE 2000  8  9 11 41 47.90  18.2000 -102.4800  45.8 6.1 6.5 MICHOACAN, MEXICO
event name:     C080900C
time shift:      5.0000
half duration:   4.3000
latitude:       18.1300
longitude:    -102.3900
depth:          33.0000
Mrr:       6.998000e+25
Mtt:      -6.327000e+25
Mpp:      -6.710000e+24
Mrt:       4.910000e+24
Mrp:      -1.250000e+24
Mtp:       2.421000e+25
