 PDE 2004  8  7  9 30 16.90  51.7500 -166.3100   8.0 6.3 5.4 SOUTH OF ALEUTIAN ISLANDS
event name:     C080704B
time shift:      1.9000
half duration:   2.2000
latitude:       51.6000
longitude:    -166.3200
depth:          12.0000
Mrr:      -7.180000e+24
Mtt:       7.270000e+24
Mpp:      -8.000000e+22
Mrt:      -2.060000e+24
Mrp:       1.780000e+24
Mtp:       5.330000e+24
