 PDE 1996  8  5  2  8 58.20 -15.2700 -173.1300  41.0 6.0 6.7 SAMOA ISLANDS REGION
event name:     C080596B
time shift:      9.5000
half duration:   5.3000
latitude:      -15.2700
longitude:    -172.7600
depth:          53.8000
Mrr:      -8.105000e+25
Mtt:       9.084000e+25
Mpp:      -9.790000e+24
Mrt:      -4.365000e+25
Mrp:       4.907000e+25
Mtp:      -2.713000e+25
