 PDE 1997  8  8 22 27 19.90 -15.4800 -179.1400  10.0 5.7 6.6 FIJI ISLANDS REGION
event name:     C080897C
time shift:      8.6000
half duration:   5.0000
latitude:      -15.4800
longitude:    -178.7600
depth:          17.0000
Mrr:       5.900000e+23
Mtt:      -7.339000e+25
Mpp:       7.280000e+25
Mrt:       7.450000e+24
Mrp:       5.000000e+23
Mtp:       6.088000e+25
