 PDE 1998  8  5 12 54 25.70 -54.6700 -135.5200  10.0 5.2 5.9 PACIFIC-ANTARCTIC RIDGE
event name:     C080598F
time shift:      8.1000
half duration:   2.8000
latitude:      -54.5900
longitude:    -135.4500
depth:          15.0000
Mrr:      -1.560000e+24
Mtt:       1.364000e+25
Mpp:      -1.208000e+25
Mrt:      -3.010000e+24
Mrp:      -6.400000e+23
Mtp:       1.474000e+25
