 PDE 2001  8  6  3 52 59.50 -55.5400 -123.4200  10.0 6.1 6.5 SOUTHERN EAST PACIFIC RISE
event name:     C080601B
time shift:     13.7000
half duration:   5.5000
latitude:      -55.6700
longitude:    -123.0500
depth:          15.0000
Mrr:      -1.319000e+26
Mtt:       1.506000e+26
Mpp:      -1.870000e+25
Mrt:       3.500000e+24
Mrp:       9.100000e+24
Mtp:      -2.750000e+25
