 PDE 2000  8  4 21 13  2.70  48.7900  142.2500  10.0 6.3 7.1 SAKHALIN, RUSSIA
event name:     C080400G
time shift:      9.4000
half duration:   6.4000
latitude:       48.7700
longitude:     142.0300
depth:          15.0000
Mrr:       1.515000e+26
Mtt:       2.040000e+25
Mpp:      -1.719000e+26
Mrt:      -2.980000e+25
Mrp:      -8.590000e+25
Mtp:       5.010000e+25
