 PDE 2004  8  1 19 44 47.60 -13.3900 -112.2100  10.0 5.1 5.6 CENTRAL EAST PACIFIC RISE
event name:     C080104C
time shift:      6.3000
half duration:   2.0000
latitude:      -13.3900
longitude:    -112.1700
depth:          12.0000
Mrr:      -6.340000e+23
Mtt:       2.790000e+24
Mpp:      -2.160000e+24
Mrt:      -9.500000e+22
Mrp:      -3.430000e+23
Mtp:       5.980000e+24
