 PDE 2000  8  9  0  8 41.80 -15.6900  167.9900  33.0 6.3 6.0 VANUATU ISLANDS
event name:     C080900A
time shift:      3.9000
half duration:   3.4000
latitude:      -15.6800
longitude:     168.1600
depth:          17.0000
Mrr:       2.382000e+25
Mtt:       9.530000e+24
Mpp:      -3.335000e+25
Mrt:      -5.580000e+24
Mrp:      -3.440000e+24
Mtp:      -2.200000e+24
