 PDE 2000  8  7 14 33 55.90  -7.0200  123.3600 648.5 6.5 0.0 BANDA SEA
event name:     C080700E
time shift:      4.0000
half duration:   4.2000
latitude:       -6.9500
longitude:     123.5300
depth:         648.3000
Mrr:      -4.476000e+25
Mtt:       4.960000e+25
Mpp:      -4.840000e+24
Mrt:      -3.522000e+25
Mrp:       1.036000e+25
Mtp:       6.650000e+24
