 PDE 2002  8  2 23 11 39.10  29.2800  138.9700 426.1 5.5 0.0 SOUTHEAST OF HONSHU, JAPAN
event name:     C080202D
time shift:      5.7000
half duration:   3.2000
latitude:       29.3500
longitude:     139.2500
depth:         441.5000
Mrr:      -4.730000e+24
Mtt:       1.091000e+25
Mpp:      -6.180000e+24
Mrt:       8.370000e+24
Mrp:      -2.165000e+25
Mtp:      -6.130000e+24
