 PDE 1997  8  4 18 53 58.90 -15.1600 -175.2700  33.0 5.5 6.0 TONGA ISLANDS
event name:     C080497C
time shift:      4.0000
half duration:   2.6000
latitude:      -15.0300
longitude:    -175.1000
depth:          15.0000
Mrr:      -7.800000e+23
Mtt:       6.690000e+24
Mpp:      -5.920000e+24
Mrt:      -1.700000e+23
Mrp:      -3.430000e+24
Mtp:       1.294000e+25
