 PDE 2002  8 14 13 57 52.10  14.1000  146.2000  30.0 6.1 6.4 SOUTH OF MARIANA ISLANDS
event name:     C081402E
time shift:      6.1000
half duration:   4.1000
latitude:       13.9800
longitude:     146.4300
depth:          38.0000
Mrr:       1.436000e+25
Mtt:      -3.143000e+25
Mpp:       1.707000e+25
Mrt:       5.329000e+25
Mrp:       3.322000e+25
Mtp:       2.067000e+25
