 PDE 1997  8 17 20 11 10.80 -13.5900  167.3900  25.9 5.4 6.1 VANUATU ISLANDS
event name:     C081797C
time shift:      3.0000
half duration:   2.5000
latitude:      -13.5600
longitude:     167.6100
depth:          15.0000
Mrr:       6.900000e+23
Mtt:       8.000000e+23
Mpp:      -1.490000e+24
Mrt:      -2.440000e+24
Mrp:       4.490000e+24
Mtp:       1.040000e+25
