 PDE 1999  8 12  5 44 59.60  -1.7200  122.4600  33.0 5.8 5.8 SULAWESI, INDONESIA
event name:     C081299B
time shift:      5.5000
half duration:   3.5000
latitude:       -1.6000
longitude:     122.5800
depth:          35.5000
Mrr:       3.190000e+24
Mtt:       1.663000e+25
Mpp:      -1.982000e+25
Mrt:       3.800000e+23
Mrp:       4.390000e+24
Mtp:       5.820000e+24
