 PDE 1996  8 10 11 20 19.70  -4.9400  152.1300  33.0 5.6 6.0 NEW BRITAIN REGION, P.N.G.
event name:     C081096D
time shift:      9.5000
half duration:   3.2000
latitude:       -5.1900
longitude:     152.2900
depth:          46.7000
Mrr:       1.950000e+25
Mtt:      -1.881000e+25
Mpp:      -6.900000e+23
Mrt:       1.032000e+25
Mrp:       1.570000e+24
Mtp:      -7.980000e+24
