 PDE 2000  8 14 22 11 16.10  -9.3800  153.8500  10.0 5.7 6.0 D'ENTRECASTEAUX ISLANDS REGION
event name:     C081400E
time shift:      6.6000
half duration:   2.3000
latitude:       -9.3100
longitude:     154.0000
depth:          15.0000
Mrr:       1.063000e+25
Mtt:       1.100000e+23
Mpp:      -1.075000e+25
Mrt:       4.300000e+23
Mrp:       1.660000e+24
Mtp:       4.880000e+24
