 PDE 2000  8 15  4 30  8.80 -31.5100  179.7300 357.7 6.0 0.0 KERMADEC ISLANDS REGION
event name:     C081500C
time shift:      7.3000
half duration:   4.7000
latitude:      -31.4200
longitude:    -179.9500
depth:         367.4000
Mrr:      -4.004000e+25
Mtt:      -2.829000e+25
Mpp:       6.833000e+25
Mrt:      -3.360000e+25
Mrp:      -5.710000e+25
Mtp:      -1.859000e+25
