 PDE 1996  8 15  7 33 50.50 -13.3000  166.8400  33.0 5.7 6.0 VANUATU ISLANDS
event name:     C081596C
time shift:      9.4000
half duration:   3.1000
latitude:      -13.3000
longitude:     166.5000
depth:          48.5000
Mrr:       2.191000e+25
Mtt:       5.700000e+23
Mpp:      -2.248000e+25
Mrt:      -1.900000e+23
Mrp:       7.170000e+24
Mtp:       2.150000e+24
