 PDE 1996  8 10 18 12 17.30  38.9100  140.5300  10.0 6.0 5.7 EASTERN HONSHU, JAPAN
event name:     C081096F
time shift:      5.4000
half duration:   2.4000
latitude:       38.9500
longitude:     140.5300
depth:          15.0000
Mrr:       8.132000e+24
Mtt:       1.660000e+24
Mpp:      -9.792000e+24
Mrt:      -1.435000e+24
Mrp:      -2.645000e+24
Mtp:       5.570000e+23
