 PDE 1994  8 19 10  2 51.80 -26.6500  -63.3800 565.0 6.4 0.0 SANTIAGO DEL ESTERO PROV., ARG.
event name:     C081994B
time shift:      4.6000
half duration:   4.1000
latitude:      -26.7200
longitude:     -63.4200
depth:         562.6000
Mrr:      -2.941000e+25
Mtt:      -7.160000e+24
Mpp:       3.658000e+25
Mrt:      -1.996000e+25
Mrp:       3.960000e+25
Mtp:       1.980000e+24
