 PDE 1997  8 10  9 20 31.00 -16.0100  124.3300  10.0 5.9 6.0 WESTERN AUSTRALIA
event name:     C081097A
time shift:      7.0000
half duration:   3.0000
latitude:      -15.9800
longitude:     124.4800
depth:          15.0000
Mrr:       3.260000e+24
Mtt:       1.392000e+25
Mpp:      -1.718000e+25
Mrt:      -1.210000e+25
Mrp:      -9.120000e+24
Mtp:       1.383000e+25
