 PDE 2004  8 12 15 59 41.90 -11.9100  166.7200 205.7 5.5 0.0 SANTA CRUZ ISLANDS
event name:     C081204D
time shift:      2.1000
half duration:   1.7000
latitude:      -11.9400
longitude:     166.6400
depth:         206.1000
Mrr:       2.740000e+24
Mtt:       1.100000e+24
Mpp:      -3.840000e+24
Mrt:       2.540000e+24
Mrp:      -1.330000e+24
Mtp:      -6.760000e+23
