 PDE 2003  8 14  5 14 54.80  39.1600   20.6000  10.0 5.6 6.2 GREECE
event name:     C081403B
time shift:     13.5000
half duration:   3.2000
latitude:       38.7000
longitude:      20.6700
depth:          15.0000
Mrr:      -2.420000e+24
Mtt:       1.520000e+25
Mpp:      -1.270000e+25
Mrt:       1.410000e+25
Mrp:      -6.590000e+24
Mtp:       2.120000e+25
