 PDE 1995  8 18  2 16 26.30 -55.9000  -28.9000  36.0 5.6 5.8 SOUTH SANDWICH ISLANDS REGION
event name:     C081895B
time shift:      6.3000
half duration:   3.1000
latitude:      -55.6600
longitude:     -28.9600
depth:          51.7000
Mrr:       2.920000e+24
Mtt:      -5.780000e+24
Mpp:       2.870000e+24
Mrt:      -1.167000e+25
Mrp:      -6.880000e+24
Mtp:       1.660000e+25
