 PDE 2003  8 11  0 19  9.30   1.1400  128.1500  10.0 5.7 5.6 HALMAHERA, INDONESIA
event name:     C081103A
time shift:      6.4000
half duration:   2.4000
latitude:        1.3100
longitude:     128.1800
depth:          15.0000
Mrr:      -7.900000e+23
Mtt:       7.670000e+24
Mpp:      -6.880000e+24
Mrt:       4.780000e+24
Mrp:      -4.620000e+24
Mtp:      -7.770000e+24
