 PDE 2004  8 18  9  3 10.10  16.4300  -94.9400  62.9 5.7 0.0 OAXACA, MEXICO
event name:     C081804B
time shift:      2.3000
half duration:   1.9000
latitude:       16.4000
longitude:     -95.1400
depth:          77.6000
Mrr:      -2.240000e+24
Mtt:      -3.310000e+24
Mpp:       5.560000e+24
Mrt:       2.790000e+24
Mrp:       3.150000e+23
Mtp:      -1.250000e+24
