 PDE 2002  8 15  5 30 26.20  -1.2000  121.3300  10.0 5.7 5.8 SULAWESI, INDONESIA
event name:     C081502A
time shift:     10.6000
half duration:   3.4000
latitude:       -1.2600
longitude:     121.3000
depth:          15.0000
Mrr:       1.968000e+25
Mtt:       7.000000e+22
Mpp:      -1.974000e+25
Mrt:      -6.870000e+24
Mrp:      -1.350000e+24
Mtp:      -4.970000e+24
