 PDE 1995  8 19 21 43 32.40   5.1000  -75.6900 125.0 6.1 0.0 COLOMBIA
event name:     C081995C
time shift:      5.3000
half duration:   4.5000
latitude:        5.2200
longitude:     -75.6900
depth:         128.7000
Mrr:      -7.680000e+25
Mtt:       2.835000e+25
Mpp:       4.846000e+25
Mrt:      -2.788000e+25
Mrp:      -2.970000e+25
Mtp:       1.292000e+25
