 PDE 1995  8 17 10  1 27.60  -5.1800  153.4000  33.0 5.5 6.4 NEW IRELAND REGION, P.N.G.
event name:     C081795F
time shift:      9.6000
half duration:   3.6000
latitude:       -5.4400
longitude:     153.5000
depth:          28.4000
Mrr:       1.817000e+25
Mtt:       1.800000e+24
Mpp:      -1.997000e+25
Mrt:       3.670000e+25
Mrp:      -1.040000e+24
Mtp:      -1.486000e+25
