 PDE 2004  8 10  1 47 32.80  36.4400   70.8000 207.0 5.3 0.0 HINDU KUSH REGION, AFGHANISTAN
event name:     C081004A
time shift:      3.1000
half duration:   2.4000
latitude:       36.5200
longitude:      70.6000
depth:         205.7000
Mrr:       7.760000e+24
Mtt:      -6.970000e+24
Mpp:      -7.900000e+23
Mrt:       8.410000e+24
Mrp:      -4.230000e+24
Mtp:       1.740000e+24
