 PDE 2002  8 14 13 12 39.90   7.8300  136.8800  10.0 6.1 6.0 W. CAROLINE ISLANDS, MICRONESIA
event name:     C081402D
time shift:      5.6000
half duration:   3.1000
latitude:        7.7400
longitude:     136.9200
depth:          15.0000
Mrr:       2.384000e+25
Mtt:      -1.941000e+25
Mpp:      -4.430000e+24
Mrt:       5.180000e+24
Mrp:       3.490000e+24
Mtp:      -1.131000e+25
