 PDE 2001  8 13 20 11 23.40  41.0500  142.3100  38.0 6.0 6.3 HOKKAIDO, JAPAN REGION
event name:     C081301E
time shift:      6.1000
half duration:   4.1000
latitude:       41.0500
longitude:     142.4600
depth:          44.0000
Mrr:       3.034000e+25
Mtt:      -5.700000e+23
Mpp:      -2.977000e+25
Mrt:       1.899000e+25
Mrp:       3.625000e+25
Mtp:      -9.900000e+24
