 PDE 1999  8 14  0 16 52.30  -5.8900  104.7100 101.4 6.0 5.7 SOUTHERN SUMATRA, INDONESIA
event name:     C081499A
time shift:      5.4000
half duration:   4.0000
latitude:       -5.8600
longitude:     104.4600
depth:          99.2000
Mrr:       1.824000e+25
Mtt:       2.135000e+25
Mpp:      -3.959000e+25
Mrt:       5.090000e+24
Mrp:      -2.640000e+25
Mtp:      -2.983000e+25
