 PDE 1997  8 15  7 37 49.10  -4.3700 -105.7000  10.0 5.3 5.8 CENTRAL EAST PACIFIC RISE
event name:     C081597B
time shift:      6.5000
half duration:   3.0000
latitude:       -4.3900
longitude:    -105.9500
depth:          15.0000
Mrr:       1.180000e+24
Mtt:       7.670000e+24
Mpp:      -8.850000e+24
Mrt:       2.540000e+24
Mrp:       5.580000e+24
Mtp:       2.149000e+25
