 PDE 2000  8 12 10 26 15.90  -3.0700  136.1100  33.0 5.6 5.7 IRIAN JAYA REGION, INDONESIA
event name:     C081200A
time shift:      4.5000
half duration:   2.4000
latitude:       -2.9300
longitude:     136.1600
depth:          22.7000
Mrr:       4.971000e+24
Mtt:      -7.297000e+24
Mpp:       2.326000e+24
Mrt:      -5.223000e+24
Mrp:       2.894000e+24
Mtp:      -1.379000e+24
