 PDE 2003  8 11 13 40 19.90 -56.9100  147.6100  10.0 5.6 5.7 WEST OF MACQUARIE ISLAND
event name:     C081103H
time shift:      4.4000
half duration:   2.2000
latitude:      -57.0600
longitude:     147.4800
depth:          15.0000
Mrr:      -2.700000e+23
Mtt:       4.520000e+24
Mpp:      -4.250000e+24
Mrt:       2.190000e+24
Mrp:       3.400000e+23
Mtp:      -8.280000e+24
