 PDE 2003  8 11 21 22 30.40  12.1200   93.5300 100.2 5.5 0.0 ANDAMAN ISLANDS, INDIA REGION
event name:     C081103I
time shift:      2.4000
half duration:   2.4000
latitude:       12.1600
longitude:      93.3500
depth:          84.1000
Mrr:       3.470000e+24
Mtt:      -3.970000e+24
Mpp:       5.100000e+23
Mrt:      -1.680000e+24
Mrp:      -8.020000e+24
Mtp:       8.930000e+24
