 PDE 1998  8 10  9 52 14.90   7.3200   94.3100  33.0 5.9 5.8 NICOBAR ISLANDS, INDIA REGION
event name:     C081098A
time shift:      2.6000
half duration:   2.4000
latitude:        7.5800
longitude:      94.3900
depth:          23.7000
Mrr:       6.340000e+23
Mtt:      -8.839000e+24
Mpp:       8.205000e+24
Mrt:       6.510000e+23
Mrp:      -8.360000e+23
Mtp:       3.877000e+24
