 PDE 2004  8 17  4 49  3.00 -26.3700 -177.9300 209.8 5.0 0.0 SOUTH OF FIJI ISLANDS
event name:     C081704D
time shift:     -1.6000
half duration:   1.6000
latitude:      -26.4500
longitude:    -177.5400
depth:         175.2000
Mrr:      -1.320000e+24
Mtt:      -1.760000e+24
Mpp:       3.090000e+24
Mrt:      -1.670000e+24
Mrp:      -9.190000e+23
Mtp:       8.200000e+22
