 PDE 1995  8 14  4 37 17.30  -4.8300  151.5100 126.0 6.3 6.3 NEW BRITAIN REGION, P.N.G.
event name:     C081495A
time shift:      7.6000
half duration:   5.7000
latitude:       -4.9000
longitude:     151.8000
depth:         140.4000
Mrr:       8.900000e+25
Mtt:      -5.690000e+25
Mpp:      -3.210000e+25
Mrt:       4.290000e+25
Mrp:       1.053000e+26
Mtp:      -3.070000e+25
