 PDE 2001  8 23 21 45  3.20  -3.3700  146.3100  10.0 5.8 6.2 BISMARCK SEA
event name:     C082301C
time shift:      4.3000
half duration:   2.9000
latitude:       -3.3500
longitude:     146.8000
depth:          15.0000
Mrr:      -1.600000e+23
Mtt:      -1.860000e+24
Mpp:       2.020000e+24
Mrt:       7.800000e+23
Mrp:      -5.260000e+24
Mtp:       1.761000e+25
