 PDE 1995  8 29  7 25 48.50 -47.9900   99.4500  10.0 5.3 6.2 SOUTHEAST INDIAN RIDGE
event name:     C082995A
time shift:      8.8000
half duration:   4.0000
latitude:      -48.0500
longitude:      99.2000
depth:          15.0000
Mrr:      -2.990000e+24
Mtt:       4.663000e+25
Mpp:      -4.364000e+25
Mrt:       4.370000e+24
Mrp:       5.710000e+24
Mtp:       1.809000e+25
