 PDE 1999  8 20 10  2 21.10   9.0400  -84.1600  20.0 6.1 6.9 COSTA RICA
event name:     C082099C
time shift:      9.9000
half duration:   7.7000
latitude:        9.2800
longitude:     -84.1000
depth:          24.0000
Mrr:       2.049000e+26
Mtt:      -1.561000e+26
Mpp:      -4.880000e+25
Mrt:       1.516000e+26
Mrp:      -4.950000e+25
Mtp:       8.800000e+25
