 PDE 1998  8 23 13 57 15.40  11.6600  -88.0400  54.6 5.7 6.3 OFF COAST OF CENTRAL AMERICA
event name:     C082398C
time shift:      1.2000
half duration:   5.1000
latitude:       11.5800
longitude:     -88.5500
depth:          15.0000
Mrr:      -1.187000e+26
Mtt:       6.800000e+25
Mpp:       5.070000e+25
Mrt:      -1.210000e+25
Mrp:      -2.160000e+25
Mtp:      -6.150000e+25
