 PDE 2000  8 21  9 16 25.50 -53.0200  -45.9700  10.0 5.8 5.9 SOUTH ATLANTIC OCEAN
event name:     C082100A
time shift:      5.2000
half duration:   2.6000
latitude:      -53.2000
longitude:     -46.4500
depth:          15.0000
Mrr:       3.460000e+24
Mtt:       3.890000e+24
Mpp:      -7.350000e+24
Mrt:      -1.300000e+24
Mrp:       8.630000e+24
Mtp:       1.128000e+25
