 PDE 1999  8 22 12 40 46.00 -16.1200  168.0400  33.0 6.3 6.2 VANUATU ISLANDS
event name:     C082299C
time shift:      3.7000
half duration:   5.2000
latitude:      -16.0800
longitude:     168.1900
depth:          15.0000
Mrr:       6.148000e+25
Mtt:       3.490000e+24
Mpp:      -6.497000e+25
Mrt:       7.230000e+24
Mrp:       4.360000e+25
Mtp:      -3.920000e+24
