 PDE 1997  8 29  6 54  0.20 -15.2300 -175.5800  33.0 5.6 6.4 TONGA ISLANDS
event name:     C082997B
time shift:      7.2000
half duration:   4.1000
latitude:      -15.3100
longitude:    -175.3800
depth:          15.0000
Mrr:      -4.200000e+23
Mtt:       3.165000e+25
Mpp:      -3.122000e+25
Mrt:       2.680000e+24
Mrp:      -1.010000e+25
Mtp:       4.105000e+25
