 PDE 1997  8 20  7 15 16.00   4.3600   96.4900  33.0 5.9 6.0 NORTHERN SUMATRA, INDONESIA
event name:     C082097B
time shift:      3.9000
half duration:   2.4000
latitude:        4.5000
longitude:      96.6600
depth:          15.0000
Mrr:       3.550000e+23
Mtt:      -8.602000e+24
Mpp:       8.247000e+24
Mrt:      -3.062000e+24
Mrp:       4.560000e+23
Mtp:      -6.572000e+24
