 PDE 1998  8 29  8 30 21.10 -55.7400  -27.0500  33.0 5.6 5.6 SOUTH SANDWICH ISLANDS REGION
event name:     C082998C
time shift:      5.5000
half duration:   2.3000
latitude:      -55.7700
longitude:     -26.9600
depth:          15.0000
Mrr:       4.564000e+24
Mtt:      -1.093000e+24
Mpp:      -3.471000e+24
Mrt:      -4.456000e+24
Mrp:       7.962000e+24
Mtp:       3.677000e+24
