 PDE 1998  8 27  9  3 36.70  39.6600   77.3400  33.0 5.6 6.4 SOUTHERN XINJIANG, CHINA
event name:     C082798B
time shift:      4.1000
half duration:   3.9000
latitude:       39.5100
longitude:      77.2200
depth:          32.0000
Mrr:      -3.570000e+24
Mtt:      -3.149000e+25
Mpp:       3.507000e+25
Mrt:       3.110000e+24
Mrp:      -7.250000e+24
Mtp:       1.858000e+25
