 PDE 2001  8 25  2  2  2.50   7.6300  -82.7700  24.5 5.9 5.7 SOUTH OF PANAMA
event name:     C082501A
time shift:      2.0000
half duration:   2.6000
latitude:        7.4800
longitude:     -82.8300
depth:          16.0000
Mrr:      -1.220000e+24
Mtt:      -3.410000e+24
Mpp:       4.630000e+24
Mrt:       3.230000e+24
Mrp:       6.600000e+23
Mtp:       1.278000e+25
