 PDE 1995  8 25 16 51 46.50 -18.5900 -175.5400 224.0 5.2 0.0 TONGA ISLANDS
event name:     C082595D
time shift:      7.2000
half duration:   2.5000
latitude:      -18.5600
longitude:    -175.1400
depth:         234.0000
Mrr:      -4.184000e+24
Mtt:       3.565000e+24
Mpp:       6.190000e+23
Mrt:      -2.531000e+24
Mrp:      -9.909000e+24
Mtp:       4.018000e+24
