 PDE 2004  8 28 13 41 27.90 -34.9300  -70.3900   1.0 6.1 6.3 CHILE-ARGENTINA BORDER REGION
event name:     C082804C
time shift:      7.5000
half duration:   4.3000
latitude:      -35.2100
longitude:     -70.3600
depth:          16.0000
Mrr:      -2.000000e+24
Mtt:       4.190000e+25
Mpp:      -3.990000e+25
Mrt:       3.180000e+25
Mrp:      -1.360000e+25
Mtp:       4.780000e+25
