 PDE 1998  8 23  5 36 12.90  14.7000  120.0500  70.1 6.1 0.0 LUZON, PHILIPPINES
event name:     C082398B
time shift:     -0.8000
half duration:   2.4000
latitude:       14.6900
longitude:     119.8800
depth:          44.6000
Mrr:       1.078000e+25
Mtt:      -1.050000e+24
Mpp:      -9.720000e+24
Mrt:       7.000000e+22
Mrp:       4.210000e+24
Mtp:       2.760000e+24
