 PDE 1995  8 24  1 55 34.60  18.9200  144.9500 589.0 5.9 0.0 MARIANA ISLANDS
event name:     C082495A
time shift:      4.7000
half duration:   3.1000
latitude:       18.9300
longitude:     145.1900
depth:         594.0000
Mrr:      -2.021000e+25
Mtt:       1.032000e+25
Mpp:       9.890000e+24
Mrt:      -3.960000e+24
Mrp:      -6.140000e+24
Mtp:      -1.131000e+25
