 PDE 1995  8 28 10 46 12.90  26.1600 -110.3500  10.0 5.6 6.5 GULF OF CALIFORNIA
event name:     C082895A
time shift:      6.7000
half duration:   4.1000
latitude:       26.1300
longitude:    -110.2700
depth:          15.0000
Mrr:       2.500000e+23
Mtt:      -5.899000e+25
Mpp:       5.873000e+25
Mrt:       2.700000e+24
Mrp:       1.436000e+25
Mtp:      -6.780000e+24
