 PDE 2001  8 27  1 16 47.50   1.0900  126.3600  33.0 5.8 5.9 NORTHERN MOLUCCA SEA
event name:     C082701A
time shift:      8.0000
half duration:   2.7000
latitude:        1.3400
longitude:     126.5600
depth:          31.7000
Mrr:       1.368000e+25
Mtt:       2.200000e+24
Mpp:      -1.588000e+25
Mrt:      -1.770000e+24
Mrp:       1.000000e+22
Mtp:      -4.300000e+24
