 PDE 1998  8 28 12 40 58.70  -0.1500  125.0200  66.2 6.2 0.0 SOUTHERN MOLUCCA SEA
event name:     C082898A
time shift:      3.3000
half duration:   2.9000
latitude:       -0.1200
longitude:     125.4600
depth:          45.0000
Mrr:       1.392000e+25
Mtt:      -7.520000e+24
Mpp:      -6.400000e+24
Mrt:       4.570000e+24
Mrp:       9.550000e+24
Mtp:      -7.790000e+24
