 PDE 1997  8 29  8 14 10.00  -3.5600  144.3600  22.8 5.8 6.8 NEAR N COAST OF NEW GUINEA, PNG.
event name:     C082997C
time shift:      6.6000
half duration:   4.5000
latitude:       -3.3400
longitude:     144.5100
depth:          15.0000
Mrr:      -5.300000e+24
Mtt:       5.180000e+24
Mpp:       1.200000e+23
Mrt:      -1.014000e+25
Mrp:       1.660000e+24
Mtp:       7.425000e+25
