 PDE 2000  8 28 19 29 24.60  -4.1600  127.3100  33.0 6.0 0.0 BANDA SEA
event name:     C082800I
time shift:      4.8000
half duration:   4.0000
latitude:       -4.1900
longitude:     127.4500
depth:          23.6000
Mrr:       7.110000e+24
Mtt:      -4.590000e+25
Mpp:       3.879000e+25
Mrt:       1.052000e+25
Mrp:       8.400000e+24
Mtp:      -1.203000e+25
