 PDE 1995  8 23 13 14 42.20 -56.7500 -141.6800  10.0 5.9 5.6 PACIFIC-ANTARCTIC RIDGE
event name:     C082395D
time shift:      3.4000
half duration:   3.1000
latitude:      -56.9700
longitude:    -141.8700
depth:          15.0000
Mrr:      -1.760000e+25
Mtt:       1.582000e+25
Mpp:       1.780000e+24
Mrt:       1.309000e+25
Mrp:       1.480000e+24
Mtp:       1.861000e+25
