 PDE 2004  8 27  0 43 54.50 -27.4200  -70.8100  30.0 5.8 5.4 NEAR COAST OF NORTHERN CHILE
event name:     C082704A
time shift:      1.6000
half duration:   2.0000
latitude:      -27.6300
longitude:     -71.2500
depth:          35.0000
Mrr:       1.070000e+24
Mtt:       2.560000e+23
Mpp:      -1.330000e+24
Mrt:       1.020000e+24
Mrp:       6.730000e+24
Mtp:       5.490000e+23
