 PDE 1998  8 20  6 40 55.80  28.9300  139.3300 440.5 6.1 0.0 BONIN ISLANDS, JAPAN REGION
event name:     C082098B
time shift:     14.7000
half duration:   4.7000
latitude:       28.9900
longitude:     139.4700
depth:         425.5000
Mrr:      -1.330000e+26
Mtt:       2.022000e+26
Mpp:      -6.930000e+25
Mrt:       9.530000e+25
Mrp:      -4.097000e+26
Mtp:      -1.412000e+26
