 PDE 2003  8 28  4 48 19.90 -49.8200 -114.8100  10.0 5.4 6.1 SOUTHERN EAST PACIFIC RISE
event name:     C082803A
time shift:      7.0000
half duration:   3.0000
latitude:      -49.9200
longitude:    -115.2000
depth:          15.0000
Mrr:       4.600000e+23
Mtt:       7.580000e+24
Mpp:      -8.040000e+24
Mrt:       2.890000e+24
Mrp:       6.990000e+24
Mtp:       2.130000e+25
