 PDE 2000  8 28 15  5 47.90  -4.1100  127.3900  16.0 6.5 6.8 BANDA SEA
event name:     C082800E
time shift:      7.7000
half duration:   5.8000
latitude:       -4.1800
longitude:     127.5900
depth:          15.0000
Mrr:       1.400000e+26
Mtt:      -1.434000e+26
Mpp:       3.400000e+24
Mrt:       9.110000e+25
Mrp:       3.300000e+25
Mtp:       2.100000e+25
