 PDE 1999  8 28 12 40  6.20  -1.2900  -77.5500 196.4 5.9 0.0 ECUADOR
event name:     C082899C
time shift:      2.9000
half duration:   3.5000
latitude:       -1.3600
longitude:     -77.7500
depth:         198.2000
Mrr:      -1.205000e+25
Mtt:       6.650000e+24
Mpp:       5.400000e+24
Mrt:       1.327000e+25
Mrp:      -1.610000e+25
Mtp:      -9.860000e+24
