 PDE 1995  8 26  6 57 17.70  -5.8000  153.6300  33.0 5.3 6.1 NEW IRELAND REGION, P.N.G.
event name:     C082695C
time shift:      7.7000
half duration:   2.5000
latitude:       -5.8700
longitude:     153.7200
depth:          15.0000
Mrr:       7.696000e+24
Mtt:      -1.173000e+24
Mpp:      -6.523000e+24
Mrt:       5.187000e+24
Mrp:      -1.842000e+24
Mtp:      -8.381000e+24
