 PDE 2002  8 24 18 40 53.40  43.1100  146.1200  42.6 5.9 5.8 OFF COAST OF HOKKAIDO, JAPAN
event name:     C082402B
time shift:      5.3000
half duration:   2.8000
latitude:       42.9900
longitude:     146.1300
depth:          33.0000
Mrr:       1.255000e+25
Mtt:      -4.900000e+24
Mpp:      -7.650000e+24
Mrt:       5.380000e+24
Mrp:       9.570000e+24
Mtp:      -7.720000e+24
