 PDE 1998  8 20 15  0  8.10  51.6200  175.2500  33.0 5.6 6.0 RAT ISLANDS, ALEUTIAN ISLANDS
event name:     C082098G
time shift:      1.8000
half duration:   3.1000
latitude:       51.6100
longitude:     175.2500
depth:          16.0000
Mrr:       1.050000e+25
Mtt:      -1.075000e+25
Mpp:       2.400000e+23
Mrt:       1.851000e+25
Mrp:       5.440000e+24
Mtp:      -1.140000e+24
