 PDE 1996  8 28 16 53 11.70 -59.9900  149.9400  10.0 5.3 6.1 WEST OF MACQUARIE ISLAND
event name:     C082896E
time shift:      7.3000
half duration:   2.0000
latitude:      -60.1700
longitude:     149.9400
depth:          15.0000
Mrr:      -7.400000e+22
Mtt:       4.626000e+24
Mpp:      -4.552000e+24
Mrt:      -1.330000e+23
Mrp:       6.700000e+22
Mtp:      -5.914000e+24
