 PDE 1997  8 20 13 51 16.60 -41.7200   80.1300  10.0 5.6 6.4 MID-INDIAN RIDGE
event name:     C082097C
time shift:      8.8000
half duration:   4.0000
latitude:      -41.4300
longitude:      79.9900
depth:          15.0000
Mrr:      -1.400000e+24
Mtt:       5.719000e+25
Mpp:      -5.579000e+25
Mrt:       3.090000e+24
Mrp:       3.420000e+24
Mtp:      -8.640000e+24
