 PDE 1999  8 26  7 39 28.90  -3.5200  145.6600  33.0 5.6 6.2 NEAR N COAST OF NEW GUINEA, PNG.
event name:     C082699E
time shift:      0.8000
half duration:   2.9000
latitude:       -3.4600
longitude:     145.9500
depth:          15.0000
Mrr:      -1.600000e+23
Mtt:      -4.400000e+23
Mpp:       6.000000e+23
Mrt:       1.150000e+24
Mrp:      -1.150000e+24
Mtp:       1.719000e+25
