 PDE 1995  8 23  7  6  2.60  18.8600  145.1900 596.0 6.3 0.0 MARIANA ISLANDS
event name:     C082395A
time shift:      6.8000
half duration:   8.1000
latitude:       18.8800
longitude:     145.3000
depth:         599.2000
Mrr:      -4.003000e+26
Mtt:       7.480000e+25
Mpp:       3.254000e+26
Mrt:      -1.006000e+26
Mrp:      -1.372000e+26
Mtp:      -1.699000e+26
