 PDE 1995  8 31 17 10 37.40 -15.8300  166.4100  33.0 5.9 6.4 VANUATU ISLANDS
event name:     C083195B
time shift:      5.1000
half duration:   4.1000
latitude:      -15.7300
longitude:     166.2500
depth:          31.7000
Mrr:       4.651000e+25
Mtt:       2.080000e+24
Mpp:      -4.859000e+25
Mrt:       3.650000e+24
Mrp:      -1.285000e+25
Mtp:       2.111000e+25
