 PDE 1998  8 30  1 48  8.80  17.0900  148.1300  33.0 6.0 6.1 MARIANA ISLANDS REGION
event name:     C083098B
time shift:      2.6000
half duration:   3.6000
latitude:       17.0800
longitude:     148.4000
depth:          16.0000
Mrr:      -3.207000e+25
Mtt:      -2.330000e+24
Mpp:       3.440000e+25
Mrt:      -3.160000e+24
Mrp:       7.020000e+24
Mtp:       8.300000e+23
