 PDE 2003  8 30  0  5 39.20 -14.8000  167.2400 137.0 5.2 0.0 VANUATU ISLANDS
event name:     C083003A
time shift:      4.1000
half duration:   2.3000
latitude:      -14.8400
longitude:     167.1600
depth:         136.6000
Mrr:       3.910000e+24
Mtt:       4.160000e+24
Mpp:      -8.070000e+24
Mrt:      -4.100000e+24
Mrp:      -4.770000e+24
Mtp:       5.240000e+24
