 PDE 2003  8 31 23  8  0.30  43.3900  132.2700 481.1 5.5 0.0 PRIMOR'YE, RUSSIA
event name:     C083103C
time shift:      4.0000
half duration:   2.7000
latitude:       43.3800
longitude:     132.3700
depth:         493.0000
Mrr:       1.500000e+23
Mtt:       6.030000e+24
Mpp:      -6.180000e+24
Mrt:       1.540000e+24
Mrp:      -1.240000e+25
Mtp:      -1.070000e+25
