 PDE 1998  8 30 11 33 33.00  50.9100 -130.6600  10.0 5.4 6.0 VANCOUVER ISLAND, CANADA REGION
event name:     C083098E
time shift:      8.1000
half duration:   2.6000
latitude:       50.9800
longitude:    -130.5800
depth:          15.0000
Mrr:      -1.820000e+24
Mtt:      -5.490000e+24
Mpp:       7.310000e+24
Mrt:       2.770000e+24
Mrp:      -2.430000e+24
Mtp:       1.363000e+25
