 PDE 1996  9  9  0 20 39.10 -31.9000  -71.5600  39.0 6.0 5.5 NEAR COAST OF CENTRAL CHILE
event name:     C090996A
time shift:      6.1000
half duration:   2.4000
latitude:      -32.0600
longitude:     -71.9400
depth:          49.0000
Mrr:       7.549000e+24
Mtt:       2.167000e+24
Mpp:      -9.717000e+24
Mrt:      -2.657000e+24
Mrp:      -3.075000e+24
Mtp:       8.270000e+23
