 PDE 2004  9  8 14 58 25.80  33.1400  137.2000  21.2 6.2 5.8 NEAR S. COAST OF HONSHU, JAPAN
event name:     C090804D
time shift:      1.2000
half duration:   2.8000
latitude:       33.1400
longitude:     137.3200
depth:          12.0000
Mrr:       1.260000e+25
Mtt:      -2.170000e+25
Mpp:       9.050000e+24
Mrt:       2.300000e+24
Mrp:      -2.490000e+24
Mtp:      -4.810000e+24
