 PDE 1997  9  4  4 23 37.00 -26.5700  178.3400 624.7 6.3 0.0 SOUTH OF FIJI ISLANDS
event name:     C090497A
time shift:      5.2000
half duration:   6.3000
latitude:      -26.4500
longitude:     178.5200
depth:         621.0000
Mrr:      -9.300000e+25
Mtt:       5.690000e+25
Mpp:       3.610000e+25
Mrt:      -8.430000e+25
Mrp:      -1.738000e+26
Mtp:       1.570000e+25
