 PDE 2004  9  1 15 13 38.10 -60.9400  160.1600  10.0 4.9 5.4 MACQUARIE ISLAND REGION
event name:     C090104G
time shift:      5.7000
half duration:   2.0000
latitude:      -60.8400
longitude:     160.5600
depth:          12.0000
Mrr:      -3.460000e+23
Mtt:      -3.500000e+24
Mpp:       3.840000e+24
Mrt:      -4.440000e+23
Mrp:      -1.220000e+24
Mtp:       4.820000e+24
