 PDE 2004  9  4 23 56 35.50 -21.0100  169.2800  10.0 5.3 5.6 SOUTHEAST OF LOYALTY ISLANDS
event name:     C090404F
time shift:      6.8000
half duration:   2.0000
latitude:      -21.1900
longitude:     169.1200
depth:          20.5000
Mrr:       4.680000e+24
Mtt:       8.090000e+23
Mpp:      -5.490000e+24
Mrt:      -3.810000e+23
Mrp:      -5.080000e+24
Mtp:       1.390000e+24
