 PDE 1996  9  4 19  6 49.80   9.3600  -84.2700  33.0 5.8 5.9 COSTA RICA
event name:     C090496G
time shift:      5.8000
half duration:   3.2000
latitude:        9.3700
longitude:     -84.3600
depth:          20.0000
Mrr:       1.489000e+25
Mtt:      -1.274000e+25
Mpp:      -2.150000e+24
Mrt:       1.709000e+25
Mrp:      -5.200000e+24
Mtp:       6.190000e+24
