 PDE 1996  9  5 23 42  6.10  21.9000  121.5000  20.0 6.4 6.6 TAIWAN REGION
event name:     C090596L
time shift:     10.5000
half duration:   6.4000
latitude:       21.7800
longitude:     121.4500
depth:          30.8000
Mrr:       1.736000e+26
Mtt:      -9.800000e+24
Mpp:      -1.638000e+26
Mrt:      -1.800000e+25
Mrp:       4.660000e+25
Mtp:      -7.520000e+25
