 PDE 1996  9  5  9 46 59.40 -22.0600 -113.0800  10.0 5.6 5.9 SOUTHERN EAST PACIFIC RISE
event name:     C090596D
time shift:      9.4000
half duration:   3.1000
latitude:      -21.9400
longitude:    -112.9800
depth:          15.0000
Mrr:       7.120000e+24
Mtt:      -1.845000e+25
Mpp:       1.133000e+25
Mrt:       1.383000e+25
Mrp:       1.300000e+24
Mtp:       5.370000e+24
