 PDE 2003  9  6  2  8 13.80  -4.6200 -106.0400  10.0 5.4 5.8 CENTRAL EAST PACIFIC RISE
event name:     C090603A
time shift:      5.6000
half duration:   2.5000
latitude:       -4.4600
longitude:    -106.0100
depth:          15.0000
Mrr:      -4.000000e+23
Mtt:       4.270000e+24
Mpp:      -3.870000e+24
Mrt:       1.480000e+24
Mrp:       3.730000e+24
Mtp:       1.180000e+25
