 PDE 2001  9  2 10  6 51.50 -54.3600 -137.0200  10.0 5.6 6.3 PACIFIC-ANTARCTIC RIDGE
event name:     C090201C
time shift:      6.4000
half duration:   3.4000
latitude:      -54.3100
longitude:    -136.7500
depth:          15.0000
Mrr:      -3.870000e+24
Mtt:       2.652000e+25
Mpp:      -2.265000e+25
Mrt:       1.060000e+24
Mrp:       8.000000e+22
Mtp:       2.130000e+25
