 PDE 2001  9  7  2 45 59.00 -13.1700   97.3000  10.0 6.2 5.8 SOUTH INDIAN OCEAN
event name:     C090701A
time shift:      2.5000
half duration:   2.2000
latitude:      -13.1900
longitude:      97.2300
depth:          15.0000
Mrr:       7.624000e+24
Mtt:      -2.967000e+24
Mpp:      -4.657000e+24
Mrt:       5.280000e+23
Mrp:       3.363000e+24
Mtp:      -4.324000e+24
