 PDE 1995  9  8  1 15 28.30 -56.1700 -122.3800  10.0 5.2 6.3 SOUTHERN EAST PACIFIC RISE
event name:     C090895B
time shift:      8.8000
half duration:   3.6000
latitude:      -56.1500
longitude:    -122.6900
depth:          15.0000
Mrr:      -3.540000e+24
Mtt:       2.126000e+25
Mpp:      -1.772000e+25
Mrt:      -2.230000e+24
Mrp:      -5.250000e+24
Mtp:       3.002000e+25
