 PDE 2004  9  6 23 29 35.10  33.2100  137.2300  10.0 6.4 6.3 NEAR S. COAST OF HONSHU, JAPAN
event name:     C090604M
time shift:      7.9000
half duration:   5.0000
latitude:       33.1400
longitude:     137.2800
depth:          12.0000
Mrr:       8.090000e+25
Mtt:      -1.120000e+26
Mpp:       3.140000e+25
Mrt:      -1.220000e+25
Mrp:       3.800000e+24
Mtp:      -8.100000e+24
