 PDE 1996  9  5  8 14 14.40 -22.1200 -113.4400  10.0 6.2 7.0 EASTER ISLAND REGION
event name:     C090596B
time shift:     12.7000
half duration:   6.1000
latitude:      -22.3200
longitude:    -113.2800
depth:          16.0000
Mrr:       1.759000e+26
Mtt:      -2.174000e+26
Mpp:       4.150000e+25
Mrt:      -3.700000e+24
Mrp:       3.260000e+25
Mtp:       9.630000e+25
