 PDE 2003  9  7 13 19 20.50 -22.4700  172.1200  33.0 5.7 6.4 SOUTHEAST OF LOYALTY ISLANDS
event name:     C090703D
time shift:      9.3000
half duration:   3.5000
latitude:      -22.4000
longitude:     172.1500
depth:          18.9000
Mrr:      -3.100000e+24
Mtt:      -1.440000e+25
Mpp:       1.750000e+25
Mrt:       2.360000e+24
Mrp:       2.850000e+25
Mtp:       2.750000e+25
