 PDE 2004  9  8 11  0 18.50 -15.1500 -173.4300  12.7 5.6 5.6 TONGA ISLANDS
event name:     C090804B
time shift:      6.6000
half duration:   2.1000
latitude:      -15.0300
longitude:    -173.0400
depth:          12.0000
Mrr:       5.080000e+24
Mtt:      -3.280000e+24
Mpp:      -1.810000e+24
Mrt:      -4.860000e+24
Mrp:       2.250000e+24
Mtp:       3.500000e+24
