 PDE 2003  9  2 18 28  0.30 -15.2300 -173.2200  10.0 6.0 6.6 SAMOA ISLANDS REGION
event name:     C090203D
time shift:     10.6000
half duration:   3.5000
latitude:      -15.1400
longitude:    -172.9200
depth:          15.0000
Mrr:       8.280000e+24
Mtt:       1.580000e+25
Mpp:      -2.400000e+25
Mrt:      -3.620000e+25
Mrp:       1.650000e+25
Mtp:      -7.100000e+23
