 PDE 2004  9  9 16 33 21.70  17.7600  -81.5500  25.2 5.8 5.4 NORTH OF HONDURAS
event name:     C090904C
time shift:      1.9000
half duration:   2.3000
latitude:       17.9800
longitude:     -81.5600
depth:          15.0000
Mrr:       4.600000e+23
Mtt:      -2.620000e+24
Mpp:       2.160000e+24
Mrt:       3.870000e+24
Mrp:       7.300000e+23
Mtp:       9.160000e+24
