 PDE 1996  9  5 20 44  9.20  42.8000   17.9400  10.0 5.6 6.0 ADRIATIC SEA
event name:     C090596I
time shift:      8.1000
half duration:   2.5000
latitude:       42.7800
longitude:      17.7700
depth:          15.0000
Mrr:       1.106000e+25
Mtt:      -3.530000e+24
Mpp:      -7.540000e+24
Mrt:       3.090000e+24
Mrp:      -4.310000e+24
Mtp:       4.620000e+24
