 PDE 1997  9  3  6 22 44.30 -55.1900 -128.9900  10.0 5.1 6.0 PACIFIC-ANTARCTIC RIDGE
event name:     C090397A
time shift:      6.6000
half duration:   2.7000
latitude:      -55.2600
longitude:    -128.9800
depth:          15.0000
Mrr:      -1.050000e+24
Mtt:       9.950000e+24
Mpp:      -8.900000e+24
Mrt:       4.330000e+24
Mrp:      -8.600000e+23
Mtp:       1.342000e+25
