 PDE 2002  9  1 17 14 59.90  14.2800   51.9400  10.0 5.2 5.8 EASTERN GULF OF ADEN
event name:     C090102C
time shift:      2.9000
half duration:   2.4000
latitude:       14.4500
longitude:      51.8300
depth:          15.0000
Mrr:      -1.136000e+24
Mtt:       8.604000e+24
Mpp:      -7.468000e+24
Mrt:       2.230000e+23
Mrp:      -1.958000e+24
Mtp:       7.060000e+24
