 PDE 1998  9  3 17 37 58.20 -29.4500  -71.7100  27.0 6.2 6.6 NEAR COAST OF CENTRAL CHILE
event name:     C090398F
time shift:      7.0000
half duration:   4.5000
latitude:      -29.5600
longitude:     -71.9700
depth:          34.0000
Mrr:       3.390000e+25
Mtt:       9.010000e+24
Mpp:      -4.292000e+25
Mrt:      -2.587000e+25
Mrp:      -6.107000e+25
Mtp:       3.500000e+24
