 PDE 1998  9  2  8 37 29.90   5.4100  126.7600  50.0 6.6 6.7 MINDANAO, PHILIPPINES
event name:     C090298A
time shift:      5.1000
half duration:   6.6000
latitude:        5.4300
longitude:     126.9500
depth:          40.4000
Mrr:       1.813000e+26
Mtt:      -1.463000e+26
Mpp:      -3.500000e+25
Mrt:       5.100000e+24
Mrp:       6.280000e+25
Mtp:      -1.099000e+26
