 PDE 2004  9  6 12 42 59.40 -55.3700  -28.9800  10.0 6.0 6.5 SOUTH SANDWICH ISLANDS REGION
event name:     C090604C
time shift:      8.2000
half duration:   5.7000
latitude:      -55.4300
longitude:     -28.7900
depth:          12.0000
Mrr:       6.340000e+25
Mtt:      -6.340000e+25
Mpp:       0.000000e+00
Mrt:      -9.380000e+25
Mrp:       1.060000e+26
Mtp:       6.810000e+25
