 PDE 2004  9  7 11 53  6.10 -28.5700  -65.8400  22.3 6.1 6.1 SANTIAGO DEL ESTERO PROV., ARG.
event name:     C090704G
time shift:      5.5000
half duration:   2.9000
latitude:      -28.9100
longitude:     -65.7900
depth:          20.0000
Mrr:       1.490000e+25
Mtt:      -6.550000e+24
Mpp:      -8.390000e+24
Mrt:       4.510000e+24
Mrp:       2.700000e+24
Mtp:      -9.420000e+24
