 PDE 1998  9  7  0 39 30.20 -36.2400  -97.7100  10.0 5.2 5.7 WEST CHILE RISE
event name:     C090798B
time shift:      4.6000
half duration:   2.5000
latitude:      -36.3400
longitude:     -97.8300
depth:          15.0000
Mrr:      -1.180000e+24
Mtt:      -2.300000e+23
Mpp:       1.410000e+24
Mrt:      -3.500000e+23
Mrp:      -3.290000e+24
Mtp:      -1.336000e+25
