 PDE 2004  9  3 19  4 48.00 -15.2500 -173.3400  10.0 5.5 5.8 SAMOA ISLANDS REGION
event name:     C090304D
time shift:      7.8000
half duration:   2.5000
latitude:      -14.9800
longitude:    -173.0700
depth:          15.0000
Mrr:       1.760000e+24
Mtt:       4.540000e+24
Mpp:      -6.310000e+24
Mrt:       3.470000e+24
Mrp:       1.180000e+25
Mtp:       6.220000e+24
