 PDE 1997  9  2 12 13 22.90   3.8500  -75.7500 198.7 6.5 0.0 COLOMBIA
event name:     C090297B
time shift:     10.7000
half duration:   5.5000
latitude:        4.0000
longitude:     -75.5700
depth:         213.2000
Mrr:       1.160000e+26
Mtt:      -1.999000e+26
Mpp:       8.390000e+25
Mrt:       9.000000e+23
Mrp:      -1.260000e+25
Mtp:       2.850000e+25
