 PDE 1996  9  6 17  3 46.80  -7.3100  155.8900  33.0 5.6 6.1 SOLOMON ISLANDS
event name:     C090696K
time shift:      5.2000
half duration:   3.3000
latitude:       -7.5000
longitude:     155.8400
depth:          15.0000
Mrr:       1.967000e+25
Mtt:      -1.752000e+25
Mpp:      -2.150000e+24
Mrt:       1.538000e+25
Mrp:      -4.670000e+24
Mtp:       8.090000e+24
