 PDE 2000  9 10 19  6 15.60  -1.1100  129.3300  33.0 5.9 6.0 HALMAHERA, INDONESIA
event name:     C091000F
time shift:      2.1000
half duration:   2.7000
latitude:       -1.0700
longitude:     129.4200
depth:          15.0000
Mrr:      -1.302000e+25
Mtt:       1.531000e+25
Mpp:      -2.290000e+24
Mrt:      -1.780000e+24
Mrp:      -4.900000e+23
Mtp:       6.100000e+23
