 PDE 1998  9 14  4 43 28.90 -34.7500 -107.9800  10.0 4.9 5.3 SOUTHERN EAST PACIFIC RISE
event name:     C091498A
time shift:     12.2000
half duration:   2.5000
latitude:      -35.1300
longitude:    -107.7500
depth:          15.0000
Mrr:      -8.400000e+23
Mtt:      -3.840000e+24
Mpp:       4.680000e+24
Mrt:       6.000000e+23
Mrp:      -2.980000e+24
Mtp:      -1.335000e+25
