 PDE 2002  9 17 11 20 23.40  -3.2800  142.7700  10.0 5.7 5.9 NEAR N COAST OF NEW GUINEA, PNG.
event name:     C091702D
time shift:      5.2000
half duration:   2.3000
latitude:       -3.3200
longitude:     142.7400
depth:          15.0000
Mrr:      -3.064000e+24
Mtt:      -5.959000e+24
Mpp:       9.023000e+24
Mrt:      -8.740000e+24
Mrp:      -2.406000e+24
Mtp:       5.893000e+24
