 PDE 1996  9 11  2 37 14.90  35.5400  140.9400  55.0 6.1 5.7 NEAR EAST COAST OF HONSHU, JAPAN
event name:     C091196A
time shift:      1.8000
half duration:   3.0000
latitude:       35.6900
longitude:     141.0100
depth:          38.0000
Mrr:      -1.453000e+25
Mtt:       1.570000e+25
Mpp:      -1.180000e+24
Mrt:      -1.410000e+24
Mrp:       1.024000e+25
Mtp:      -7.270000e+24
