 PDE 1999  9 15  3  1 24.30 -20.9300  -67.2800 218.0 6.0 0.0 SOUTHERN BOLIVIA
event name:     C091599A
time shift:      7.0000
half duration:   3.9000
latitude:      -20.7300
longitude:     -67.3700
depth:         217.5000
Mrr:      -1.251000e+25
Mtt:       8.330000e+24
Mpp:       4.180000e+24
Mrt:       1.900000e+24
Mrp:      -4.102000e+25
Mtp:      -1.470000e+25
