 PDE 1997  9 17 14 50 35.30   2.1100  126.6000  33.0 5.7 5.5 NORTHERN MOLUCCA SEA
event name:     C091797B
time shift:      8.3000
half duration:   2.4000
latitude:        2.4200
longitude:     126.5900
depth:          37.5000
Mrr:       1.257000e+25
Mtt:      -2.240000e+24
Mpp:      -1.033000e+25
Mrt:      -1.990000e+24
Mrp:      -3.980000e+24
Mtp:      -4.410000e+24
