 PDE 2001  9 11 14 56 50.90  -0.5800  133.1300  33.0 5.8 6.4 IRIAN JAYA REGION, INDONESIA
event name:     C091101D
time shift:      6.8000
half duration:   4.5000
latitude:       -0.4700
longitude:     133.1800
depth:          20.0000
Mrr:       1.142000e+25
Mtt:      -3.022000e+25
Mpp:       1.880000e+25
Mrt:       2.159000e+25
Mrp:       2.801000e+25
Mtp:       4.994000e+25
