 PDE 1995  9 17 17  9 20.60 -17.2500   66.6300  10.0 5.4 6.3 MAURITIUS - REUNION REGION
event name:     C091795C
time shift:     18.5000
half duration:   5.2000
latitude:      -17.2700
longitude:      66.0600
depth:          15.0000
Mrr:      -1.605000e+25
Mtt:      -4.901000e+25
Mpp:       6.506000e+25
Mrt:      -1.167000e+25
Mrp:      -4.340000e+24
Mtp:       2.552000e+25
