 PDE 2001  9 12  8 48 37.30 -20.9900 -179.1100 608.1 5.7 0.0 FIJI ISLANDS REGION
event name:     C091201A
time shift:      7.6000
half duration:   4.2000
latitude:      -20.8400
longitude:    -178.9000
depth:         634.1000
Mrr:      -2.227000e+25
Mtt:       1.110000e+24
Mpp:       2.116000e+25
Mrt:      -3.384000e+25
Mrp:      -3.977000e+25
Mtp:       8.770000e+24
