 PDE 2000  9 12  0 27 58.60  35.3900   99.3400  10.0 5.7 6.3 QINGHAI, CHINA
event name:     C091200A
time shift:      6.0000
half duration:   3.1000
latitude:       35.5000
longitude:      99.4800
depth:          15.0000
Mrr:      -3.840000e+24
Mtt:      -7.990000e+24
Mpp:       1.183000e+25
Mrt:       2.760000e+24
Mrp:      -1.380000e+24
Mtp:       1.401000e+25
