 PDE 1997  9 15 13  5 42.70   8.1000  126.6400  50.7 5.8 5.7 MINDANAO, PHILIPPINES
event name:     C091597B
time shift:      6.2000
half duration:   2.6000
latitude:        8.0300
longitude:     126.9300
depth:          51.1000
Mrr:       1.390000e+25
Mtt:       2.900000e+23
Mpp:      -1.419000e+25
Mrt:       3.470000e+24
Mrp:       2.200000e+24
Mtp:      -4.400000e+23
