 PDE 1998  9 14 23 16 46.80  51.6200 -173.1500  33.0 5.7 6.0 ANDREANOF ISLANDS, ALEUTIAN IS.
event name:     C091498D
time shift:      2.6000
half duration:   3.1000
latitude:       51.5700
longitude:    -172.9200
depth:          20.0000
Mrr:       1.030000e+25
Mtt:      -9.840000e+24
Mpp:      -4.500000e+23
Mrt:       1.096000e+25
Mrp:       4.260000e+24
Mtp:      -3.730000e+24
