 PDE 2003  9 12  6 55 55.80  -5.2700  151.5000  50.4 5.8 5.6 NEW BRITAIN REGION, P.N.G.
event name:     C091203A
time shift:      5.9000
half duration:   2.4000
latitude:       -5.5900
longitude:     151.5900
depth:          54.0000
Mrr:       9.130000e+24
Mtt:      -1.130000e+25
Mpp:       2.150000e+24
Mrt:       4.210000e+24
Mrp:      -2.530000e+24
Mtp:      -1.460000e+24
