 PDE 2002  9 13 22 28 29.50  13.0400   93.0700  21.0 6.2 6.7 ANDAMAN ISLANDS, INDIA REGION
event name:     C091302C
time shift:      6.5000
half duration:   4.5000
latitude:       13.3300
longitude:      93.1700
depth:          22.0000
Mrr:       4.418000e+25
Mtt:       1.151000e+25
Mpp:      -5.569000e+25
Mrt:      -3.099000e+25
Mrp:       2.163000e+25
Mtp:      -6.260000e+24
