 PDE 2000  9 11 17 17 53.40 -15.8800 -173.6900 115.4 6.0 0.0 TONGA ISLANDS
event name:     C091100D
time shift:      6.9000
half duration:   3.6000
latitude:      -15.7400
longitude:    -173.3300
depth:         124.6000
Mrr:      -5.650000e+24
Mtt:      -5.790000e+24
Mpp:       1.144000e+25
Mrt:       4.720000e+24
Mrp:       2.918000e+25
Mtp:      -5.500000e+23
