 PDE 2004  9 13  3  0 12.90  44.0000  151.4100   8.0 6.0 5.4 EAST OF KURIL ISLANDS
event name:     C091304B
time shift:      3.3000
half duration:   2.1000
latitude:       44.0400
longitude:     151.6200
depth:          12.0000
Mrr:      -6.130000e+24
Mtt:       7.900000e+24
Mpp:      -1.770000e+24
Mrt:       2.230000e+24
Mrp:      -6.400000e+23
Mtp:       3.930000e+24
