 PDE 2001  9 18  2 19 30.80  -7.5100  127.7400 131.8 5.6 5.1 BANDA SEA
event name:     C091801B
time shift:      5.3000
half duration:   2.5000
latitude:       -7.4900
longitude:     127.9700
depth:         140.1000
Mrr:       6.305000e+24
Mtt:      -6.681000e+24
Mpp:       3.760000e+23
Mrt:      -6.493000e+24
Mrp:       5.744000e+24
Mtp:       1.237000e+24
