 PDE 1998  9 15  8 35 51.60  -5.6200  151.6400  83.0 5.6 0.0 NEW BRITAIN REGION, P.N.G.
event name:     C091598C
time shift:      0.5000
half duration:   3.8000
latitude:       -5.6500
longitude:     151.9200
depth:          24.4000
Mrr:       2.045000e+25
Mtt:      -2.062000e+25
Mpp:       1.600000e+23
Mrt:       2.084000e+25
Mrp:       3.990000e+24
Mtp:      -5.750000e+24
