 PDE 2003  9 11 21 58 25.50  -8.2000  156.1600  10.0 5.5 5.9 SOLOMON ISLANDS
event name:     C091103C
time shift:      6.6000
half duration:   2.4000
latitude:       -8.3800
longitude:     156.4600
depth:          15.0000
Mrr:       8.000000e+22
Mtt:       5.840000e+24
Mpp:      -5.920000e+24
Mrt:      -1.170000e+24
Mrp:      -1.700000e+23
Mtp:       9.530000e+24
