 PDE 1997  9 10 12 57  7.10 -21.3500 -174.3900  10.0 5.7 6.1 TONGA ISLANDS
event name:     C091097A
time shift:      7.5000
half duration:   2.5000
latitude:      -21.5200
longitude:    -173.6100
depth:          15.0000
Mrr:       9.041000e+24
Mtt:      -1.733000e+24
Mpp:      -7.308000e+24
Mrt:       4.517000e+24
Mrp:       8.823000e+24
Mtp:      -4.160000e+24
