 PDE 1995  9 16  1  3 38.10  -6.3100  155.2500 160.0 5.8 0.0 SOLOMON ISLANDS
event name:     C091695A
time shift:      4.5000
half duration:   1.0000
latitude:       -6.1800
longitude:     155.5000
depth:         155.5000
Mrr:      -1.330000e+25
Mtt:       8.310000e+24
Mpp:       4.990000e+24
Mrt:      -8.350000e+24
Mrp:      -7.640000e+24
Mtp:      -2.810000e+24
