 PDE 2001  9 15 15  4 34.10 -22.3900 -175.0100  10.0 5.6 6.0 TONGA ISLANDS REGION
event name:     C091501F
time shift:      6.7000
half duration:   2.3000
latitude:      -22.5500
longitude:    -174.1300
depth:          17.0000
Mrr:       6.611000e+24
Mtt:      -9.140000e+23
Mpp:      -5.697000e+24
Mrt:       2.613000e+24
Mrp:       5.486000e+24
Mtp:      -3.439000e+24
