 PDE 1996  9 14 13 10 53.90 -10.8800  165.9900  73.0 6.0 6.0 SANTA CRUZ ISLANDS
event name:     C091496G
time shift:      5.6000
half duration:   4.1000
latitude:      -10.8400
longitude:     165.9400
depth:          64.6000
Mrr:       2.887000e+25
Mtt:      -9.200000e+23
Mpp:      -2.795000e+25
Mrt:       2.637000e+25
Mrp:      -1.494000e+25
Mtp:      -2.566000e+25
