 PDE 2000  9 14 14 59 57.70 -15.7400  179.8000  33.0 5.7 6.2 FIJI ISLANDS REGION
event name:     C091400B
time shift:      4.6000
half duration:   3.0000
latitude:      -15.5900
longitude:    -179.9200
depth:          15.0000
Mrr:       5.230000e+24
Mtt:      -2.152000e+25
Mpp:       1.629000e+25
Mrt:      -4.910000e+24
Mrp:      -2.040000e+24
Mtp:       1.518000e+25
