 PDE 2000  9 12 16 27 24.60  -5.4300  101.8200  33.0 5.7 6.1 SOUTHWEST OF SUMATRA, INDONESIA
event name:     C091200G
time shift:      6.0000
half duration:   2.4000
latitude:       -5.7500
longitude:     101.7200
depth:          15.0000
Mrr:       1.072000e+25
Mtt:      -6.080000e+24
Mpp:      -4.650000e+24
Mrt:       3.960000e+24
Mrp:       3.700000e+23
Mtp:       7.950000e+24
