 PDE 2002  9 16 13 23  1.00  -3.3100  142.6800  10.0 5.9 5.9 NEAR N COAST OF NEW GUINEA, PNG.
event name:     C091602E
time shift:      5.0000
half duration:   2.4000
latitude:       -3.4700
longitude:     142.6800
depth:          15.0000
Mrr:      -5.500000e+24
Mtt:      -2.600000e+24
Mpp:       8.100000e+24
Mrt:      -1.042000e+25
Mrp:      -4.680000e+24
Mtp:       6.440000e+24
