 PDE 2004  9 11 21 52 38.30 -57.9800  -25.3400  63.9 5.8 0.0 SOUTH SANDWICH ISLANDS REGION
event name:     C091104B
time shift:      1.3000
half duration:   2.8000
latitude:      -58.1300
longitude:     -24.9300
depth:          29.0000
Mrr:       1.510000e+25
Mtt:       3.200000e+23
Mpp:      -1.550000e+25
Mrt:      -1.480000e+24
Mrp:       7.940000e+24
Mtp:       3.050000e+24
