 PDE 1999  9 17 14 54 48.70 -13.7900  167.2400 196.8 5.9 5.5 VANUATU ISLANDS
event name:     C091799A
time shift:      5.6000
half duration:   2.0000
latitude:      -13.7800
longitude:     167.0500
depth:         199.0000
Mrr:       3.111000e+25
Mtt:      -4.480000e+24
Mpp:      -2.662000e+25
Mrt:      -5.410000e+24
Mrp:      -3.560000e+24
Mtp:       8.920000e+24
