 PDE 2002  9 15  8 39 32.70  44.8300  129.9200 586.3 5.8 0.0 E. RUSSIA-N.E. CHINA BORDER REG.
event name:     C091502B
time shift:      3.6000
half duration:   3.7000
latitude:       44.7700
longitude:     130.0400
depth:         589.4000
Mrr:       7.690000e+24
Mtt:      -1.126000e+25
Mpp:       3.570000e+24
Mrt:      -1.458000e+25
Mrp:      -3.682000e+25
Mtp:      -1.131000e+25
