 PDE 2004  9 15 19 10 50.60  14.2200  120.4100 115.4 6.0 0.0 LUZON, PHILIPPINES
event name:     C091504D
time shift:      0.6000
half duration:   2.3000
latitude:       14.3900
longitude:     120.3000
depth:         106.4000
Mrr:       3.760000e+24
Mtt:      -8.700000e+23
Mpp:      -2.890000e+24
Mrt:       2.890000e+24
Mrp:      -8.920000e+24
Mtp:       2.110000e+24
