 PDE 2004  9 19 20 26  4.10  52.2100  174.0300  25.0 5.6 6.0 NEAR ISLANDS, ALEUTIAN ISLANDS
event name:     C091904F
time shift:      3.7000
half duration:   3.0000
latitude:       52.3000
longitude:     174.1200
depth:          28.0000
Mrr:       1.200000e+25
Mtt:      -1.640000e+25
Mpp:       4.430000e+24
Mrt:       1.740000e+25
Mrp:       1.200000e+25
Mtp:      -2.890000e+24
