 PDE 1995  9 22  5 39 29.00  -6.0000  146.5400  33.0 5.7 6.0 EASTERN NEW GUINEA REG., P.N.G.
event name:     C092295C
time shift:      8.6000
half duration:   3.3000
latitude:       -6.0300
longitude:     146.7400
depth:          23.3000
Mrr:      -1.210000e+24
Mtt:      -4.880000e+24
Mpp:       6.090000e+24
Mrt:       1.969000e+25
Mrp:      -1.227000e+25
Mtp:      -4.800000e+23
