 PDE 1998  9 28 19 23 23.20   3.8400  126.4100  30.1 5.8 5.9 TALAUD ISLANDS, INDONESIA
event name:     C092898E
time shift:      3.7000
half duration:   2.8000
latitude:        3.9700
longitude:     126.3300
depth:          15.8000
Mrr:       1.493000e+25
Mtt:      -4.890000e+24
Mpp:      -1.004000e+25
Mrt:       3.840000e+24
Mrp:      -9.420000e+24
Mtp:       8.990000e+24
