 PDE 1995  9 23 22 31 58.30 -10.5300  -78.7000  73.0 5.9 0.0 NEAR COAST OF PERU
event name:     C092395E
time shift:      4.0000
half duration:   4.0000
latitude:      -10.6200
longitude:     -78.4700
depth:          73.1000
Mrr:      -3.819000e+25
Mtt:       1.750000e+24
Mpp:       3.644000e+25
Mrt:       2.440000e+24
Mrp:      -4.399000e+25
Mtp:       1.740000e+24
