 PDE 1997  9 20 16 11 32.20 -28.6800 -177.6200  30.0 6.1 7.0 KERMADEC ISLANDS REGION
event name:     C092097E
time shift:     10.8000
half duration:   7.7000
latitude:      -28.8300
longitude:    -176.9900
depth:          46.4000
Mrr:       2.883000e+26
Mtt:      -6.500000e+24
Mpp:      -2.818000e+26
Mrt:       4.860000e+25
Mrp:       1.735000e+26
Mtp:      -8.130000e+25
