 PDE 1996  9 20  4 10 27.60   9.4600  126.2800  33.0 5.8 6.4 MINDANAO, PHILIPPINES
event name:     C092096E
time shift:      6.0000
half duration:   2.4000
latitude:        9.5300
longitude:     126.6600
depth:          22.0000
Mrr:       5.010000e+25
Mtt:       6.690000e+24
Mpp:      -5.680000e+25
Mrt:       1.808000e+25
Mrp:       4.907000e+25
Mtp:       4.250000e+24
