 PDE 2002  9 24 22 54 21.50 -10.5600  161.1100  10.0 5.7 6.3 SOLOMON ISLANDS
event name:     C092402H
time shift:      5.4000
half duration:   3.5000
latitude:      -10.8000
longitude:     161.2300
depth:          16.7000
Mrr:       1.899000e+25
Mtt:      -2.870000e+24
Mpp:      -1.612000e+25
Mrt:       9.910000e+24
Mrp:      -1.841000e+25
Mtp:       8.750000e+24
