 PDE 2000  9 28 23 23 43.30  -0.2200  -80.5800  22.9 5.8 6.0 NEAR COAST OF ECUADOR
event name:     C092800B
time shift:      4.8000
half duration:   3.9000
latitude:       -0.3200
longitude:     -80.7400
depth:          15.0000
Mrr:       1.798000e+25
Mtt:      -9.700000e+23
Mpp:      -1.701000e+25
Mrt:       9.620000e+24
Mrp:      -4.057000e+25
Mtp:      -5.240000e+24
