 PDE 1998  9 21 12  9 39.70 -13.5700  166.7900  33.0 6.0 6.3 VANUATU ISLANDS
event name:     C092198C
time shift:      7.7000
half duration:   3.7000
latitude:      -13.6700
longitude:     166.6700
depth:          43.0000
Mrr:       3.574000e+25
Mtt:       1.070000e+24
Mpp:      -3.681000e+25
Mrt:      -2.470000e+24
Mrp:       1.210000e+25
Mtp:       6.050000e+24
