 PDE 2002  9 20 15 43 35.50  -1.6800  134.2300  10.0 5.9 6.4 IRIAN JAYA REGION, INDONESIA
event name:     C092002D
time shift:     10.7000
half duration:   3.9000
latitude:       -1.3900
longitude:     134.2200
depth:          15.0000
Mrr:      -2.379000e+25
Mtt:      -2.670000e+25
Mpp:       5.049000e+25
Mrt:      -1.587000e+25
Mrp:      -8.770000e+24
Mtp:       2.163000e+25
