 PDE 2004  9 24 14 43 11.40  28.5700 -112.7200  10.0 5.5 5.6 GULF OF CALIFORNIA
event name:     C092404B
time shift:      2.6000
half duration:   2.1000
latitude:       28.8200
longitude:    -112.9900
depth:          12.0000
Mrr:      -5.200000e+23
Mtt:      -6.260000e+24
Mpp:       6.780000e+24
Mrt:       1.090000e+24
Mrp:      -8.600000e+23
Mtp:      -4.110000e+24
