 PDE 2002  9 24  3 57 22.30 -31.5200  -69.2000 119.6 6.2 0.0 SAN JUAN PROVINCE, ARGENTINA
event name:     C092402B
time shift:      4.1000
half duration:   3.4000
latitude:      -31.4800
longitude:     -69.1200
depth:         119.9000
Mrr:      -2.633000e+25
Mtt:       5.680000e+24
Mpp:       2.065000e+25
Mrt:       3.910000e+24
Mrp:       4.630000e+24
Mtp:       1.278000e+25
