 PDE 1997  9 26 15 48 34.30  -5.3900  128.9900 253.8 5.8 0.0 BANDA SEA
event name:     C092697G
time shift:      5.2000
half duration:   2.6000
latitude:       -5.2900
longitude:     129.1300
depth:         268.4000
Mrr:       9.600000e+24
Mtt:      -1.174000e+25
Mpp:       2.140000e+24
Mrt:      -2.040000e+24
Mrp:      -6.390000e+24
Mtp:      -4.310000e+24
