 PDE 2000  9 26  6 17 52.40 -17.1800 -173.9300  56.0 6.1 6.1 TONGA ISLANDS
event name:     C092600A
time shift:      7.5000
half duration:   3.9000
latitude:      -17.2200
longitude:    -173.2600
depth:          69.7000
Mrr:       3.249000e+25
Mtt:       4.690000e+24
Mpp:      -3.718000e+25
Mrt:      -3.800000e+23
Mrp:      -1.589000e+25
Mtp:      -1.020000e+24
