 PDE 1999  9 25 23 52 48.70  23.7400  121.1600  17.0 6.2 6.4 TAIWAN
event name:     C092599E
time shift:      5.9000
half duration:   4.2000
latitude:       23.8800
longitude:     120.8700
depth:          17.0000
Mrr:       3.742000e+25
Mtt:       1.160000e+24
Mpp:      -3.859000e+25
Mrt:      -5.160000e+24
Mrp:      -4.583000e+25
Mtp:      -6.810000e+24
