 PDE 2003  9 27 18 52 47.00  50.0900   87.7600  10.0 6.1 6.6 SOUTHWESTERN SIBERIA, RUSSIA
event name:     C092703N
time shift:      5.9000
half duration:   3.8000
latitude:       50.0900
longitude:      87.7500
depth:          15.0000
Mrr:       1.410000e+25
Mtt:      -4.230000e+25
Mpp:       2.820000e+25
Mrt:       3.470000e+24
Mrp:      -1.890000e+25
Mtp:      -1.680000e+25
