 PDE 2001  9 29  2 40  7.40 -18.5000  168.1600  33.0 5.5 6.4 VANUATU ISLANDS
event name:     C092901A
time shift:      6.4000
half duration:   3.8000
latitude:      -18.4800
longitude:     167.8700
depth:          16.0000
Mrr:       2.692000e+25
Mtt:      -1.000000e+24
Mpp:      -2.592000e+25
Mrt:       1.183000e+25
Mrp:      -2.848000e+25
Mtp:       8.410000e+24
