 PDE 2003  9 26 20 38 22.10  41.9900  144.5800  33.0 5.8 5.7 HOKKAIDO, JAPAN REGION
event name:     C092603J
time shift:      4.4000
half duration:   2.4000
latitude:       41.9200
longitude:     144.7700
depth:          22.0000
Mrr:       5.380000e+24
Mtt:      -2.440000e+24
Mpp:      -2.940000e+24
Mrt:       4.160000e+24
Mrp:       7.590000e+24
Mtp:      -3.580000e+24
