 PDE 1998  9 22  1 16 55.50  11.8200  143.1500   9.2 5.8 5.8 SOUTH OF MARIANA ISLANDS
event name:     C092298A
time shift:      6.9000
half duration:   2.4000
latitude:       11.6700
longitude:     143.2100
depth:          15.0000
Mrr:       9.640000e+24
Mtt:      -1.017000e+25
Mpp:       5.400000e+23
Mrt:       8.320000e+24
Mrp:       1.750000e+24
Mtp:      -1.900000e+24
