 PDE 1998  9 28 13 34 30.50  -8.1900  112.4100 151.6 6.4 0.0 JAVA, INDONESIA
event name:     C092898D
time shift:      6.3000
half duration:   4.8000
latitude:       -8.3600
longitude:     112.4000
depth:         153.0000
Mrr:       3.870000e+24
Mtt:       5.850000e+24
Mpp:      -9.720000e+24
Mrt:       7.356000e+25
Mrp:       1.290000e+25
Mtp:       1.906000e+25
