 PDE 2003  9 21 18 16 13.40  19.9200   95.6700  10.0 6.1 6.9 MYANMAR
event name:     C092103B
time shift:      9.1000
half duration:   4.7000
latitude:       19.8600
longitude:      95.7200
depth:          15.8000
Mrr:       1.810000e+25
Mtt:       1.510000e+25
Mpp:      -3.320000e+25
Mrt:       2.580000e+25
Mrp:      -5.600000e+23
Mtp:       7.710000e+25
