 PDE 2001  9 22  3 23 38.20   3.8700  -75.9700 178.6 6.0 0.0 COLOMBIA
event name:     C092201A
time shift:      5.0000
half duration:   2.3000
latitude:        4.0300
longitude:     -76.1700
depth:         178.0000
Mrr:       4.607000e+24
Mtt:      -8.404000e+24
Mpp:       3.797000e+24
Mrt:       4.010000e+23
Mrp:      -5.311000e+24
Mtp:       2.727000e+24
