 PDE 2002  9 20 13 33 41.60  -1.7400  134.0100  10.0 5.7 5.9 IRIAN JAYA REGION, INDONESIA
event name:     C092002A
time shift:      9.0000
half duration:   2.5000
latitude:       -1.4400
longitude:     134.1500
depth:          15.0000
Mrr:      -4.057000e+24
Mtt:      -5.778000e+24
Mpp:       9.835000e+24
Mrt:      -3.965000e+24
Mrp:      -9.390000e+23
Mtp:       9.343000e+24
