 PDE 1996  9 20 12 24 42.10   9.4500  126.5400  33.0 5.4 6.0 MINDANAO, PHILIPPINES
event name:     C092096G
time shift:     16.4000
half duration:   2.5000
latitude:        9.5200
longitude:     126.8200
depth:          15.0000
Mrr:       1.048000e+25
Mtt:       1.470000e+24
Mpp:      -1.196000e+25
Mrt:       2.170000e+24
Mrp:       7.410000e+24
Mtp:       2.020000e+24
