 PDE 2002  9 24 23  1 28.70 -10.6500  161.2100  19.0 5.7 6.5 SOLOMON ISLANDS
event name:     C092402J
time shift:      7.6000
half duration:   3.3000
latitude:      -10.8200
longitude:     161.2500
depth:          30.8000
Mrr:       2.878000e+25
Mtt:      -6.360000e+24
Mpp:      -2.242000e+25
Mrt:       1.026000e+25
Mrp:      -1.829000e+25
Mtp:       1.525000e+25
