 PDE 2000  9 22 18 22  3.20  -4.9600  102.1000  33.0 5.8 5.9 SOUTHWEST OF SUMATRA, INDONESIA
event name:     C092200E
time shift:      4.2000
half duration:   3.1000
latitude:       -5.2200
longitude:     101.8400
depth:          33.0000
Mrr:       7.000000e+22
Mtt:      -7.060000e+24
Mpp:       6.990000e+24
Mrt:       7.000000e+23
Mrp:      -6.660000e+24
Mtp:      -1.952000e+25
