 PDE 2004  9 28 15 29 53.80 -52.5100   28.0200  10.0 5.9 6.0 SOUTH OF AFRICA
event name:     C092804G
time shift:      3.5000
half duration:   3.6000
latitude:      -52.4400
longitude:      28.5900
depth:          12.0000
Mrr:      -2.040000e+24
Mtt:       2.690000e+25
Mpp:      -2.480000e+25
Mrt:       1.430000e+24
Mrp:       2.720000e+24
Mtp:       2.850000e+25
