 PDE 2004  9 24 10 34 53.50   0.4600  -26.4000  10.0 5.0 5.0 CENTRAL MID-ATLANTIC RIDGE
event name:     C092404A
time shift:      7.9000
half duration:   2.0000
latitude:        0.8700
longitude:     -25.6600
depth:          12.0000
Mrr:      -4.400000e+23
Mtt:       1.590000e+24
Mpp:      -1.150000e+24
Mrt:       2.260000e+23
Mrp:       4.220000e+23
Mtp:      -6.540000e+24
