 PDE 1999  9 28  5  0 43.00  54.5900  168.2600  33.0 5.4 6.1 KOMANDORSKIYE OSTROVA REGION
event name:     C092899B
time shift:      2.3000
half duration:   2.7000
latitude:       54.8000
longitude:     168.3200
depth:          15.0000
Mrr:      -1.557000e+25
Mtt:       2.540000e+24
Mpp:       1.303000e+25
Mrt:       4.720000e+24
Mrp:      -4.880000e+24
Mtp:      -6.620000e+24
