 PDE 2003  9 29  2 36 53.10  42.4500  144.3800  25.0 6.1 6.3 HOKKAIDO, JAPAN REGION
event name:     C092903A
time shift:      8.1000
half duration:   4.1000
latitude:       42.2900
longitude:     144.6200
depth:          35.0000
Mrr:       2.760000e+25
Mtt:      -1.740000e+25
Mpp:      -1.020000e+25
Mrt:       3.060000e+25
Mrp:       3.900000e+25
Mtp:      -1.730000e+25
