 PDE 1998  9 21  6 52 41.20   0.2600  122.4700 147.4 6.1 0.0 MINAHASSA PENINSULA, SULAWESI
event name:     C092198A
time shift:      3.9000
half duration:   2.2000
latitude:        0.4600
longitude:     122.5300
depth:         144.1000
Mrr:       7.626000e+24
Mtt:      -7.082000e+24
Mpp:      -5.440000e+23
Mrt:      -3.462000e+24
Mrp:       9.540000e+23
Mtp:       1.864000e+24
