 PDE 1996  9 20  0  3 18.30   9.6000  126.2900  33.0 5.8 6.2 MINDANAO, PHILIPPINES
event name:     C092096A
time shift:      4.6000
half duration:   4.2000
latitude:        9.5700
longitude:     126.6800
depth:          22.9000
Mrr:       3.369000e+25
Mtt:       2.080000e+24
Mpp:      -3.578000e+25
Mrt:       7.570000e+24
Mrp:       3.185000e+25
Mtp:       1.540000e+24
