 PDE 1996  9 20  4 11  4.50   9.4500  126.3300  33.0 5.9 0.0 MINDANAO, PHILIPPINES
event name:     C092096F
time shift:     -1.5000
half duration:   4.9000
latitude:        9.4500
longitude:     126.3300
depth:          15.0000
Mrr:      -5.080000e+24
Mtt:       8.820000e+24
Mpp:      -3.740000e+24
Mrt:      -2.216000e+25
Mrp:      -9.747000e+25
Mtp:      -4.170000e+24
