 PDE 2004  9 28 17 15 24.20  35.8200 -120.3600   8.8 5.4 5.8 CENTRAL CALIFORNIA
event name:     C092804H
time shift:      7.0000
half duration:   2.4000
latitude:       35.9200
longitude:    -120.5400
depth:          12.0000
Mrr:      -1.110000e+24
Mtt:      -9.940000e+24
Mpp:       1.110000e+25
Mrt:       2.600000e+24
Mrp:       2.250000e+24
Mtp:       2.200000e+24
