 PDE 2004  9 23 10  8 28.50 -15.6000 -177.2800  18.7 5.3 5.7 FIJI ISLANDS REGION
event name:     C092304C
time shift:      4.1000
half duration:   2.1000
latitude:      -15.4500
longitude:    -177.1000
depth:          15.0000
Mrr:       6.910000e+23
Mtt:      -5.620000e+24
Mpp:       4.920000e+24
Mrt:      -1.120000e+24
Mrp:       7.150000e+23
Mtp:       6.300000e+24
