 PDE 1997  9 21 18 13 22.80  -7.3600   30.3700  10.0 5.7 6.2 LAKE TANGANYIKA REGION
event name:     C092197C
time shift:      9.7000
half duration:   2.2000
latitude:       -7.2900
longitude:      30.2700
depth:          30.0000
Mrr:      -5.681000e+24
Mtt:      -6.590000e+23
Mpp:       6.340000e+24
Mrt:       1.744000e+24
Mrp:       4.500000e+24
Mtp:      -2.940000e+24
