 PDE 2003  9 21 23 15 12.10  -1.0100  -14.0600  10.0 5.0 5.4 NORTH OF ASCENSION ISLAND
event name:     C092103C
time shift:      9.2000
half duration:   2.4000
latitude:       -0.8000
longitude:     -13.7700
depth:          15.0000
Mrr:      -1.190000e+24
Mtt:       6.050000e+24
Mpp:      -4.860000e+24
Mrt:       1.430000e+24
Mrp:       2.160000e+24
Mtp:      -1.070000e+25
