 PDE 1997  9 25 14 20 48.90 -13.7600   66.2500  10.0 5.3 5.7 MID-INDIAN RIDGE
event name:     C092597B
time shift:      5.6000
half duration:   2.4000
latitude:      -13.5400
longitude:      66.1100
depth:          15.0000
Mrr:      -1.110000e+24
Mtt:      -9.230000e+24
Mpp:       1.034000e+25
Mrt:      -2.530000e+24
Mrp:       1.700000e+23
Mtp:       3.490000e+24
