 PDE 1997  9 26  9 40 26.30  43.0800   12.8100  10.0 5.7 6.0 CENTRAL ITALY
event name:     C092697C
time shift:      7.0000
half duration:   2.7000
latitude:       43.0800
longitude:      12.7800
depth:          15.0000
Mrr:      -1.067000e+25
Mtt:       4.260000e+24
Mpp:       6.400000e+24
Mrt:       1.760000e+24
Mrp:      -1.610000e+24
Mtp:      -6.110000e+24
