 PDE 2003  9 22  4 45 36.20  19.7800  -70.6700  10.0 6.2 6.6 DOMINICAN REPUBLIC REGION
event name:     C092203B
time shift:      6.4000
half duration:   4.0000
latitude:       19.9000
longitude:     -70.6100
depth:          15.0000
Mrr:       1.700000e+25
Mtt:      -1.490000e+25
Mpp:      -2.110000e+24
Mrt:      -4.490000e+25
Mrp:       2.110000e+25
Mtp:       6.530000e+24
