 PDE 1996  9 28 14 10 42.40  10.0400  125.3700 235.0 5.6 0.0 LEYTE, PHILIPPINES
event name:     C092896G
time shift:      4.2000
half duration:   3.5000
latitude:       10.1900
longitude:     125.3300
depth:         237.6000
Mrr:      -2.990000e+24
Mtt:       2.494000e+25
Mpp:      -2.194000e+25
Mrt:      -1.650000e+24
Mrp:      -5.340000e+24
Mtp:       2.557000e+25
