 PDE 2001  9 30 19  1 18.70 -18.4200  168.1200  33.0 5.4 6.2 VANUATU ISLANDS
event name:     C093001C
time shift:      6.8000
half duration:   3.2000
latitude:      -18.4900
longitude:     167.9200
depth:          22.0000
Mrr:       1.942000e+25
Mtt:      -3.100000e+23
Mpp:      -1.912000e+25
Mrt:       6.080000e+24
Mrp:      -1.201000e+25
Mtp:       5.830000e+24
