 PDE 2003  9 30 15 22 31.70 -30.4900 -177.1800  33.0 5.4 6.0 KERMADEC ISLANDS REGION
event name:     C093003J
time shift:     -0.3000
half duration:   2.3000
latitude:      -30.5400
longitude:    -176.7600
depth:          15.0000
Mrr:       5.620000e+24
Mtt:      -6.000000e+22
Mpp:      -5.560000e+24
Mrt:       4.120000e+24
Mrp:       6.710000e+24
Mtp:      -2.180000e+24
