 PDE 1997  9 30  6 27 24.80  31.9600  141.8800  10.0 5.5 6.5 SOUTHEAST OF HONSHU, JAPAN
event name:     C093097B
time shift:      9.1000
half duration:   3.1000
latitude:       31.8300
longitude:     142.0600
depth:          15.0000
Mrr:       1.450000e+25
Mtt:       7.900000e+23
Mpp:      -1.529000e+25
Mrt:      -1.500000e+23
Mrp:       1.458000e+25
Mtp:       1.400000e+24
