 PDE 2003  9 30  8  1 33.10 -60.3200  -33.4000  10.0 5.6 5.8 SCOTIA SEA
event name:     C093003E
time shift:      6.3000
half duration:   2.3000
latitude:      -60.4900
longitude:     -33.1400
depth:          15.0000
Mrr:      -1.940000e+24
Mtt:       4.100000e+24
Mpp:      -2.160000e+24
Mrt:       2.300000e+24
Mrp:       1.540000e+24
Mtp:       9.230000e+24
