 PDE 2003  9 30 14  8 37.70 -30.4400 -177.4000  10.0 5.8 6.5 KERMADEC ISLANDS REGION
event name:     C093003H
time shift:      4.7000
half duration:   3.7000
latitude:      -30.4300
longitude:    -176.8800
depth:          15.0000
Mrr:       1.830000e+25
Mtt:       1.000000e+22
Mpp:      -1.830000e+25
Mrt:       1.110000e+25
Mrp:       3.640000e+25
Mtp:      -6.020000e+24
