 PDE 2004 10  8 15 28 39.20 -56.5300  -26.8700 101.5 5.6 0.0 SOUTH SANDWICH ISLANDS REGION
event name:     C100804D
time shift:      4.1000
half duration:   1.9000
latitude:      -56.5400
longitude:     -26.7600
depth:          96.9000
Mrr:      -3.170000e+24
Mtt:       6.370000e+24
Mpp:      -3.200000e+24
Mrt:      -4.380000e+23
Mrp:      -2.480000e+24
Mtp:       1.310000e+23
