 PDE 2004 10  9 23 38 21.60 -60.7400  -50.8800  10.0 5.7 5.8 SCOTIA SEA
event name:     C100904G
time shift:      4.4000
half duration:   2.3000
latitude:      -60.8200
longitude:     -51.1900
depth:          14.2000
Mrr:      -7.340000e+24
Mtt:       8.060000e+24
Mpp:      -7.300000e+23
Mrt:      -4.000000e+22
Mrp:       4.780000e+24
Mtp:       1.880000e+24
