 PDE 2003 10  8  9  6 55.30  42.6500  144.5700  32.0 6.0 6.6 HOKKAIDO, JAPAN REGION
event name:     C100803A
time shift:      6.5000
half duration:   5.1000
latitude:       42.4800
longitude:     144.8200
depth:          36.0000
Mrr:       5.900000e+25
Mtt:      -3.470000e+25
Mpp:      -2.430000e+25
Mrt:       4.820000e+25
Mrp:       8.600000e+25
Mtp:      -4.040000e+25
