 PDE 2002 10  6 15 46 33.00  -8.2000  118.3400  10.0 5.8 6.0 SUMBAWA REGION, INDONESIA
event name:     C100602F
time shift:     11.0000
half duration:   3.0000
latitude:       -8.0800
longitude:     118.6300
depth:          20.0000
Mrr:       1.678000e+25
Mtt:      -1.745000e+25
Mpp:       6.700000e+23
Mrt:      -1.973000e+25
Mrp:      -4.220000e+24
Mtp:      -4.130000e+24
