 PDE 2000 10  6  4 30 19.10  35.4600  133.1300  10.0 5.8 6.8 WESTERN HONSHU, JAPAN
event name:     C100600A
time shift:      6.2000
half duration:   5.8000
latitude:       35.3300
longitude:     133.2000
depth:          15.0000
Mrr:      -1.210000e+25
Mtt:       1.066000e+26
Mpp:      -9.440000e+25
Mrt:      -1.520000e+25
Mrp:      -4.400000e+24
Mtp:      -6.220000e+25
