 PDE 2001 10  8 18 20 38.20  52.6300  160.2100  33.0 5.9 0.0 NEAR EAST COAST OF KAMCHATKA
event name:     C100801H
time shift:      5.9000
half duration:   3.7000
latitude:       53.0500
longitude:     160.8500
depth:          53.2000
Mrr:       3.801000e+25
Mtt:      -1.534000e+25
Mpp:      -2.267000e+25
Mrt:       1.478000e+25
Mrp:       8.090000e+24
Mtp:      -1.605000e+25
