 PDE 2001 10  8  3 39 18.00  17.0400 -100.0000  10.0 5.6 5.4 GUERRERO, MEXICO
event name:     C100801B
time shift:      7.6000
half duration:   2.1000
latitude:       17.3200
longitude:     -99.8900
depth:          15.0000
Mrr:      -6.848000e+24
Mtt:       7.260000e+24
Mpp:      -4.120000e+23
Mrt:      -1.647000e+24
Mrp:       1.453000e+24
Mtp:      -4.870000e+23
