 PDE 2003 10  9 22 19 13.90  13.7600  119.9400  33.0 5.7 5.7 PHILIPPINE ISLANDS REGION
event name:     C100903G
time shift:      2.1000
half duration:   2.4000
latitude:       13.7800
longitude:     119.8100
depth:          21.0000
Mrr:       7.390000e+24
Mtt:      -2.700000e+23
Mpp:      -7.120000e+24
Mrt:       1.710000e+24
Mrp:      -7.380000e+24
Mtp:       3.860000e+24
