 PDE 1998 10  8  4 51 42.90 -16.1200  -71.4000 136.2 6.1 0.0 SOUTHERN PERU
event name:     C100898A
time shift:      3.4000
half duration:   3.0000
latitude:      -16.0200
longitude:     -71.5900
depth:         140.6000
Mrr:      -1.223000e+25
Mtt:      -1.490000e+24
Mpp:       1.373000e+25
Mrt:       1.076000e+25
Mrp:      -8.890000e+24
Mtp:      -6.330000e+24
