 PDE 2000 10  4 16 58 44.30 -15.4200  166.9100  23.0 6.1 6.9 VANUATU ISLANDS
event name:     C100400G
time shift:      8.1000
half duration:   8.1000
latitude:      -15.5100
longitude:     166.7700
depth:          15.0000
Mrr:       2.796000e+26
Mtt:      -3.800000e+24
Mpp:      -2.759000e+26
Mrt:       1.470000e+25
Mrp:      -9.700000e+24
Mtp:       1.236000e+26
