 PDE 1995 10  9 13 43 42.80 -21.4900  170.1300 119.0 5.6 5.5 SOUTHEAST OF LOYALTY ISLANDS
event name:     C100995B
time shift:      6.1000
half duration:   3.5000
latitude:      -21.3500
longitude:     170.1000
depth:         115.1000
Mrr:      -5.060000e+24
Mtt:       7.590000e+24
Mpp:      -2.530000e+24
Mrt:       1.991000e+25
Mrp:       1.009000e+25
Mtp:       2.587000e+25
