 PDE 2003 10  1  1  3 25.20  50.2100   87.7200  10.0 6.3 7.1 SOUTHWESTERN SIBERIA, RUSSIA
event name:     C100103B
time shift:      4.8000
half duration:   5.1000
latitude:       50.2400
longitude:      87.5900
depth:          15.0000
Mrr:       2.410000e+25
Mtt:      -1.160000e+26
Mpp:       9.200000e+25
Mrt:       3.290000e+25
Mrp:      -2.390000e+25
Mtp:      -1.550000e+25
