 PDE 1996 10  1 15 50 23.60  12.4300   58.0700  10.0 5.8 5.9 OWEN FRACTURE ZONE REGION
event name:     C100196F
time shift:      7.8000
half duration:   3.6000
latitude:       12.3000
longitude:      57.8900
depth:          15.0000
Mrr:      -2.950000e+24
Mtt:      -3.773000e+25
Mpp:       4.067000e+25
Mrt:       1.509000e+25
Mrp:      -1.900000e+24
Mtp:      -2.608000e+25
