 PDE 2004 10  8 14 36  6.10  13.9300  120.5300 105.0 6.3 0.0 MINDORO, PHILIPPINES
event name:     C100804C
time shift:      3.8000
half duration:   4.0000
latitude:       13.9100
longitude:     120.5000
depth:         110.9000
Mrr:       2.870000e+25
Mtt:       6.400000e+23
Mpp:      -2.940000e+25
Mrt:       3.130000e+25
Mrp:       1.000000e+25
Mtp:       2.850000e+25
