 PDE 2000 10  5 13 39 11.70  31.7300  -40.9600  10.0 5.4 6.1 NORTHERN MID-ATLANTIC RIDGE
event name:     C100500B
time shift:      5.8000
half duration:   3.0000
latitude:       31.7400
longitude:     -40.7300
depth:          15.0000
Mrr:      -1.366000e+25
Mtt:      -8.500000e+23
Mpp:       1.451000e+25
Mrt:       6.720000e+24
Mrp:      -1.430000e+24
Mtp:       1.090000e+24
