 PDE 1996 10  6 20 13  9.10  49.0500 -127.8800  10.0 5.8 6.3 VANCOUVER ISLAND, CANADA REGION
event name:     C100696G
time shift:      4.7000
half duration:   3.0000
latitude:       48.9400
longitude:    -128.0300
depth:          15.0000
Mrr:      -2.700000e+24
Mtt:      -2.039000e+25
Mpp:       2.310000e+25
Mrt:       8.300000e+23
Mrp:       4.030000e+24
Mtp:       9.200000e+23
