 PDE 2001 10  8 18 14 26.40  52.5900  160.3200  48.5 5.9 6.4 OFF EAST COAST OF KAMCHATKA
event name:     C100801G
time shift:      5.8000
half duration:   4.2000
latitude:       52.5900
longitude:     160.5600
depth:          28.0000
Mrr:       3.708000e+25
Mtt:      -1.612000e+25
Mpp:      -2.095000e+25
Mrt:       2.455000e+25
Mrp:       3.620000e+25
Mtp:      -2.185000e+25
