 PDE 2001 10  2  0 48 18.80 -16.1800 -173.8200 106.9 5.8 0.0 TONGA ISLANDS
event name:     C100201B
time shift:      4.4000
half duration:   2.8000
latitude:      -16.2000
longitude:    -173.3600
depth:         108.9000
Mrr:      -1.404000e+25
Mtt:      -8.900000e+23
Mpp:       1.492000e+25
Mrt:      -1.900000e+24
Mrp:       7.490000e+24
Mtp:      -4.200000e+24
