 PDE 1997 10  6 12 30  5.80   9.7900  125.7800 105.6 5.9 0.0 MINDANAO, PHILIPPINES
event name:     C100697C
time shift:      5.6000
half duration:   4.2000
latitude:        9.7900
longitude:     125.9500
depth:         114.4000
Mrr:       1.671000e+25
Mtt:       1.023000e+25
Mpp:      -2.694000e+25
Mrt:       4.340000e+24
Mrp:       3.656000e+25
Mtp:       2.971000e+25
