 PDE 1998 10  3 11 15 42.70  28.5000  127.6100 226.6 5.6 0.0 NORTHWEST OF RYUKYU ISLANDS
event name:     C100398E
time shift:      3.4000
half duration:   2.9000
latitude:       28.4000
longitude:     127.6600
depth:         219.0000
Mrr:       8.890000e+24
Mtt:      -1.710000e+24
Mpp:      -7.190000e+24
Mrt:       1.002000e+25
Mrp:       9.750000e+24
Mtp:      -4.550000e+24
