 PDE 2001 10  7  2 21  9.80  -3.3000  142.9300  10.0 5.7 6.1 NEAR N COAST OF NEW GUINEA, PNG.
event name:     C100701B
time shift:      6.2000
half duration:   2.9000
latitude:       -3.2700
longitude:     143.1600
depth:          24.0000
Mrr:       2.890000e+24
Mtt:      -1.501000e+25
Mpp:       1.212000e+25
Mrt:      -5.920000e+24
Mrp:       6.700000e+23
Mtp:       1.248000e+25
