 PDE 1996 10  9 13 10 52.10  34.5600   32.1300  33.0 6.4 6.8 CYPRUS REGION
event name:     C100996B
time shift:      7.5000
half duration:   6.9000
latitude:       34.5000
longitude:      32.0900
depth:          23.0000
Mrr:      -5.100000e+25
Mtt:       1.972000e+26
Mpp:      -1.462000e+26
Mrt:       7.830000e+25
Mrp:      -8.000000e+24
Mtp:      -2.500000e+25
