 PDE 2000 10  2  2 25 31.30  -7.9800   30.7100  34.0 6.1 6.7 LAKE TANGANYIKA REGION
event name:     C100200A
time shift:      7.1000
half duration:   4.1000
latitude:       -7.7900
longitude:      30.6000
depth:          40.0000
Mrr:      -5.023000e+25
Mtt:       1.000000e+22
Mpp:       5.021000e+25
Mrt:       7.580000e+24
Mrp:      -2.337000e+25
Mtp:      -1.032000e+25
