 PDE 1995 10  6  5 23 18.50  65.1700 -148.5700   9.0 5.7 5.9 NORTHERN ALASKA
event name:     C100695B
time shift:      5.7000
half duration:   2.3000
latitude:       65.2800
longitude:    -148.5000
depth:          15.0000
Mrr:      -1.325000e+24
Mtt:      -5.856000e+24
Mpp:       7.181000e+24
Mrt:       2.220000e+24
Mrp:      -1.043000e+24
Mtp:      -8.230000e+24
