 PDE 2004 10  4 19 20 35.00  14.5500  146.9900   7.2 5.9 5.9 MARIANA ISLANDS REGION
event name:     C100404D
time shift:      6.1000
half duration:   2.4000
latitude:       14.5100
longitude:     147.3700
depth:          12.0000
Mrr:      -9.660000e+24
Mtt:      -1.150000e+24
Mpp:       1.080000e+25
Mrt:       2.320000e+24
Mrp:       1.830000e+24
Mtp:       4.400000e+24
