 PDE 2002 10  4 19  5 48.80 -20.9900 -179.0200 621.1 6.1 0.0 FIJI ISLANDS REGION
event name:     C100402E
time shift:      6.4000
half duration:   3.6000
latitude:      -20.8600
longitude:    -178.7400
depth:         650.8000
Mrr:      -2.195000e+25
Mtt:       4.370000e+24
Mpp:       1.758000e+25
Mrt:      -1.980000e+25
Mrp:      -1.661000e+25
Mtp:       1.078000e+25
