 PDE 1996 10  2  9 48  1.50  11.7600  125.4800  33.0 6.0 6.4 SAMAR, PHILIPPINES
event name:     C100296C
time shift:      5.2000
half duration:   1.0000
latitude:       11.8900
longitude:     125.7700
depth:          22.0000
Mrr:       3.130000e+25
Mtt:       1.210000e+24
Mpp:      -3.251000e+25
Mrt:       8.680000e+24
Mrp:       3.209000e+25
Mtp:       5.770000e+24
