 PDE 2004 10  9 21 26 53.70  11.4200  -86.6700  35.0 6.0 7.0 NEAR COAST OF NICARAGUA
event name:     C100904E
time shift:      8.5000
half duration:   6.9000
latitude:       11.2500
longitude:     -87.0200
depth:          39.0000
Mrr:       2.320000e+26
Mtt:      -1.510000e+26
Mpp:      -8.110000e+25
Mrt:       1.650000e+26
Mrp:      -9.410000e+25
Mtp:       1.150000e+26
