 PDE 2004 10  8  8 27 53.50 -10.9500  162.1600  36.0 6.1 6.9 SOLOMON ISLANDS
event name:     C100804B
time shift:      4.0000
half duration:   5.7000
latitude:      -10.8700
longitude:     162.2700
depth:          40.0000
Mrr:       5.490000e+25
Mtt:       4.800000e+24
Mpp:      -5.970000e+25
Mrt:       6.320000e+25
Mrp:       9.180000e+25
Mtp:       1.050000e+26
