 PDE 1997 10  5 18  4 30.00 -59.7400  -29.2000 273.9 6.0 0.0 SOUTH SANDWICH ISLANDS REGION
event name:     C100597E
time shift:      8.1000
half duration:   3.4000
latitude:      -59.9000
longitude:     -28.9200
depth:         284.5000
Mrr:      -3.481000e+25
Mtt:       1.020000e+25
Mpp:       2.461000e+25
Mrt:      -1.236000e+25
Mrp:       8.850000e+24
Mtp:      -3.740000e+24
