 PDE 1997 10  6 20 52 44.60  -9.3000  158.6900  33.0 5.7 5.9 SOLOMON ISLANDS
event name:     C100697I
time shift:      5.5000
half duration:   2.8000
latitude:       -9.5600
longitude:     159.1000
depth:          31.5000
Mrr:       7.290000e+24
Mtt:      -6.700000e+23
Mpp:      -6.620000e+24
Mrt:       4.090000e+24
Mrp:       2.470000e+24
Mtp:       1.479000e+25
