 PDE 1998 10  9 11 54 36.20  11.3200  -86.4500  68.7 5.5 5.7 NEAR COAST OF NICARAGUA
event name:     C100998C
time shift:      3.3000
half duration:   2.6000
latitude:       11.0800
longitude:     -86.9300
depth:          32.9000
Mrr:       8.053000e+24
Mtt:      -5.945000e+24
Mpp:      -2.108000e+24
Mrt:       7.739000e+24
Mrp:      -5.072000e+24
Mtp:       4.213000e+24
