 PDE 2004 10  6 22 30 57.00  -0.6700  134.4300  10.0 5.7 6.0 IRIAN JAYA REGION, INDONESIA
event name:     C100604G
time shift:      3.6000
half duration:   2.9000
latitude:       -0.5700
longitude:     134.5300
depth:          15.0000
Mrr:       8.100000e+23
Mtt:      -7.150000e+24
Mpp:       6.340000e+24
Mrt:       3.140000e+24
Mrp:       6.550000e+24
Mtp:       1.810000e+25
