 PDE 2003 10  7  4 55 28.80 -16.5300 -170.1900  10.0 6.2 5.9 SAMOA ISLANDS REGION
event name:     C100703B
time shift:      3.9000
half duration:   2.8000
latitude:      -16.5600
longitude:    -170.0100
depth:          15.0000
Mrr:       1.340000e+25
Mtt:       7.900000e+23
Mpp:      -1.420000e+25
Mrt:      -4.600000e+24
Mrp:       6.580000e+24
Mtp:       1.350000e+25
