 PDE 1998 10  1  3 41 13.10  13.7400  -45.5600  10.0 5.4 5.5 NORTHERN MID-ATLANTIC RIDGE
event name:     C100198B
time shift:      5.4000
half duration:   2.4000
latitude:       13.5900
longitude:     -45.4600
depth:          15.0000
Mrr:      -2.280000e+24
Mtt:       1.154000e+25
Mpp:      -9.270000e+24
Mrt:      -7.000000e+23
Mrp:      -2.170000e+24
Mtp:       4.620000e+24
