 PDE 2004 10  1 19 46  5.20 -22.4200  173.2700  10.0 5.4 5.4 SOUTHEAST OF LOYALTY ISLANDS
event name:     C100104F
time shift:      7.9000
half duration:   2.1000
latitude:      -22.6400
longitude:     173.3300
depth:          22.0000
Mrr:       6.930000e+24
Mtt:      -7.630000e+24
Mpp:       7.100000e+23
Mrt:       2.330000e+24
Mrp:       6.200000e+23
Mtp:      -8.000000e+23
