 PDE 1995 10  6 11 39 36.00 -20.0200 -175.9200 209.0 5.7 0.0 TONGA ISLANDS
event name:     C100695C
time shift:      6.6000
half duration:   3.7000
latitude:      -19.7900
longitude:    -175.5200
depth:         216.9000
Mrr:      -7.400000e+24
Mtt:      -2.830000e+24
Mpp:       1.023000e+25
Mrt:      -1.820000e+24
Mrp:      -3.120000e+25
Mtp:       2.426000e+25
