 PDE 1995 10  6 18  9 45.90  -2.0900  101.4100  33.0 5.8 6.9 SOUTHERN SUMATRA, INDONESIA
event name:     C100695F
time shift:      5.3000
half duration:   6.2000
latitude:       -1.9300
longitude:     101.3100
depth:          16.7000
Mrr:      -4.600000e+24
Mtt:      -1.302000e+26
Mpp:       1.347000e+26
Mrt:       3.710000e+25
Mrp:       1.720000e+25
Mtp:       4.990000e+25
