 PDE 2002 10  3 19  5 10.70  -7.5300  115.6600 315.8 6.0 0.0 BALI SEA
event name:     C100302D
time shift:      3.8000
half duration:   2.3000
latitude:       -7.5900
longitude:     115.7100
depth:         316.7000
Mrr:       5.706000e+24
Mtt:      -5.552000e+24
Mpp:      -1.550000e+23
Mrt:       8.031000e+24
Mrp:       2.370000e+24
Mtp:       4.815000e+24
