 PDE 1998 10 11 23 36 22.40 -56.9100 -142.6200  10.0 5.2 5.7 PACIFIC-ANTARCTIC RIDGE
event name:     C101198E
time shift:     11.8000
half duration:   3.2000
latitude:      -56.5900
longitude:    -142.5700
depth:          15.0000
Mrr:      -1.800000e+24
Mtt:       2.564000e+25
Mpp:      -2.384000e+25
Mrt:       6.390000e+24
Mrp:       4.700000e+23
Mtp:       1.550000e+25
