 PDE 2002 10 16 10 12 21.40  51.9500  157.3200 102.4 6.1 0.0 NEAR EAST COAST OF KAMCHATKA
event name:     C101602D
time shift:      6.2000
half duration:   3.2000
latitude:       51.8400
longitude:     157.5800
depth:         104.7000
Mrr:       2.670000e+24
Mtt:      -4.530000e+24
Mpp:       1.860000e+24
Mrt:      -1.030000e+25
Mrp:      -1.854000e+25
Mtp:      -7.400000e+24
