 PDE 2002 10 18 11 16 48.30 -57.1900 -142.7500  10.0 5.1 5.7 PACIFIC-ANTARCTIC RIDGE
event name:     C101802B
time shift:     10.2000
half duration:   2.5000
latitude:      -56.5800
longitude:    -142.3300
depth:          15.0000
Mrr:       2.300000e+23
Mtt:       1.043000e+25
Mpp:      -1.065000e+25
Mrt:       2.620000e+24
Mrp:      -2.410000e+24
Mtp:       8.460000e+24
