 PDE 1996 10 10 15 21  4.70   3.4400   97.9400  33.0 5.7 6.1 NORTHERN SUMATRA, INDONESIA
event name:     C101096F
time shift:      4.0000
half duration:   3.3000
latitude:        3.4300
longitude:      97.7800
depth:          22.8000
Mrr:      -9.700000e+23
Mtt:      -2.538000e+25
Mpp:       2.636000e+25
Mrt:      -1.000000e+24
Mrp:       5.200000e+23
Mtp:       8.600000e+24
