 PDE 2003 10 17 10 19  6.80  -5.4700  154.1500 133.0 6.2 0.0 SOLOMON ISLANDS
event name:     C101703B
time shift:      4.3000
half duration:   3.7000
latitude:       -5.5500
longitude:     154.0700
depth:         137.6000
Mrr:       4.330000e+25
Mtt:      -2.070000e+25
Mpp:      -2.260000e+25
Mrt:       1.490000e+25
Mrp:      -1.060000e+25
Mtp:       1.860000e+25
