 PDE 1996 10 19 14 44 40.70  31.8900  131.4700  22.0 6.3 6.6 KYUSHU, JAPAN
event name:     C101996D
time shift:      7.4000
half duration:   5.5000
latitude:       31.7800
longitude:     131.7800
depth:          22.0000
Mrr:       8.139000e+25
Mtt:      -2.844000e+25
Mpp:      -5.295000e+25
Mrt:       8.050000e+25
Mrp:       8.694000e+25
Mtp:      -3.585000e+25
