 PDE 2002 10 12 23 43 12.90  15.1000  118.5000  33.0 5.6 5.6 PHILIPPINE ISLANDS REGION
event name:     C101202J
time shift:     -0.3000
half duration:   2.4000
latitude:       15.3000
longitude:     118.5400
depth:          15.0000
Mrr:       8.700000e+23
Mtt:      -1.203000e+25
Mpp:       1.115000e+25
Mrt:       3.780000e+24
Mrp:      -1.300000e+23
Mtp:       3.270000e+24
