 PDE 2001 10 13 16 27  0.10   0.8400  125.9800  33.0 5.6 5.7 NORTHERN MOLUCCA SEA
event name:     C101301A
time shift:      5.5000
half duration:   2.3000
latitude:        0.8800
longitude:     125.9600
depth:          31.4000
Mrr:       4.881000e+24
Mtt:       1.886000e+24
Mpp:      -6.767000e+24
Mrt:       5.310000e+23
Mrp:      -6.926000e+24
Mtp:      -5.081000e+24
