 PDE 1999 10 13  1 33 40.10  54.6600 -161.1900  30.0 6.0 6.2 ALASKA PENINSULA
event name:     C101399A
time shift:      8.1000
half duration:   3.7000
latitude:       54.4800
longitude:    -160.7500
depth:          34.0000
Mrr:       3.116000e+25
Mtt:      -2.649000e+25
Mpp:      -4.680000e+24
Mrt:       3.217000e+25
Mrp:       2.179000e+25
Mtp:      -1.522000e+25
