 PDE 2004 10 15  4  8 50.20  24.5300  122.6900  94.0 6.4 0.0 TAIWAN REGION
event name:     C101504A
time shift:      4.7000
half duration:   4.7000
latitude:       24.4800
longitude:     122.7400
depth:         102.1000
Mrr:       4.670000e+24
Mtt:      -1.730000e+25
Mpp:       1.270000e+25
Mrt:       8.010000e+25
Mrp:      -2.080000e+25
Mtp:      -2.000000e+25
