 PDE 2001 10 12 15  2 16.80  12.6900  144.9800  37.0 6.7 7.3 SOUTH OF MARIANA ISLANDS
event name:     C101201E
time shift:      6.5000
half duration:   8.4000
latitude:       12.8800
longitude:     145.0800
depth:          42.0000
Mrr:       1.767000e+26
Mtt:       2.740000e+25
Mpp:      -2.042000e+26
Mrt:       1.307000e+26
Mrp:       2.678000e+26
Mtp:       1.121000e+26
