 PDE 1996 10 12 15 36  1.20  -7.2500  155.4700  33.0 5.4 5.9 SOLOMON ISLANDS
event name:     C101296D
time shift:      4.0000
half duration:   2.8000
latitude:       -7.4500
longitude:     155.5100
depth:          15.0000
Mrr:       1.045000e+25
Mtt:      -9.030000e+24
Mpp:      -1.430000e+24
Mrt:       1.254000e+25
Mrp:      -1.260000e+24
Mtp:       4.470000e+24
