 PDE 1995 10 18 23 25 59.70  28.1800  130.2800  33.0 5.8 5.9 RYUKYU ISLANDS, JAPAN
event name:     C101895O
time shift:      3.9000
half duration:   2.4000
latitude:       28.1800
longitude:     130.1400
depth:          27.0000
Mrr:      -8.710000e+24
Mtt:       2.810000e+24
Mpp:       5.900000e+24
Mrt:       5.180000e+24
Mrp:       1.111000e+25
Mtp:       2.580000e+24
