 PDE 1999 10 18  2 43 23.90 -56.1200  -26.5800  33.0 6.0 6.2 SOUTH SANDWICH ISLANDS REGION
event name:     C101899D
time shift:      6.0000
half duration:   3.6000
latitude:      -56.2800
longitude:     -26.2700
depth:          39.0000
Mrr:       1.147000e+25
Mtt:      -3.190000e+24
Mpp:      -8.280000e+24
Mrt:      -1.564000e+25
Mrp:       1.106000e+25
Mtp:      -2.785000e+25
