 PDE 2002 10 17  4 23 55.90 -19.8400 -178.4000 627.6 5.5 0.0 FIJI ISLANDS REGION
event name:     C101702C
time shift:      3.8000
half duration:   2.9000
latitude:      -19.8000
longitude:    -178.2300
depth:         621.9000
Mrr:       1.030000e+24
Mtt:       3.250000e+24
Mpp:      -4.280000e+24
Mrt:      -1.032000e+25
Mrp:      -1.646000e+25
Mtp:      -1.190000e+24
