 PDE 2002 10 17 17 52 44.20  -3.6000  140.2300  33.0 5.6 6.2 IRIAN JAYA, INDONESIA
event name:     C101702E
time shift:      7.0000
half duration:   3.6000
latitude:       -3.5200
longitude:     140.4200
depth:          34.0000
Mrr:       2.221000e+25
Mtt:      -1.824000e+25
Mpp:      -3.970000e+24
Mrt:      -1.994000e+25
Mrp:       1.298000e+25
Mtp:       1.114000e+25
