 PDE 2004 10 13 20 35 41.00  -6.0700  130.5300  89.9 5.9 0.0 BANDA SEA
event name:     C101304C
time shift:      1.1000
half duration:   2.0000
latitude:       -6.0600
longitude:     130.6800
depth:          90.7000
Mrr:       4.270000e+24
Mtt:      -7.680000e+24
Mpp:       3.410000e+24
Mrt:       4.520000e+23
Mrp:       1.170000e+24
Mtp:      -6.220000e+23
