 PDE 2003 10 18 22 27 13.20   0.4400  126.1000  33.0 6.1 6.1 NORTHERN MOLUCCA SEA
event name:     C101803A
time shift:      7.2000
half duration:   3.5000
latitude:        0.7200
longitude:     126.1700
depth:          32.7000
Mrr:       3.630000e+25
Mtt:       1.020000e+24
Mpp:      -3.730000e+25
Mrt:      -9.100000e+24
Mrp:      -2.370000e+24
Mtp:      -1.130000e+25
