 PDE 2002 10 13 20 55  7.50 -14.6000 -175.4200  10.0 5.8 6.0 SAMOA ISLANDS REGION
event name:     C101302A
time shift:      6.9000
half duration:   2.6000
latitude:      -14.6300
longitude:    -175.0300
depth:          15.0000
Mrr:       4.700000e+23
Mtt:       2.170000e+24
Mpp:      -2.650000e+24
Mrt:       2.960000e+24
Mrp:       2.950000e+24
Mtp:       1.203000e+25
