 PDE 1997 10 15  1  3 33.50 -30.9300  -71.2200  58.0 6.8 6.8 NEAR COAST OF CENTRAL CHILE
event name:     C101597A
time shift:      9.1000
half duration:   9.0000
latitude:      -31.0600
longitude:     -71.4200
depth:          69.8000
Mrr:      -1.588000e+26
Mtt:       1.690000e+25
Mpp:       1.419000e+26
Mrt:      -4.510000e+25
Mrp:       4.588000e+26
Mtp:      -7.990000e+25
