 PDE 1997 10 17 15  2  0.50 -20.8900 -178.8400 578.9 5.3 0.0 FIJI ISLANDS REGION
event name:     C101797C
time shift:      5.1000
half duration:   2.4000
latitude:      -20.9400
longitude:    -178.5800
depth:         588.5000
Mrr:      -1.407000e+24
Mtt:       1.558000e+24
Mpp:      -1.510000e+23
Mrt:      -7.904000e+24
Mrp:      -8.966000e+24
Mtp:      -9.500000e+22
