 PDE 1996 10 14 23 26 20.00  -7.1300  155.5700  24.0 5.9 6.9 SOLOMON ISLANDS
event name:     C101496B
time shift:     12.4000
half duration:   6.3000
latitude:       -7.2300
longitude:     155.5100
depth:          19.0000
Mrr:       1.433000e+26
Mtt:      -1.077000e+26
Mpp:      -3.560000e+25
Mrt:       6.410000e+25
Mrp:      -4.090000e+25
Mtp:       7.440000e+25
