 PDE 1997 10 17  9 55 15.20 -57.5400  147.9700  10.0 5.2 5.9 WEST OF MACQUARIE ISLAND
event name:     C101797B
time shift:     10.1000
half duration:   2.9000
latitude:      -57.6800
longitude:     148.0300
depth:          15.0000
Mrr:      -1.330000e+24
Mtt:       1.071000e+25
Mpp:      -9.370000e+24
Mrt:       2.280000e+24
Mrp:      -7.000000e+23
Mtp:      -1.836000e+25
