 PDE 1995 10 18 10 37 26.30  27.9200  130.3400  27.0 6.5 6.8 RYUKYU ISLANDS, JAPAN
event name:     C101895B
time shift:     12.4000
half duration:   8.4000
latitude:       28.0600
longitude:     130.1800
depth:          18.5000
Mrr:      -3.923000e+26
Mtt:      -3.030000e+25
Mpp:       4.225000e+26
Mrt:       2.264000e+26
Mrp:       2.828000e+26
Mtp:       1.630000e+26
