 PDE 1995 10 14  8  0 41.80 -25.5700 -177.5100  70.0 5.9 0.0 SOUTH OF FIJI ISLANDS
event name:     C101495B
time shift:     14.6000
half duration:   2.5000
latitude:      -25.5300
longitude:    -177.1700
depth:         172.1000
Mrr:       1.683000e+25
Mtt:      -1.590000e+24
Mpp:      -1.524000e+25
Mrt:      -9.600000e+24
Mrp:       7.460000e+24
Mtp:      -1.035000e+25
