 PDE 2002 10 12 20  9 11.50  -8.3000  -71.7400 534.3 6.5 0.0 WESTERN BRAZIL
event name:     C101202H
time shift:      7.0000
half duration:   6.6000
latitude:       -8.3000
longitude:     -71.6600
depth:         539.4000
Mrr:      -2.491000e+26
Mtt:       5.280000e+25
Mpp:       1.963000e+26
Mrt:      -6.390000e+25
Mrp:       2.670000e+25
Mtp:      -4.680000e+25
