 PDE 1995 10 19  2 41 37.90  28.0800  130.3100  31.0 6.3 6.8 RYUKYU ISLANDS, JAPAN
event name:     C101995B
time shift:      8.8000
half duration:   5.5000
latitude:       28.2100
longitude:     130.1600
depth:          16.8000
Mrr:      -9.950000e+25
Mtt:       2.330000e+25
Mpp:       7.620000e+25
Mrt:       2.320000e+25
Mrp:       1.143000e+26
Mtp:       4.280000e+25
