 PDE 2002 10 19  0 43 56.40  -3.6700  140.3100  33.0 5.3 5.9 IRIAN JAYA, INDONESIA
event name:     C101902B
time shift:      6.1000
half duration:   2.4000
latitude:       -3.4700
longitude:     140.4400
depth:          20.3000
Mrr:      -2.093000e+24
Mtt:      -1.657000e+24
Mpp:       3.750000e+24
Mrt:       8.916000e+24
Mrp:      -6.003000e+24
Mtp:      -1.337000e+24
