 PDE 2004 10 11 18 14 19.50 -17.2200  167.8000  25.0 5.2 5.5 VANUATU ISLANDS
event name:     C101104E
time shift:      4.1000
half duration:   2.0000
latitude:      -17.2200
longitude:     167.6600
depth:          25.9000
Mrr:       5.220000e+24
Mtt:       4.830000e+23
Mpp:      -5.700000e+24
Mrt:       1.690000e+24
Mrp:      -3.570000e+24
Mtp:       8.400000e+23
