 PDE 2002 10 14 14 12 43.80  41.1700  142.2500  61.4 5.9 0.0 HOKKAIDO, JAPAN REGION
event name:     C101402D
time shift:      2.7000
half duration:   2.8000
latitude:       41.1000
longitude:     142.2500
depth:          48.0000
Mrr:       9.780000e+24
Mtt:      -2.000000e+23
Mpp:      -9.580000e+24
Mrt:       6.240000e+24
Mrp:       1.015000e+25
Mtp:      -3.750000e+24
