 PDE 2003 10 11  0  8 49.10  41.9200  144.3600  33.0 5.9 5.7 HOKKAIDO, JAPAN REGION
event name:     C101103A
time shift:      2.3000
half duration:   2.0000
latitude:       42.0600
longitude:     144.4900
depth:          24.0000
Mrr:       2.990000e+24
Mtt:       1.210000e+24
Mpp:      -4.200000e+24
Mrt:       2.650000e+24
Mrp:       4.120000e+24
Mtp:       1.230000e+24
