 PDE 1996 10 18 10 50 20.80  30.5700  131.0900  10.0 6.0 6.6 KYUSHU, JAPAN
event name:     C101896F
time shift:     11.6000
half duration:   5.9000
latitude:       30.4700
longitude:     131.2900
depth:          22.0000
Mrr:       5.312000e+25
Mtt:      -1.816000e+25
Mpp:      -3.496000e+25
Mrt:       6.645000e+25
Mrp:       5.371000e+25
Mtp:      -2.326000e+25
