 PDE 1996 10 19 14 53 48.70 -20.4100 -178.5100 591.0 6.1 0.0 FIJI ISLANDS REGION
event name:     C101996E
time shift:      5.4000
half duration:   6.9000
latitude:      -20.4700
longitude:    -178.2400
depth:         606.1000
Mrr:      -1.932000e+26
Mtt:       1.570000e+25
Mpp:       1.774000e+26
Mrt:      -7.210000e+25
Mrp:      -1.633000e+26
Mtp:      -1.370000e+25
