 PDE 1997 10 13 13 39 37.50  36.3800   22.0700  24.0 6.2 6.6 SOUTHERN GREECE
event name:     C101397A
time shift:      9.1000
half duration:   1.0000
latitude:       36.1000
longitude:      22.0400
depth:          44.2000
Mrr:       2.896000e+25
Mtt:      -2.509000e+25
Mpp:      -3.880000e+24
Mrt:       3.362000e+25
Mrp:      -1.835000e+25
Mtp:       1.604000e+25
