 PDE 1999 10 10  7  3  4.90  -1.9900  134.2800  33.0 5.8 5.8 IRIAN JAYA REGION, INDONESIA
event name:     C101099C
time shift:      3.5000
half duration:   2.5000
latitude:       -1.8900
longitude:     134.2400
depth:          15.0000
Mrr:      -1.200000e+25
Mtt:       2.080000e+24
Mpp:       9.920000e+24
Mrt:      -5.500000e+24
Mrp:      -4.390000e+24
Mtp:       6.680000e+24
