 PDE 2003 10 28  2 33 51.50  -5.3800  151.5100  65.0 5.8 0.0 NEW BRITAIN REGION, P.N.G.
event name:     C102803A
time shift:      3.7000
half duration:   2.4000
latitude:       -5.6300
longitude:     151.6500
depth:          50.0000
Mrr:       9.210000e+24
Mtt:      -1.030000e+25
Mpp:       1.050000e+24
Mrt:       4.920000e+24
Mrp:      -4.100000e+23
Mtp:      -3.180000e+24
