 PDE 2003 10 22 11 45 30.80  -6.0600  147.7300  53.5 6.2 6.3 EASTERN NEW GUINEA REG., P.N.G.
event name:     C102203C
time shift:      6.6000
half duration:   3.3000
latitude:       -6.3000
longitude:     147.9100
depth:          52.0000
Mrr:       3.030000e+25
Mtt:      -2.870000e+25
Mpp:      -1.670000e+24
Mrt:       9.010000e+24
Mrp:      -3.620000e+24
Mtp:       1.220000e+25
