 PDE 2000 10 27  4 21 51.60  26.2700  140.4600 388.0 6.1 0.0 BONIN ISLANDS, JAPAN REGION
event name:     C102700B
time shift:      4.8000
half duration:   2.8000
latitude:       26.3100
longitude:     140.6900
depth:         387.6000
Mrr:       7.750000e+24
Mtt:      -3.420000e+24
Mpp:      -4.330000e+24
Mrt:      -1.155000e+25
Mrp:      -5.910000e+24
Mtp:       4.350000e+24
