 PDE 2000 10 21  5 25 14.90 -17.2900 -175.1800 291.8 5.1 0.0 TONGA ISLANDS
event name:     C102100B
time shift:      6.6000
half duration:   3.3000
latitude:      -17.4000
longitude:    -174.7900
depth:         299.6000
Mrr:      -1.354000e+25
Mtt:       2.360000e+24
Mpp:       1.119000e+25
Mrt:       7.190000e+24
Mrp:       2.167000e+25
Mtp:       5.850000e+24
