 PDE 1998 10 28 16 25  3.80   0.8400  125.9700  33.0 6.2 6.2 NORTHERN MOLUCCA SEA
event name:     C102898C
time shift:      7.1000
half duration:   4.7000
latitude:        1.0000
longitude:     125.9800
depth:          15.0000
Mrr:       7.100000e+24
Mtt:       5.584000e+25
Mpp:      -6.295000e+25
Mrt:       1.237000e+25
Mrp:      -9.100000e+24
Mtp:      -2.766000e+25
