 PDE 2002 10 24  6  8 38.00  -1.8800   29.0000  11.0 5.9 6.3 DEMOCRATIC REPUBLIC OF CONGO
event name:     C102402M
time shift:      4.9000
half duration:   3.2000
latitude:       -1.8600
longitude:      28.6800
depth:          15.0000
Mrr:      -2.067000e+25
Mtt:       1.590000e+24
Mpp:       1.908000e+25
Mrt:       2.570000e+24
Mrp:      -3.980000e+24
Mtp:       7.110000e+24
