 PDE 2000 10 21 11 35 59.10 -47.3500  -12.4000  10.0 5.2 5.7 SOUTHERN MID-ATLANTIC RIDGE
event name:     C102100F
time shift:     11.3000
half duration:   2.6000
latitude:      -47.4500
longitude:     -12.0000
depth:          15.0000
Mrr:      -1.990000e+24
Mtt:       6.910000e+24
Mpp:      -4.920000e+24
Mrt:      -9.500000e+23
Mrp:      -4.480000e+24
Mtp:      -1.073000e+25
