 PDE 1999 10 25 20 31 42.30 -38.7000  175.8000 158.7 5.5 0.0 NORTH ISLAND, NEW ZEALAND
event name:     C102599F
time shift:      5.9000
half duration:   2.4000
latitude:      -38.4900
longitude:     175.7800
depth:         157.6000
Mrr:       5.844000e+24
Mtt:       3.242000e+24
Mpp:      -9.086000e+24
Mrt:       9.515000e+24
Mrp:      -9.190000e+23
Mtp:      -2.240000e+24
