 PDE 2004 10 27  1 40 50.30  37.2800  138.8800  14.1 5.7 5.4 NEAR WEST COAST OF HONSHU, JAPAN
event name:     C102704A
time shift:      4.0000
half duration:   2.1000
latitude:       37.3700
longitude:     138.9600
depth:          12.0000
Mrr:       6.020000e+24
Mtt:      -1.270000e+24
Mpp:      -4.750000e+24
Mrt:      -3.780000e+24
Mrp:      -4.630000e+24
Mtp:      -2.790000e+24
