 PDE 2004 10 26 22 53  7.90 -57.0700  -24.6800  10.0 5.6 6.3 SOUTH SANDWICH ISLANDS REGION
event name:     C102604F
time shift:      8.7000
half duration:   3.1000
latitude:      -57.2800
longitude:     -24.1500
depth:          12.0000
Mrr:       1.620000e+25
Mtt:      -1.480000e+24
Mpp:      -1.480000e+25
Mrt:      -5.370000e+24
Mrp:       1.680000e+25
Mtp:       6.860000e+24
