 PDE 2000 10 25  5 26 38.90 -34.6000 -109.6500  10.0 5.6 5.7 SOUTHERN EAST PACIFIC RISE
event name:     C102500B
time shift:      8.0000
half duration:   2.8000
latitude:      -34.7600
longitude:    -109.7600
depth:          15.0000
Mrr:       2.140000e+24
Mtt:      -7.640000e+24
Mpp:       5.500000e+24
Mrt:       2.580000e+24
Mrp:      -3.330000e+24
Mtp:      -1.068000e+25
