 PDE 2000 10 25  9 32 24.00  -6.5500  105.6300  38.0 6.3 6.6 JAVA, INDONESIA
event name:     C102500D
time shift:      8.1000
half duration:   6.7000
latitude:       -7.2800
longitude:     105.4300
depth:          45.6000
Mrr:       1.376000e+26
Mtt:      -1.157000e+26
Mpp:      -2.190000e+25
Mrt:       1.030000e+26
Mrp:      -2.010000e+25
Mtp:       4.710000e+25
