 PDE 1999 10 23  2 12  5.00  -4.8100  153.4100  83.3 5.7 5.8 NEW IRELAND REGION, P.N.G.
event name:     C102399B
time shift:      2.8000
half duration:   3.2000
latitude:       -4.8300
longitude:     153.3400
depth:          42.5000
Mrr:       6.810000e+24
Mtt:      -1.040000e+24
Mpp:      -5.770000e+24
Mrt:       6.680000e+24
Mrp:      -2.676000e+25
Mtp:       6.680000e+24
