 PDE 2002 10 23 11 27 19.40  63.5100 -147.9100   4.2 6.0 6.7 CENTRAL ALASKA
event name:     C102302E
time shift:      5.3000
half duration:   5.7000
latitude:       63.5800
longitude:    -148.1300
depth:          15.8000
Mrr:      -4.000000e+24
Mtt:       3.150000e+25
Mpp:      -2.750000e+25
Mrt:      -1.600000e+24
Mrp:       2.000000e+24
Mtp:      -1.047000e+26
