 PDE 2000 10 29  8 37  8.80  -4.7700  153.9500  50.0 6.1 6.3 NEW IRELAND REGION, P.N.G.
event name:     C102900C
time shift:     10.9000
half duration:   7.7000
latitude:       -5.2100
longitude:     153.9500
depth:          92.1000
Mrr:       2.394000e+26
Mtt:      -8.880000e+25
Mpp:      -1.506000e+26
Mrt:      -1.068000e+26
Mrp:       1.378000e+26
Mtp:       1.270000e+26
