 PDE 2002 10 22 11 39  4.20 -20.6300 -178.3900 549.0 5.5 0.0 FIJI ISLANDS REGION
event name:     C102202C
time shift:      5.3000
half duration:   2.9000
latitude:      -20.5000
longitude:    -178.3000
depth:         560.5000
Mrr:      -7.310000e+24
Mtt:       4.760000e+24
Mpp:       2.550000e+24
Mrt:      -1.520000e+25
Mrp:      -8.810000e+24
Mtp:      -2.200000e+23
