 PDE 1996 10 24 19 31 53.90  66.9900 -173.2300  20.0 6.0 5.9 NEAR N. COAST OF EASTERN SIBERIA
event name:     C102496D
time shift:      4.4000
half duration:   2.7000
latitude:       67.0200
longitude:    -172.9500
depth:          17.0000
Mrr:      -8.910000e+24
Mtt:       1.473000e+25
Mpp:      -5.820000e+24
Mrt:       4.120000e+24
Mrp:       5.690000e+24
Mtp:      -4.070000e+24
