 PDE 1995 10 20 19 21 28.60  18.7700  145.3900 225.0 5.3 0.0 MARIANA ISLANDS
event name:     C102095C
time shift:      9.3000
half duration:   2.7000
latitude:       19.1900
longitude:     145.5800
depth:         207.2000
Mrr:       7.646000e+24
Mtt:       1.872000e+24
Mpp:      -9.518000e+24
Mrt:      -8.632000e+24
Mrp:      -7.640000e+23
Mtp:       8.269000e+24
