 PDE 2001 10 26 23  5 51.00 -18.4900  168.1100  33.0 5.7 6.1 VANUATU ISLANDS
event name:     C102601H
time shift:      5.3000
half duration:   2.9000
latitude:      -18.5900
longitude:     167.9000
depth:          22.0000
Mrr:       1.286000e+25
Mtt:      -7.900000e+23
Mpp:      -1.207000e+25
Mrt:       3.940000e+24
Mrp:      -8.170000e+24
Mtp:       4.160000e+24
