 PDE 2004 10 23  8 56  0.90  37.2300  138.7800  16.0 6.4 6.3 NEAR WEST COAST OF HONSHU, JAPAN
event name:     C102304D
time shift:      3.9000
half duration:   4.8000
latitude:       37.3100
longitude:     138.8300
depth:          13.0000
Mrr:       7.750000e+25
Mtt:      -1.480000e+25
Mpp:      -6.270000e+25
Mrt:      -2.170000e+25
Mrp:      -2.460000e+25
Mtp:      -3.640000e+25
