 PDE 1999 10 24  4 21 41.10  44.6100  149.4400  33.0 6.0 5.7 KURIL ISLANDS
event name:     C102499A
time shift:      5.3000
half duration:   1.0000
latitude:       44.7000
longitude:     149.5400
depth:          32.0000
Mrr:       8.133000e+24
Mtt:      -3.395000e+24
Mpp:      -4.737000e+24
Mrt:       3.249000e+24
Mrp:       5.638000e+24
Mtp:      -4.780000e+24
