 PDE 2004 10 23  9 34  5.00  37.3200  138.8100  10.0 6.0 6.0 NEAR WEST COAST OF HONSHU, JAPAN
event name:     C102304I
time shift:      4.8000
half duration:   3.6000
latitude:       37.3300
longitude:     138.6300
depth:          27.3000
Mrr:       2.800000e+25
Mtt:      -9.130000e+24
Mpp:      -1.890000e+25
Mrt:      -1.070000e+25
Mrp:      -1.470000e+25
Mtp:      -1.300000e+25
