 PDE 2004 10 27 20 34 36.80  45.7900   26.6200  95.8 5.8 0.0 ROMANIA
event name:     C102704D
time shift:      1.6000
half duration:   1.9000
latitude:       45.7300
longitude:      26.6700
depth:          93.8000
Mrr:       1.980000e+24
Mtt:       7.740000e+23
Mpp:      -2.750000e+24
Mrt:      -3.920000e+24
Mrp:      -3.880000e+24
Mtp:       5.000000e+21
