 PDE 2004 10 23  9 11 57.40  37.2400  138.6100  18.0 5.8 0.0 NEAR WEST COAST OF HONSHU, JAPAN
event name:     C102304H
time shift:      3.7000
half duration:   1.9000
latitude:       37.3800
longitude:     138.7400
depth:          16.7000
Mrr:       4.950000e+24
Mtt:      -8.880000e+23
Mpp:      -4.060000e+24
Mrt:      -2.800000e+24
Mrp:      -4.650000e+23
Mtp:      -2.390000e+24
