 PDE 2004 10 20 18 32 24.60 -14.0300  166.6100  59.8 5.6 5.9 VANUATU ISLANDS
event name:     C102004A
time shift:      0.6000
half duration:   2.5000
latitude:      -13.9800
longitude:     166.5800
depth:          24.0000
Mrr:       1.270000e+25
Mtt:      -1.900000e+23
Mpp:      -1.250000e+25
Mrt:       2.810000e+24
Mrp:      -9.400000e+23
Mtp:       4.110000e+24
