 PDE 1998 10 27 21 16 21.00   2.9200  128.6200  60.7 5.9 0.0 NORTH OF HALMAHERA, INDONESIA
event name:     C102798F
time shift:      3.8000
half duration:   1.9000
latitude:        3.2200
longitude:     128.5100
depth:          58.8000
Mrr:       5.270000e+24
Mtt:      -1.085000e+24
Mpp:      -4.185000e+24
Mrt:      -2.169000e+24
Mrp:      -3.391000e+24
Mtp:      -2.454000e+24
