 PDE 2001 10 31  9 10 20.00  -5.9100  150.2000  33.0 5.9 6.9 NEW BRITAIN REGION, P.N.G.
event name:     C103101C
time shift:     12.6000
half duration:   7.5000
latitude:       -6.2700
longitude:     150.3300
depth:          35.0000
Mrr:       2.190000e+26
Mtt:      -2.359000e+26
Mpp:       1.690000e+25
Mrt:       1.864000e+26
Mrp:       3.300000e+25
Mtp:      -2.960000e+25
