 PDE 2002 10 31  1 35 16.70  -3.4400  148.6400  10.0 5.3 6.0 BISMARCK SEA
event name:     C103102A
time shift:      3.5000
half duration:   3.0000
latitude:       -3.3800
longitude:     148.9500
depth:          15.0000
Mrr:      -7.800000e+23
Mtt:       9.250000e+24
Mpp:      -8.470000e+24
Mrt:      -4.190000e+24
Mrp:      -1.850000e+24
Mtp:       1.131000e+25
