 PDE 2000 10 31 18 43 20.90 -17.8700 -175.3100  33.0 5.8 5.9 TONGA ISLANDS
event name:     C103100F
time shift:      3.4000
half duration:   3.7000
latitude:      -18.0100
longitude:    -174.7900
depth:          15.5000
Mrr:      -2.420000e+25
Mtt:       1.673000e+25
Mpp:       7.470000e+24
Mrt:      -2.300000e+23
Mrp:      -6.300000e+23
Mtp:       1.209000e+25
