 PDE 1999 11  8 16 45 43.00  36.5200   71.2400 228.4 6.2 0.0 HINDU KUSH REGION, AFGHANISTAN
event name:     C110899D
time shift:      3.2000
half duration:   4.1000
latitude:       36.4800
longitude:      70.8100
depth:         237.2000
Mrr:       5.054000e+25
Mtt:      -5.240000e+24
Mpp:      -4.530000e+25
Mrt:       8.730000e+24
Mrp:       3.751000e+25
Mtp:      -1.587000e+25
