 PDE 2000 11  7  0 18  4.90 -55.6300  -29.8800  10.0 0.0 6.7 SOUTH SANDWICH ISLANDS REGION
event name:     C110700A
time shift:      9.3000
half duration:   6.2000
latitude:      -55.3400
longitude:     -29.2400
depth:          16.0000
Mrr:       1.182000e+26
Mtt:      -1.156000e+26
Mpp:      -2.600000e+24
Mrt:      -1.100000e+26
Mrp:       1.050000e+25
Mtp:       3.340000e+25
