 PDE 2001 11  9  0 47 55.00   9.6400  -82.3000  10.0 6.1 5.7 PANAMA-COSTA RICA BORDER REGION
event name:     C110901A
time shift:      8.1000
half duration:   2.6000
latitude:        9.9100
longitude:     -82.1000
depth:          17.0000
Mrr:       1.003000e+25
Mtt:      -8.630000e+24
Mpp:      -1.410000e+24
Mrt:       8.340000e+24
Mrp:       4.200000e+23
Mtp:       5.980000e+24
