 PDE 1996 11  6 20  0 58.80  28.0000  143.5400   9.0 6.4 6.5 BONIN ISLANDS, JAPAN REGION
event name:     C110696M
time shift:      8.5000
half duration:   4.6000
latitude:       28.1100
longitude:     143.7200
depth:          15.0000
Mrr:      -7.675000e+25
Mtt:       1.622000e+25
Mpp:       6.053000e+25
Mrt:       9.400000e+23
Mrp:       1.026000e+25
Mtp:      -3.526000e+25
