 PDE 2003 11  9 19 52 36.80  -0.6700  -19.6900  10.0 5.5 6.0 CENTRAL MID-ATLANTIC RIDGE
event name:     C110903F
time shift:     15.4000
half duration:   4.8000
latitude:       -0.2700
longitude:     -19.2600
depth:          15.0000
Mrr:      -4.150000e+24
Mtt:       3.480000e+25
Mpp:      -3.070000e+25
Mrt:       9.650000e+24
Mrp:      -2.020000e+25
Mtp:      -8.410000e+25
