 PDE 1999 11  1 17 53  0.10  23.3800  121.5200  33.0 6.1 6.1 TAIWAN
event name:     C110199B
time shift:      4.8000
half duration:   3.6000
latitude:       23.3800
longitude:     121.5900
depth:          46.0000
Mrr:       2.971000e+25
Mtt:      -4.270000e+24
Mpp:      -2.544000e+25
Mrt:      -1.350000e+24
Mrp:       1.068000e+25
Mtp:      -1.396000e+25
