 PDE 1997 11  3 19 17 58.90  -6.7400  129.0200 215.6 5.7 0.0 BANDA SEA
event name:     C110397H
time shift:      3.3000
half duration:   2.5000
latitude:       -6.7200
longitude:     129.1100
depth:         221.0000
Mrr:       1.068000e+25
Mtt:      -1.476000e+25
Mpp:       4.080000e+24
Mrt:      -5.760000e+24
Mrp:       5.360000e+24
Mtp:       4.500000e+24
