 PDE 1996 11  5  9 41 34.70 -31.1600  180.0000 369.0 5.9 0.0 KERMADEC ISLANDS REGION
event name:     C110596B
time shift:      5.7000
half duration:   5.8000
latitude:      -30.9500
longitude:    -179.7300
depth:         366.7000
Mrr:      -1.141000e+26
Mtt:      -2.440000e+25
Mpp:       1.385000e+26
Mrt:      -6.680000e+25
Mrp:       3.330000e+25
Mtp:       3.370000e+25
