 PDE 1995 11  5 16 30  0.90  -4.9300  103.2300  58.0 6.3 6.1 SOUTHERN SUMATRA, INDONESIA
event name:     C110595E
time shift:      3.9000
half duration:   3.8000
latitude:       -5.4300
longitude:     102.9700
depth:          43.0000
Mrr:       2.426000e+25
Mtt:      -1.952000e+25
Mpp:      -4.740000e+24
Mrt:       2.414000e+25
Mrp:      -1.141000e+25
Mtp:       1.394000e+25
