 PDE 2004 11  7  2  2 26.20  47.9500  144.4800 474.0 5.4 0.0 SEA OF OKHOTSK
event name:     C110704A
time shift:      3.4000
half duration:   2.8000
latitude:       47.9300
longitude:     144.5200
depth:         493.0000
Mrr:       6.730000e+24
Mtt:       9.500000e+24
Mpp:      -1.620000e+25
Mrt:      -8.710000e+24
Mrp:       3.880000e+24
Mtp:      -6.230000e+24
