 PDE 2002 11  2  9 46 46.70   2.9500   96.3900  27.0 5.9 6.4 NORTHERN SUMATRA, INDONESIA
event name:     C110202J
time shift:      6.7000
half duration:   3.3000
latitude:        2.8900
longitude:      96.0500
depth:          27.0000
Mrr:       1.109000e+25
Mtt:      -3.040000e+24
Mpp:      -8.050000e+24
Mrt:       1.104000e+25
Mrp:      -2.783000e+25
Mtp:       8.530000e+24
