 PDE 2004 11  5 17 31 32.90 -18.5800  168.9700 186.7 5.3 0.0 VANUATU ISLANDS
event name:     C110504C
time shift:      3.9000
half duration:   1.7000
latitude:      -18.6800
longitude:     168.8400
depth:         207.9000
Mrr:      -1.480000e+24
Mtt:       3.370000e+24
Mpp:      -1.890000e+24
Mrt:       2.170000e+24
Mrp:       2.190000e+24
Mtp:      -1.140000e+24
