 PDE 2003 11  6 10 38  4.30 -19.2600  168.8900 113.7 6.0 0.0 VANUATU ISLANDS
event name:     C110603C
time shift:      5.4000
half duration:   4.6000
latitude:      -19.4100
longitude:     168.8200
depth:         114.3000
Mrr:       3.840000e+25
Mtt:       1.620000e+25
Mpp:      -5.450000e+25
Mrt:       1.200000e+25
Mrp:      -6.310000e+25
Mtp:       4.050000e+25
