 PDE 1995 11  1  0 35 32.30 -28.9600  -71.5000  20.0 6.3 6.4 NEAR COAST OF CENTRAL CHILE
event name:     C110195A
time shift:      8.3000
half duration:   5.2000
latitude:      -29.1100
longitude:     -71.6800
depth:          22.0000
Mrr:       7.870000e+25
Mtt:       8.300000e+24
Mpp:      -8.700000e+25
Mrt:       2.831000e+25
Mrp:      -7.203000e+25
Mtp:       1.021000e+25
