 PDE 1995 11  8  7 14 18.50   1.8500   95.0600  33.0 6.1 6.9 OFF W COAST OF NORTHERN SUMATRA
event name:     C110895A
time shift:      7.5000
half duration:   7.1000
latitude:        2.0000
longitude:      94.7700
depth:          29.6000
Mrr:      -5.610000e+25
Mtt:      -7.220000e+25
Mpp:       1.283000e+26
Mrt:       5.280000e+25
Mrp:      -3.240000e+25
Mtp:      -2.387000e+26
