 PDE 2000 11  8  6 59 58.90   7.0400  -77.8300  17.0 6.0 6.4 PANAMA-COLOMBIA BORDER REGION
event name:     C110800A
time shift:     16.8000
half duration:   5.3000
latitude:        7.1200
longitude:     -77.9900
depth:          17.0000
Mrr:       3.619000e+25
Mtt:       6.730000e+24
Mpp:      -4.292000e+25
Mrt:       1.060000e+24
Mrp:      -5.588000e+25
Mtp:       1.819000e+25
