 PDE 2004 11  3  8 31 43.70  14.4700  146.8400  10.0 5.6 5.8 MARIANA ISLANDS REGION
event name:     C110304D
time shift:      9.9000
half duration:   2.3000
latitude:       14.3200
longitude:     147.0900
depth:          15.0000
Mrr:      -8.370000e+24
Mtt:      -8.400000e+23
Mpp:       9.210000e+24
Mrt:       8.100000e+23
Mrp:      -3.940000e+24
Mtp:       2.690000e+24
