 PDE 2000 11  1  4 27 45.50  -7.9500  -74.4200 150.9 5.9 0.0 PERU-BRAZIL BORDER REGION
event name:     C110100A
time shift:      4.2000
half duration:   2.2000
latitude:       -7.9900
longitude:     -74.3500
depth:         153.1000
Mrr:       5.570000e+23
Mtt:      -4.450000e+23
Mpp:      -1.120000e+23
Mrt:       2.280000e+24
Mrp:      -7.147000e+24
Mtp:      -1.583000e+24
