 PDE 2000 11  1 10 35 55.00 -45.0700  167.0100  24.5 5.8 5.9 OFF W. COAST OF S. ISLAND, N.Z.
event name:     C110100B
time shift:      6.9000
half duration:   3.1000
latitude:      -45.0200
longitude:     166.7000
depth:          20.0000
Mrr:       1.098000e+25
Mtt:       3.950000e+24
Mpp:      -1.493000e+25
Mrt:       4.300000e+24
Mrp:      -7.910000e+24
Mtp:      -3.330000e+24
