 PDE 1997 11  9 22 56 42.80  13.8500  -88.8100 176.4 5.6 0.0 EL SALVADOR
event name:     C110997C
time shift:      8.5000
half duration:   3.8000
latitude:       13.8800
longitude:     -89.3000
depth:         178.1000
Mrr:       2.072000e+25
Mtt:      -1.090000e+25
Mpp:      -9.810000e+24
Mrt:       2.379000e+25
Mrp:      -2.385000e+25
Mtp:       7.360000e+24
