 PDE 1998 11  9  5 38 44.20  -6.9200  128.9500  33.0 6.4 7.0 BANDA SEA
event name:     C110998C
time shift:      4.4000
half duration:   8.9000
latitude:       -6.9400
longitude:     128.9500
depth:          24.6000
Mrr:       3.410000e+26
Mtt:      -3.742000e+26
Mpp:       3.320000e+25
Mrt:       1.375000e+26
Mrp:       6.570000e+25
Mtp:       4.410000e+25
