 PDE 2004 11  8 15 55  1.10  24.1000  122.5400  29.0 5.9 6.1 TAIWAN REGION
event name:     C110804I
time shift:      4.6000
half duration:   3.3000
latitude:       23.8600
longitude:     122.4300
depth:          33.0000
Mrr:       1.330000e+25
Mtt:      -1.920000e+25
Mpp:       5.810000e+24
Mrt:       2.340000e+25
Mrp:       1.360000e+25
Mtp:      -3.390000e+24
