 PDE 2003 11  1 13 10  7.70  37.7400  143.0800  10.0 5.9 5.5 OFF EAST COAST OF HONSHU, JAPAN
event name:     C110103D
time shift:      4.6000
half duration:   2.1000
latitude:       37.7700
longitude:     143.2700
depth:          15.0000
Mrr:       2.220000e+24
Mtt:       1.310000e+23
Mpp:      -2.350000e+24
Mrt:       2.580000e+24
Mrp:       6.420000e+24
Mtp:      -5.030000e+23
