 PDE 2001 11  5 23  7 11.70 -17.2900 -179.2500 564.1 5.4 0.0 FIJI ISLANDS REGION
event name:     C110501D
time shift:      5.9000
half duration:   3.3000
latitude:      -17.1200
longitude:    -178.9600
depth:         579.7000
Mrr:      -1.580000e+25
Mtt:       2.530000e+25
Mpp:      -9.500000e+24
Mrt:       9.550000e+24
Mrp:      -3.340000e+24
Mtp:       1.453000e+25
