 PDE 2000 11  7  7 50  9.70  -5.4300  154.0200  90.5 5.4 0.0 SOLOMON ISLANDS
event name:     C110700E
time shift:      4.9000
half duration:   3.2000
latitude:       -5.3900
longitude:     154.1800
depth:          89.7000
Mrr:       1.959000e+25
Mtt:      -6.510000e+24
Mpp:      -1.307000e+25
Mrt:      -1.110000e+25
Mrp:       9.750000e+24
Mtp:       9.830000e+24
