 PDE 2002 11  9  0 14 18.10  13.7400  -91.1900  33.0 5.4 5.6 NEAR COAST OF GUATEMALA
event name:     C110902A
time shift:      5.4000
half duration:   2.3000
latitude:       13.7600
longitude:     -91.6400
depth:          19.0000
Mrr:       7.913000e+24
Mtt:      -6.880000e+24
Mpp:      -1.033000e+24
Mrt:       6.113000e+24
Mrp:      -4.171000e+24
Mtp:       3.093000e+24
