 PDE 2004 11  5  5 18 35.00  -4.3600  143.9300 125.7 5.7 0.0 NEW GUINEA, PAPUA NEW GUINEA
event name:     C110504A
time shift:      3.3000
half duration:   2.3000
latitude:       -4.3600
longitude:     143.9500
depth:         128.7000
Mrr:       7.990000e+24
Mtt:      -5.650000e+24
Mpp:      -2.330000e+24
Mrt:       7.150000e+24
Mrp:      -4.100000e+23
Mtp:       6.100000e+23
