 PDE 1998 11  9  5 30 14.40  -6.9500  129.0200  33.0 6.1 0.0 BANDA SEA
event name:     C110998B
time shift:      7.1000
half duration:   6.1000
latitude:       -7.0500
longitude:     128.7500
depth:          15.4000
Mrr:       8.870000e+25
Mtt:      -1.600000e+26
Mpp:       7.130000e+25
Mrt:      -1.160000e+25
Mrp:      -2.390000e+25
Mtp:       4.680000e+25
