 PDE 2002 11  3  3 37 42.10  38.8900  141.9800  39.0 5.7 6.1 NEAR EAST COAST OF HONSHU, JAPAN
event name:     C110302C
time shift:      6.6000
half duration:   4.2000
latitude:       38.8400
longitude:     142.1400
depth:          44.0000
Mrr:       2.919000e+25
Mtt:      -1.230000e+24
Mpp:      -2.796000e+25
Mrt:       1.803000e+25
Mrp:       3.514000e+25
Mtp:      -9.330000e+24
