 PDE 1996 11  7  6 10 16.70   9.7800  126.3400  33.0 5.7 6.0 MINDANAO, PHILIPPINES
event name:     C110796C
time shift:      5.5000
half duration:   2.5000
latitude:        9.9300
longitude:     126.7900
depth:          28.9000
Mrr:       1.144000e+25
Mtt:       8.500000e+23
Mpp:      -1.229000e+25
Mrt:       2.380000e+24
Mrp:       1.015000e+25
Mtp:       3.000000e+23
