 PDE 2002 11  7 15 14  6.80  51.2000  179.3300  33.0 5.8 6.4 RAT ISLANDS, ALEUTIAN ISLANDS
event name:     C110702B
time shift:      6.9000
half duration:   5.2000
latitude:       51.2000
longitude:     179.2900
depth:          28.0000
Mrr:       6.060000e+25
Mtt:      -6.471000e+25
Mpp:       4.110000e+24
Mrt:       6.384000e+25
Mrp:       3.234000e+25
Mtp:      -1.852000e+25
