 PDE 2004 11  2 10  2 12.80  49.2800 -128.7700  10.0 5.8 6.4 VANCOUVER ISLAND, CANADA REGION
event name:     C110204F
time shift:      3.7000
half duration:   4.7000
latitude:       49.1700
longitude:    -129.1300
depth:          19.0000
Mrr:      -5.500000e+24
Mtt:      -8.190000e+25
Mpp:       8.740000e+25
Mrt:       1.120000e+25
Mrp:       3.800000e+24
Mtp:      -9.500000e+24
