 PDE 1998 11  8  7 25 48.50  -9.1400  121.4200  33.0 6.0 5.9 SAVU SEA
event name:     C110898D
time shift:      9.4000
half duration:   3.7000
latitude:       -9.1900
longitude:     121.7300
depth:          64.0000
Mrr:      -8.320000e+24
Mtt:       1.117000e+25
Mpp:      -2.850000e+24
Mrt:       3.584000e+25
Mrp:       5.840000e+24
Mtp:      -7.710000e+24
