 PDE 2004 11  9 23 58 23.60 -11.1500  163.7100  13.0 6.6 6.7 SOLOMON ISLANDS
event name:     C110904F
time shift:      8.7000
half duration:   6.9000
latitude:      -11.3500
longitude:     163.7000
depth:          12.0000
Mrr:      -1.610000e+26
Mtt:       7.900000e+25
Mpp:       8.200000e+25
Mrt:      -1.250000e+26
Mrp:       1.240000e+25
Mtp:       2.100000e+26
