 PDE 1996 11  4 17 24 57.40   7.3100  -77.3900  14.0 6.0 6.0 PANAMA-COLOMBIA BORDER REGION
event name:     C110496I
time shift:      6.8000
half duration:   3.2000
latitude:        7.4700
longitude:     -77.2100
depth:          15.0000
Mrr:       2.015000e+25
Mtt:      -4.510000e+24
Mpp:      -1.564000e+25
Mrt:       1.579000e+25
Mrp:       3.200000e+23
Mtp:      -1.872000e+25
