 PDE 1996 11 17 21 11 20.20 -22.2000 -179.7000 592.0 5.5 0.0 SOUTH OF FIJI ISLANDS
event name:     C111796H
time shift:      4.7000
half duration:   2.5000
latitude:      -22.2200
longitude:    -179.5700
depth:         602.2000
Mrr:       1.990000e+24
Mtt:       8.260000e+24
Mpp:      -1.025000e+25
Mrt:       2.630000e+24
Mrp:      -7.750000e+24
Mtp:       1.100000e+24
