 PDE 2004 11 11 10  2 47.30  42.1400  144.3400  32.8 5.9 6.0 HOKKAIDO, JAPAN REGION
event name:     C111104E
time shift:      2.4000
half duration:   2.6000
latitude:       42.0600
longitude:     144.7300
depth:          37.0000
Mrr:       9.020000e+24
Mtt:      -3.920000e+24
Mpp:      -5.100000e+24
Mrt:       4.510000e+24
Mrp:       1.170000e+25
Mtp:      -5.970000e+24
