 PDE 1999 11 18 14 27 42.80   0.5200  126.0700  33.0 5.9 5.6 NORTHERN MOLUCCA SEA
event name:     C111899E
time shift:      7.4000
half duration:   2.3000
latitude:        0.7500
longitude:     125.9600
depth:          42.0000
Mrr:       1.004000e+25
Mtt:       4.900000e+23
Mpp:      -1.053000e+25
Mrt:      -5.000000e+22
Mrp:      -3.090000e+24
Mtp:      -2.620000e+24
