 PDE 2003 11 18 17 14 22.60  12.0200  125.4200  35.0 6.1 6.5 SAMAR, PHILIPPINES
event name:     C111803F
time shift:      3.5000
half duration:   4.3000
latitude:       12.1100
longitude:     125.5800
depth:          36.6000
Mrr:       6.470000e+25
Mtt:      -1.720000e+25
Mpp:      -4.750000e+25
Mrt:      -7.910000e+24
Mrp:      -1.700000e+25
Mtp:      -3.250000e+25
