 PDE 1996 11 14 13 47 38.10 -21.2400 -176.6200 192.0 5.9 0.0 FIJI ISLANDS REGION
event name:     C111496H
time shift:      4.9000
half duration:   2.9000
latitude:      -21.2900
longitude:    -176.1000
depth:         202.2000
Mrr:      -1.373000e+25
Mtt:       2.090000e+24
Mpp:       1.164000e+25
Mrt:      -9.900000e+23
Mrp:      -1.037000e+25
Mtp:       8.840000e+24
