 PDE 2004 11 12  6 36 16.80 -26.7000  -63.3200 568.7 5.8 0.0 SANTIAGO DEL ESTERO PROV., ARG.
event name:     C111204H
time shift:      3.4000
half duration:   2.6000
latitude:      -26.8500
longitude:     -63.1800
depth:         583.1000
Mrr:      -1.120000e+25
Mtt:      -9.000000e+23
Mpp:       1.210000e+25
Mrt:      -2.490000e+24
Mrp:       5.850000e+24
Mtp:       3.240000e+24
