 PDE 1997 11 15 18 59 24.30 -15.1500  167.3800 123.1 6.4 0.0 VANUATU ISLANDS
event name:     C111597D
time shift:      8.5000
half duration:   7.7000
latitude:      -14.9200
longitude:     167.2100
depth:         121.8000
Mrr:       3.922000e+26
Mtt:       2.070000e+25
Mpp:      -4.130000e+26
Mrt:      -7.440000e+25
Mrp:      -4.540000e+25
Mtp:      -5.710000e+25
