 PDE 2004 11 17 21  9 13.10 -20.0700 -178.7100 622.6 5.9 0.0 FIJI ISLANDS REGION
event name:     C111704G
time shift:      6.4000
half duration:   4.3000
latitude:      -19.8700
longitude:    -178.4000
depth:         629.4000
Mrr:       1.680000e+25
Mtt:      -1.460000e+25
Mpp:      -2.180000e+24
Mrt:      -5.370000e+25
Mrp:      -4.470000e+25
Mtp:      -8.650000e+24
