 PDE 2003 11 12  8 26 43.70  33.1700  137.0700 384.9 6.1 0.0 NEAR S. COAST OF HONSHU, JAPAN
event name:     C111203E
time shift:      3.5000
half duration:   3.6000
latitude:       33.3100
longitude:     137.0900
depth:         381.8000
Mrr:       1.520000e+25
Mtt:       1.170000e+25
Mpp:      -2.690000e+25
Mrt:       1.440000e+25
Mrp:      -2.720000e+25
Mtp:      -1.060000e+25
