 PDE 2000 11 18  6 54 58.30  -5.2300  151.7700  33.0 6.2 6.6 NEW BRITAIN REGION, P.N.G.
event name:     C111800H
time shift:     11.8000
half duration:   6.1000
latitude:       -5.4300
longitude:     151.8500
depth:          50.0000
Mrr:       1.417000e+26
Mtt:      -1.404000e+26
Mpp:      -1.200000e+24
Mrt:       5.130000e+25
Mrp:      -7.300000e+24
Mtp:      -4.950000e+25
