 PDE 1998 11 19 15 39 19.10  22.6000  125.7800  10.0 5.8 6.0 SOUTHEAST OF TAIWAN
event name:     C111998D
time shift:      2.8000
half duration:   3.6000
latitude:       22.5800
longitude:     125.7800
depth:          16.0000
Mrr:      -1.128000e+25
Mtt:       3.829000e+25
Mpp:      -2.701000e+25
Mrt:      -7.400000e+23
Mrp:      -1.100000e+24
Mtp:       1.190000e+24
