 PDE 1999 11 17  3 27 42.10  -5.9800  148.8200  47.5 5.9 7.0 NEW BRITAIN REGION, P.N.G.
event name:     C111799A
time shift:     14.6000
half duration:   7.6000
latitude:       -6.2700
longitude:     149.0300
depth:          38.0000
Mrr:       2.484000e+26
Mtt:      -2.877000e+26
Mpp:       3.920000e+25
Mrt:       1.087000e+26
Mrp:       3.120000e+25
Mtp:       4.200000e+24
