 PDE 1999 11 11 18  5 43.50   1.2800  100.3200 211.0 6.0 0.0 NORTHERN SUMATRA, INDONESIA
event name:     C111199C
time shift:      3.0000
half duration:   3.0000
latitude:        1.1500
longitude:     100.0300
depth:         217.6000
Mrr:       3.480000e+24
Mtt:      -4.960000e+24
Mpp:       1.480000e+24
Mrt:       7.900000e+23
Mrp:      -1.357000e+25
Mtp:      -1.227000e+25
