 PDE 2003 11 11 15 39 33.60 -30.6600 -179.3800  33.0 5.6 6.0 KERMADEC ISLANDS REGION
event name:     C111103B
time shift:     -0.7000
half duration:   2.5000
latitude:      -30.4500
longitude:    -179.1400
depth:          15.0000
Mrr:      -1.400000e+23
Mtt:       9.100000e+23
Mpp:      -7.700000e+23
Mrt:       2.200000e+24
Mrp:      -2.020000e+24
Mtp:       1.400000e+25
