 PDE 2001 11 15  1  3  6.10  -1.5900  -15.5800  10.0 5.5 6.0 NORTH OF ASCENSION ISLAND
event name:     C111501A
time shift:      6.8000
half duration:   3.4000
latitude:       -1.1400
longitude:     -15.3900
depth:          15.0000
Mrr:      -5.600000e+23
Mtt:       1.391000e+25
Mpp:      -1.335000e+25
Mrt:       3.370000e+24
Mrp:       1.281000e+25
Mtp:      -2.658000e+25
