 PDE 1999 11 16 13 44 18.30 -55.8200 -125.1300  10.0 4.8 5.5 SOUTHERN EAST PACIFIC RISE
event name:     C111699B
time shift:      5.0000
half duration:   2.4000
latitude:      -55.8200
longitude:    -124.3500
depth:          15.0000
Mrr:      -7.200000e+23
Mtt:       7.330000e+24
Mpp:      -6.610000e+24
Mrt:       1.810000e+24
Mrp:       1.900000e+24
Mtp:       1.149000e+25
