 PDE 1999 11 19 13 56 46.50  -6.3500  148.7600  33.0 5.9 7.0 NEW BRITAIN REGION, P.N.G.
event name:     C111999E
time shift:     15.8000
half duration:   8.1000
latitude:       -6.4900
longitude:     148.9800
depth:          33.0000
Mrr:       2.840000e+26
Mtt:      -3.163000e+26
Mpp:       3.230000e+25
Mrt:       2.589000e+26
Mrp:       3.930000e+25
Mtp:      -8.700000e+24
