 PDE 2001 11 13 10 43 23.10  53.6300  170.5500  33.0 5.5 5.8 NEAR ISLANDS, ALEUTIAN ISLANDS
event name:     C111301C
time shift:      1.3000
half duration:   2.5000
latitude:       53.8300
longitude:     170.3200
depth:          21.2000
Mrr:      -3.600000e+23
Mtt:      -1.055000e+25
Mpp:       1.091000e+25
Mrt:      -1.870000e+24
Mrp:      -2.200000e+23
Mtp:      -4.120000e+24
