 PDE 2000 11 18 23  5 39.80  -5.3800  153.4500  33.0 5.7 6.0 NEW IRELAND REGION, P.N.G.
event name:     C111800R
time shift:      5.2000
half duration:   2.5000
latitude:       -5.5100
longitude:     153.5700
depth:          15.0000
Mrr:       7.330000e+24
Mtt:      -3.180000e+24
Mpp:      -4.150000e+24
Mrt:       1.154000e+25
Mrp:       3.170000e+24
Mtp:      -3.900000e+24
