 PDE 2004 11 17 20 58 22.30  39.1900   71.8600  20.0 5.8 5.7 TAJIKISTAN
event name:     C111704E
time shift:      2.3000
half duration:   1.9000
latitude:       39.2700
longitude:      71.7600
depth:          23.0000
Mrr:      -5.710000e+23
Mtt:      -8.010000e+23
Mpp:       1.370000e+24
Mrt:       2.260000e+23
Mrp:       3.800000e+22
Mtp:      -5.880000e+24
