 PDE 1997 11 15  7  5 16.60  43.8100  145.0200 161.0 5.8 0.0 HOKKAIDO, JAPAN REGION
event name:     C111597B
time shift:      2.2000
half duration:   2.7000
latitude:       43.8200
longitude:     145.0700
depth:         157.0000
Mrr:       1.110000e+24
Mtt:       8.200000e+23
Mpp:      -1.930000e+24
Mrt:       1.364000e+25
Mrp:       4.620000e+24
Mtp:      -1.050000e+24
