 PDE 2000 11 19  5 35 19.30  -5.5900  151.8700  33.0 5.3 5.9 NEW BRITAIN REGION, P.N.G.
event name:     C111900G
time shift:      7.5000
half duration:   2.5000
latitude:       -5.7000
longitude:     152.2000
depth:          16.8000
Mrr:       8.390000e+24
Mtt:      -7.680000e+24
Mpp:      -7.100000e+23
Mrt:       1.174000e+25
Mrp:       3.460000e+24
Mtp:      -1.850000e+24
