 PDE 1995 11 13  2 17 51.00   3.5600  126.6700  33.0 5.8 6.1 TALAUD ISLANDS, INDONESIA
event name:     C111395A
time shift:      7.4000
half duration:   3.3000
latitude:        3.7100
longitude:     126.8900
depth:          30.7000
Mrr:       2.541000e+25
Mtt:       8.000000e+23
Mpp:      -2.621000e+25
Mrt:       9.710000e+24
Mrp:       9.700000e+23
Mtp:       2.100000e+24
