 PDE 1997 11 18 13  7 41.70  37.5700   20.6600  33.0 5.9 6.4 IONIAN SEA
event name:     C111897B
time shift:     11.2000
half duration:   4.9000
latitude:       37.3300
longitude:      20.8400
depth:          22.9000
Mrr:       2.230000e+25
Mtt:       7.900000e+24
Mpp:      -3.020000e+25
Mrt:       6.723000e+25
Mrp:      -2.961000e+25
Mtp:       4.593000e+25
