 PDE 2000 11 13 15 57 21.60  42.4900  144.7600  33.0 6.0 5.6 HOKKAIDO, JAPAN REGION
event name:     C111300E
time shift:      4.1000
half duration:   2.3000
latitude:       42.4100
longitude:     145.1200
depth:          30.0000
Mrr:       5.559000e+24
Mtt:      -2.063000e+24
Mpp:      -3.496000e+24
Mrt:       3.070000e+24
Mrp:       7.413000e+24
Mtp:      -4.749000e+24
