 PDE 1999 11 11  2 41  5.10  49.3100  155.6300  33.0 5.8 5.7 KURIL ISLANDS
event name:     C111199A
time shift:      7.3000
half duration:   3.0000
latitude:       49.3300
longitude:     156.1000
depth:          42.0000
Mrr:       1.458000e+25
Mtt:      -3.700000e+24
Mpp:      -1.089000e+25
Mrt:       4.300000e+24
Mrp:       7.610000e+24
Mtp:      -8.870000e+24
