 PDE 1999 11 17 11 36 35.00  -6.0000  148.8000  45.3 5.7 6.1 NEW BRITAIN REGION, P.N.G.
event name:     C111799D
time shift:      8.3000
half duration:   3.4000
latitude:       -6.2900
longitude:     148.9800
depth:          47.0000
Mrr:       2.308000e+25
Mtt:      -2.817000e+25
Mpp:       5.090000e+24
Mrt:       9.300000e+24
Mrp:       6.500000e+23
Mtp:      -1.740000e+24
