 PDE 2004 11 16 10  6 54.50  -5.6300  151.4500  55.7 5.6 0.0 NEW BRITAIN REGION, P.N.G.
event name:     C111604E
time shift:      1.8000
half duration:   2.7000
latitude:       -5.9300
longitude:     151.6600
depth:          32.0000
Mrr:       1.220000e+25
Mtt:      -1.320000e+25
Mpp:       1.030000e+24
Mrt:       1.240000e+25
Mrp:       2.400000e+24
Mtp:      -4.080000e+24
