 PDE 2004 11 13  0 24 19.00 -10.2500  164.6600  10.0 5.8 5.4 SANTA CRUZ ISLANDS REGION
event name:     C111304A
time shift:      3.2000
half duration:   1.9000
latitude:      -10.1700
longitude:     164.7300
depth:          12.0000
Mrr:      -5.430000e+24
Mtt:       5.470000e+24
Mpp:      -4.100000e+22
Mrt:      -5.230000e+23
Mrp:      -1.740000e+24
Mtp:       1.790000e+24
