 PDE 2003 11 11 18 48 23.80  22.3200  143.2500 101.0 5.9 0.0 VOLCANO ISLANDS, JAPAN REGION
event name:     C111103C
time shift:      2.7000
half duration:   2.2000
latitude:       22.3900
longitude:     143.4800
depth:         107.1000
Mrr:       4.260000e+24
Mtt:       1.200000e+22
Mpp:      -4.270000e+24
Mrt:      -4.370000e+24
Mrp:      -5.660000e+24
Mtp:      -2.940000e+24
