 PDE 2003 11 12  0 29 45.30   1.5900  126.4800  33.0 5.7 6.2 NORTHERN MOLUCCA SEA
event name:     C111203B
time shift:      6.0000
half duration:   3.1000
latitude:        1.6600
longitude:     126.7400
depth:          32.0000
Mrr:       2.350000e+25
Mtt:      -9.100000e+23
Mpp:      -2.260000e+25
Mrt:      -2.620000e+24
Mrp:       7.940000e+24
Mtp:      -3.840000e+24
