 PDE 2003 11 11 13 44 53.30 -30.6200 -179.0100  33.0 5.5 5.9 KERMADEC ISLANDS REGION
event name:     C111103A
time shift:      1.5000
half duration:   2.3000
latitude:      -30.5300
longitude:    -179.0600
depth:          15.0000
Mrr:      -6.400000e+23
Mtt:       3.360000e+24
Mpp:      -2.720000e+24
Mrt:       1.660000e+24
Mrp:      -4.600000e+23
Mtp:       1.070000e+25
