 PDE 1996 11 11  9 22 27.70  19.3300   95.0100  80.0 5.6 5.4 MYANMAR
event name:     C111196E
time shift:      2.7000
half duration:   2.4000
latitude:       19.2700
longitude:      95.0500
depth:          85.6000
Mrr:       1.709000e+24
Mtt:      -2.996000e+24
Mpp:       1.287000e+24
Mrt:       3.775000e+24
Mrp:      -4.216000e+24
Mtp:      -9.203000e+24
