 PDE 2000 11 18  2  5 48.80  -5.1000  153.1800  33.0 5.9 6.6 NEW IRELAND REGION, P.N.G.
event name:     C111800F
time shift:      8.4000
half duration:   5.3000
latitude:       -5.2400
longitude:     153.5200
depth:          19.0000
Mrr:       6.853000e+25
Mtt:       1.880000e+25
Mpp:      -8.733000e+25
Mrt:       6.074000e+25
Mrp:      -9.900000e+23
Mtp:      -1.656000e+25
