 PDE 1999 11 15  5 42 43.20  -1.3400   88.9800  10.0 6.3 6.9 SOUTH INDIAN OCEAN
event name:     C111599D
time shift:      8.8000
half duration:   7.4000
latitude:       -1.2100
longitude:      88.8900
depth:          15.0000
Mrr:      -1.330000e+25
Mtt:      -1.354000e+26
Mpp:       1.487000e+26
Mrt:      -9.290000e+25
Mrp:      -4.090000e+25
Mtp:      -2.799000e+26
