 PDE 2002 11 12  1 46 48.90 -56.5500  -27.5400 120.0 6.0 0.0 SOUTH SANDWICH ISLANDS REGION
event name:     C111202B
time shift:      5.5000
half duration:   3.2000
latitude:      -56.4900
longitude:     -26.8900
depth:         116.3000
Mrr:       2.272000e+25
Mtt:      -8.120000e+24
Mpp:      -1.460000e+25
Mrt:      -1.081000e+25
Mrp:       7.080000e+24
Mtp:       8.670000e+24
