 PDE 2003 11 14  4 28 33.30 -16.7400  172.3300  10.0 5.6 5.7 VANUATU ISLANDS REGION
event name:     C111403C
time shift:      7.6000
half duration:   2.6000
latitude:      -16.7500
longitude:     172.4500
depth:          15.0000
Mrr:      -1.290000e+25
Mtt:       1.260000e+25
Mpp:       2.200000e+23
Mrt:       8.600000e+23
Mrp:      -9.800000e+23
Mtp:      -7.000000e+24
