 PDE 2002 11 15 19 58 31.80 -56.0500  -36.4000  10.0 6.1 6.6 SOUTH GEORGIA ISLAND REGION
event name:     C111502B
time shift:     10.1000
half duration:   5.0000
latitude:      -55.9100
longitude:     -35.5100
depth:          15.0000
Mrr:       9.165000e+25
Mtt:      -9.250000e+25
Mpp:       8.600000e+23
Mrt:       1.414000e+25
Mrp:      -2.789000e+25
Mtp:       4.015000e+25
