 PDE 1994 11 15 20 18 11.20  -5.6100  110.2000 559.0 6.2 0.0 JAVA SEA
event name:     C111594D
time shift:      6.0000
half duration:   4.4000
latitude:       -5.6100
longitude:     110.2900
depth:         570.7000
Mrr:      -5.861000e+25
Mtt:       5.235000e+25
Mpp:       6.260000e+24
Mrt:      -1.130000e+25
Mrp:      -2.068000e+25
Mtp:      -2.290000e+25
