 PDE 2004 11 11 17 34 52.00 -11.1300  162.2100  10.0 5.8 6.6 SOLOMON ISLANDS
event name:     C111104I
time shift:      7.3000
half duration:   4.8000
latitude:      -11.2000
longitude:     162.1700
depth:          12.0000
Mrr:       4.820000e+25
Mtt:      -4.140000e+25
Mpp:      -6.800000e+24
Mrt:       3.920000e+25
Mrp:      -6.540000e+25
Mtp:       5.330000e+25
