 PDE 1998 11 15  2 44 12.40 -21.5900 -176.5000 149.1 5.9 0.0 TONGA ISLANDS
event name:     C111598B
time shift:      7.7000
half duration:   3.3000
latitude:      -21.5500
longitude:    -175.8700
depth:         171.0000
Mrr:      -1.846000e+25
Mtt:       2.910000e+24
Mpp:       1.555000e+25
Mrt:      -3.670000e+24
Mrp:      -1.908000e+25
Mtp:       1.116000e+25
