 PDE 1996 11 11  0 47 21.10 -32.5400 -179.0500  33.0 5.9 5.9 SOUTH OF KERMADEC ISLANDS
event name:     C111196A
time shift:      7.3000
half duration:   2.8000
latitude:      -32.4900
longitude:    -178.7700
depth:          47.1000
Mrr:       1.334000e+25
Mtt:       1.400000e+23
Mpp:      -1.348000e+25
Mrt:       2.340000e+24
Mrp:       8.010000e+24
Mtp:      -5.600000e+24
