 PDE 1996 11 19 10 44 46.00  35.3500   78.1300  33.0 6.1 7.1 EASTERN KASHMIR
event name:     C111996B
time shift:      6.3000
half duration:   6.9000
latitude:       35.4500
longitude:      77.8600
depth:          15.0000
Mrr:      -2.400000e+25
Mtt:       2.850000e+25
Mpp:      -4.500000e+24
Mrt:      -9.000000e+25
Mrp:      -5.950000e+25
Mtp:       2.161000e+26
