 PDE 1997 11 10 23  6 44.30  31.1900  140.4900  86.0 5.8 0.0 SOUTHEAST OF HONSHU, JAPAN
event name:     C111097E
time shift:      1.5000
half duration:   2.9000
latitude:       31.2700
longitude:     140.6300
depth:          63.2000
Mrr:       3.220000e+24
Mtt:      -4.300000e+23
Mpp:      -2.780000e+24
Mrt:      -9.200000e+23
Mrp:      -1.870000e+25
Mtp:      -4.130000e+24
