 PDE 1995 11 27 15 52 58.40  44.6500  148.9000  22.4 5.2 0.0 KURIL ISLANDS
event name:     C112795C
time shift:      3.9000
half duration:   3.2000
latitude:       44.4300
longitude:     149.2300
depth:          30.0000
Mrr:       1.613000e+25
Mtt:      -7.800000e+24
Mpp:      -8.330000e+24
Mrt:       1.930000e+25
Mrp:       1.934000e+25
Mtp:      -1.080000e+25
