 PDE 1995 11 24 17 24 12.50  44.5400  149.0900  33.0 6.1 6.3 KURIL ISLANDS
event name:     C112495D
time shift:      6.2000
half duration:   4.7000
latitude:       44.5200
longitude:     149.3500
depth:          33.5000
Mrr:       6.061000e+25
Mtt:      -2.310000e+25
Mpp:      -3.751000e+25
Mrt:       2.472000e+25
Mrp:       3.910000e+25
Mtp:      -4.204000e+25
