 PDE 2002 11 27 16 43 17.50 -14.4900  167.8300  33.0 5.6 5.8 VANUATU ISLANDS
event name:     C112702F
time shift:      1.5000
half duration:   2.1000
latitude:      -14.4800
longitude:     168.0000
depth:          15.0000
Mrr:       6.048000e+24
Mtt:      -7.600000e+23
Mpp:      -5.288000e+24
Mrt:       9.280000e+23
Mrp:       2.924000e+24
Mtp:       2.115000e+24
