 PDE 2004 11 20 22  1 45.70  13.3800  -90.0600  40.6 5.6 6.0 NEAR COAST OF GUATEMALA
event name:     C112004F
time shift:      2.6000
half duration:   3.5000
latitude:       13.1300
longitude:     -90.6100
depth:          34.4000
Mrr:       2.520000e+25
Mtt:      -2.180000e+25
Mpp:      -3.410000e+24
Mrt:       1.570000e+25
Mrp:      -1.400000e+25
Mtp:       1.190000e+25
