 PDE 2004 11 21 11  7 13.60 -15.4000 -174.9100 256.1 5.7 0.0 TONGA ISLANDS
event name:     C112104A
time shift:      6.3000
half duration:   2.2000
latitude:      -15.2200
longitude:    -174.5900
depth:         270.0000
Mrr:      -5.130000e+24
Mtt:      -1.000000e+22
Mpp:       5.140000e+24
Mrt:      -2.700000e+23
Mrp:      -7.310000e+24
Mtp:       1.010000e+24
