 PDE 2000 11 23 18 43 15.70  -4.5900  153.0600  33.0 5.7 6.4 NEW IRELAND REGION, P.N.G.
event name:     C112300M
time shift:      7.2000
half duration:   4.1000
latitude:       -4.7600
longitude:     153.2100
depth:          41.9000
Mrr:      -2.500000e+24
Mtt:       1.815000e+25
Mpp:      -1.565000e+25
Mrt:       1.668000e+25
Mrp:      -2.057000e+25
Mtp:      -1.760000e+25
