 PDE 1999 11 29  3 46 30.20  -1.2700   89.0400  10.0 5.9 6.4 SOUTH INDIAN OCEAN
event name:     C112999A
time shift:      4.0000
half duration:   3.9000
latitude:       -1.2500
longitude:      88.9800
depth:          15.0000
Mrr:      -5.600000e+23
Mtt:      -3.030000e+25
Mpp:       3.087000e+25
Mrt:      -9.960000e+24
Mrp:       2.860000e+24
Mtp:      -3.131000e+25
