 PDE 1998 11 25 18  5 25.70  -7.8600  158.6200  47.9 5.9 6.0 SOLOMON ISLANDS
event name:     C112598A
time shift:      4.5000
half duration:   3.4000
latitude:       -7.9300
longitude:     158.8200
depth:          38.2000
Mrr:      -9.570000e+24
Mtt:       1.210000e+25
Mpp:      -2.530000e+24
Mrt:      -1.759000e+25
Mrp:       2.880000e+24
Mtp:       2.260000e+24
