 PDE 2002 11 20 21 32 30.80  35.4100   74.5100  33.0 5.7 6.5 NORTHWESTERN KASHMIR
event name:     C112002C
time shift:      5.4000
half duration:   3.5000
latitude:       35.5200
longitude:      74.6600
depth:          15.0000
Mrr:      -2.968000e+25
Mtt:       1.149000e+25
Mpp:       1.819000e+25
Mrt:      -2.056000e+25
Mrp:      -6.970000e+24
Mtp:       1.163000e+25
