 PDE 1999 11 21  6 46 19.20  18.5400 -107.1700  33.0 5.3 5.6 OFF COAST OF JALISCO, MEXICO
event name:     C112199D
time shift:      9.6000
half duration:   2.8000
latitude:       19.1600
longitude:    -107.3900
depth:          15.0000
Mrr:      -8.800000e+23
Mtt:      -1.204000e+25
Mpp:       1.293000e+25
Mrt:      -8.000000e+22
Mrp:       4.670000e+24
Mtp:      -1.362000e+25
