 PDE 2002 11 26  0 48 15.00  51.4700 -173.5400  20.6 5.9 5.8 ANDREANOF ISLANDS, ALEUTIAN IS.
event name:     C112602A
time shift:      6.3000
half duration:   3.0000
latitude:       51.4900
longitude:    -173.4800
depth:          20.0000
Mrr:       1.155000e+25
Mtt:      -1.085000e+25
Mpp:      -7.000000e+23
Mrt:       9.630000e+24
Mrp:       4.390000e+24
Mtp:      -3.940000e+24
