 PDE 1999 11 21  3 51 14.40 -21.7500  -68.7800 101.2 5.9 0.0 CHILE-BOLIVIA BORDER REGION
event name:     C112199A
time shift:      5.6000
half duration:   2.1000
latitude:      -21.4400
longitude:     -68.8900
depth:         109.3000
Mrr:      -4.596000e+24
Mtt:      -7.000000e+21
Mpp:       4.603000e+24
Mrt:       2.994000e+24
Mrp:      -4.083000e+24
Mtp:      -1.405000e+24
