 PDE 2004 11 20  8  7 22.10   9.6000  -84.1700  16.0 6.2 6.3 COSTA RICA
event name:     C112004D
time shift:      4.8000
half duration:   3.7000
latitude:        9.5000
longitude:     -84.3200
depth:          22.0000
Mrr:      -1.130000e+25
Mtt:      -2.330000e+25
Mpp:       3.460000e+25
Mrt:       2.960000e+25
Mrp:      -8.230000e+24
Mtp:      -1.610000e+25
