 PDE 2003 11 25 20 19 46.30  -5.5800  150.8800  35.0 6.1 6.4 NEW BRITAIN REGION, P.N.G.
event name:     C112503E
time shift:     10.7000
half duration:   4.5000
latitude:       -5.9200
longitude:     151.0200
depth:          43.0000
Mrr:       6.380000e+25
Mtt:      -6.780000e+25
Mpp:       4.000000e+24
Mrt:       3.920000e+25
Mrp:       4.800000e+24
Mtp:      -2.000000e+25
