 PDE 2001 11 22 23 22 20.40 -16.2500  178.0200  10.0 5.7 6.2 FIJI ISLANDS
event name:     C112201F
time shift:      7.4000
half duration:   3.5000
latitude:      -16.1600
longitude:     178.1400
depth:          15.0000
Mrr:      -6.020000e+24
Mtt:      -1.586000e+25
Mpp:       2.188000e+25
Mrt:      -2.470000e+24
Mrp:      -5.670000e+24
Mtp:       2.793000e+25
