 PDE 1997 11 25 12 14 33.60   1.2400  122.5400  24.0 6.1 6.8 MINAHASSA PENINSULA, SULAWESI
event name:     C112597C
time shift:      9.3000
half duration:   8.3000
latitude:        1.3700
longitude:     122.7100
depth:          29.4000
Mrr:       2.620000e+26
Mtt:      -2.819000e+26
Mpp:       1.990000e+25
Mrt:      -3.079000e+26
Mrp:       2.290000e+25
Mtp:       3.330000e+25
