 PDE 2004 11 27  9 48 59.20  -3.6200  135.4300  10.0 5.3 5.5 IRIAN JAYA REGION, INDONESIA
event name:     C112704E
time shift:      5.4000
half duration:   1.9000
latitude:       -3.6000
longitude:     135.5700
depth:          15.0000
Mrr:      -1.080000e+24
Mtt:      -2.080000e+24
Mpp:       3.160000e+24
Mrt:      -5.210000e+24
Mrp:       3.030000e+24
Mtp:      -6.290000e+23
