 PDE 1995 11 24  6 18 57.10 -42.9900  171.6200  10.0 5.6 6.4 SOUTH ISLAND, NEW ZEALAND
event name:     C112495A
time shift:      5.6000
half duration:   2.9000
latitude:      -42.8800
longitude:     171.7600
depth:          15.0000
Mrr:       4.730000e+24
Mtt:       6.060000e+24
Mpp:      -1.079000e+25
Mrt:       7.980000e+24
Mrp:       1.460000e+24
Mtp:      -1.321000e+25
