 PDE 2004 11 22 20 26 23.90 -46.6800  164.7200  10.0 6.4 7.1 OFF W. COAST OF S. ISLAND, N.Z.
event name:     C112204C
time shift:     11.1000
half duration:   8.6000
latitude:      -46.3600
longitude:     164.9100
depth:          40.0000
Mrr:       5.070000e+26
Mtt:      -1.580000e+26
Mpp:      -3.490000e+26
Mrt:      -4.210000e+25
Mrp:      -1.830000e+26
Mtp:      -2.710000e+26
