 PDE 2004 11 28  7 36 45.40  -3.6400  135.4500  23.1 6.0 6.1 IRIAN JAYA REGION, INDONESIA
event name:     C112804G
time shift:      3.5000
half duration:   3.0000
latitude:       -3.6500
longitude:     135.4900
depth:          24.0000
Mrr:      -3.290000e+24
Mtt:      -1.000000e+25
Mpp:       1.330000e+25
Mrt:      -1.480000e+25
Mrp:       2.910000e+24
Mtp:      -8.110000e+24
