 PDE 2001 11 28 14 32 32.70  15.5700  -93.1100  84.9 5.7 0.0 NEAR COAST OF CHIAPAS, MEXICO
event name:     C112801C
time shift:      4.6000
half duration:   4.0000
latitude:       15.7800
longitude:     -93.4000
depth:          65.0000
Mrr:      -2.210000e+25
Mtt:       1.656000e+25
Mpp:       5.540000e+24
Mrt:       3.324000e+25
Mrp:      -1.966000e+25
Mtp:      -1.402000e+25
