 PDE 1996 11 28 21 25 58.80  -1.2200  -24.1700  10.0 5.2 5.2 CENTRAL MID-ATLANTIC RIDGE
event name:     C112896D
time shift:     13.1000
half duration:   3.0000
latitude:       -0.9600
longitude:     -23.8600
depth:          15.0000
Mrr:      -1.820000e+24
Mtt:       5.600000e+24
Mpp:      -3.780000e+24
Mrt:       7.100000e+23
Mrp:       5.130000e+24
Mtp:      -2.991000e+25
