 PDE 1999 11 26  0 29  0.30  55.1300  165.3600  33.0 5.6 5.8 KOMANDORSKIYE OSTROVA REGION
event name:     C112699A
time shift:      2.1000
half duration:   2.3000
latitude:       55.2000
longitude:     165.3100
depth:          26.1000
Mrr:      -3.283000e+24
Mtt:      -4.424000e+24
Mpp:       7.706000e+24
Mrt:       5.710000e+23
Mrp:       3.143000e+24
Mtp:      -8.637000e+24
