 PDE 2001 11 23 20 43  3.50  36.3900   71.5100 106.5 5.9 0.0 AFGHANISTAN-TAJIKISTAN BORD REG.
event name:     C112301A
time shift:      2.8000
half duration:   2.7000
latitude:       36.4300
longitude:      71.5000
depth:         100.1000
Mrr:       9.560000e+24
Mtt:      -5.360000e+24
Mpp:      -4.210000e+24
Mrt:       3.600000e+23
Mrp:       4.630000e+24
Mtp:      -1.099000e+25
