 PDE 1996 11 20  2 27 47.90  34.3500  141.1300  33.0 5.9 5.7 OFF EAST COAST OF HONSHU, JAPAN
event name:     C112096A
time shift:      2.8000
half duration:   2.9000
latitude:       34.4600
longitude:     141.1700
depth:          37.0000
Mrr:      -3.910000e+24
Mtt:       1.980000e+25
Mpp:      -1.589000e+25
Mrt:      -1.520000e+24
Mrp:       5.800000e+23
Mtp:      -4.300000e+23
