 PDE 2000 11 21 17 33 34.50  -5.4900  152.1500  33.0 5.7 5.9 NEW BRITAIN REGION, P.N.G.
event name:     C112100E
time shift:      5.8000
half duration:   2.9000
latitude:       -5.6300
longitude:     152.4000
depth:          24.0000
Mrr:       1.447000e+25
Mtt:      -1.142000e+25
Mpp:      -3.060000e+24
Mrt:       9.450000e+24
Mrp:       6.410000e+24
Mtp:      -6.720000e+24
