 PDE 1997 11 28 22 53 41.50 -13.7400  -68.7900 586.0 6.4 0.0 PERU-BOLIVIA BORDER REGION
event name:     C112897C
time shift:      5.3000
half duration:   5.0000
latitude:      -13.7000
longitude:     -68.9000
depth:         600.5000
Mrr:      -1.109000e+25
Mtt:       1.888000e+25
Mpp:      -7.780000e+24
Mrt:      -9.093000e+25
Mrp:       5.197000e+25
Mtp:       1.141000e+25
