 PDE 2000 11 21 21 21  5.30  -5.4300  152.6900  33.0 5.6 6.2 NEW BRITAIN REGION, P.N.G.
event name:     C112100I
time shift:      5.8000
half duration:   3.0000
latitude:       -5.4300
longitude:     152.9800
depth:          15.0000
Mrr:       1.411000e+25
Mtt:      -2.520000e+24
Mpp:      -1.159000e+25
Mrt:       5.820000e+24
Mrp:       3.270000e+24
Mtp:      -6.340000e+24
