 PDE 2004 11 26  2 25  3.30  -3.6100  135.4000  10.0 6.2 7.2 IRIAN JAYA REGION, INDONESIA
event name:     C112604A
time shift:      8.9000
half duration:   8.2000
latitude:       -3.5500
longitude:     135.5400
depth:          12.0000
Mrr:      -2.600000e+24
Mtt:      -8.370000e+25
Mpp:       8.640000e+25
Mrt:      -4.580000e+26
Mrp:      -9.700000e+24
Mtp:      -2.950000e+26
