 PDE 2004 11 28  2 35 13.40 -26.5200 -113.8300  10.0 5.6 6.1 EASTER ISLAND REGION
event name:     C112804B
time shift:     13.3000
half duration:   4.6000
latitude:      -26.8200
longitude:    -114.0000
depth:          12.0000
Mrr:      -2.130000e+25
Mtt:      -3.220000e+25
Mpp:       5.350000e+25
Mrt:       4.000000e+23
Mrp:      -2.960000e+25
Mtp:      -7.370000e+25
