 PDE 1998 11 24 23 54 46.10 -16.5100 -174.7500 223.2 5.4 0.0 TONGA ISLANDS
event name:     C112498F
time shift:      6.9000
half duration:   2.5000
latitude:      -16.4200
longitude:    -174.4600
depth:         235.8000
Mrr:      -1.019000e+25
Mtt:       1.970000e+24
Mpp:       8.230000e+24
Mrt:      -1.310000e+24
Mrp:      -6.510000e+24
Mtp:       4.880000e+24
