 PDE 2004 11 28 18 32 14.10  43.0100  145.1200  39.0 6.4 6.7 HOKKAIDO, JAPAN REGION
event name:     C112804I
time shift:      4.9000
half duration:   7.5000
latitude:       42.8800
longitude:     145.3600
depth:          47.0000
Mrr:       2.430000e+26
Mtt:      -1.200000e+26
Mpp:      -1.230000e+26
Mrt:       8.900000e+25
Mrp:       2.410000e+26
Mtp:      -1.520000e+26
