 PDE 2000 11 29 10 25 13.30 -24.8700  -70.8900  58.2 5.8 5.9 NEAR COAST OF NORTHERN CHILE
event name:     C112900B
time shift:      5.9000
half duration:   3.3000
latitude:      -24.6300
longitude:     -70.8900
depth:          53.0000
Mrr:      -1.255000e+25
Mtt:       2.190000e+24
Mpp:       1.036000e+25
Mrt:       5.480000e+24
Mrp:      -3.107000e+25
Mtp:       2.770000e+24
