 PDE 2001 11 20 21  8 18.40  -6.8800  128.9200  33.0 5.7 6.0 BANDA SEA
event name:     C112001D
time shift:      3.3000
half duration:   3.2000
latitude:       -6.8400
longitude:     128.9900
depth:          22.1000
Mrr:       3.850000e+24
Mtt:      -2.485000e+25
Mpp:       2.100000e+25
Mrt:      -4.900000e+24
Mrp:       2.500000e+23
Mtp:       6.420000e+24
