 PDE 1999 11 30  4  1 53.20 -18.9000  -69.1700 128.1 6.2 0.0 NORTHERN CHILE
event name:     C113099A
time shift:      6.6000
half duration:   4.6000
latitude:      -19.0100
longitude:     -69.3700
depth:         138.2000
Mrr:      -1.991000e+25
Mtt:      -1.252000e+25
Mpp:       3.243000e+25
Mrt:       6.400000e+24
Mrp:      -6.908000e+25
Mtp:       1.876000e+25
