 PDE 1995 11 30 23 37 34.50  44.6100  149.2200   0.0 5.4 0.0 KURIL ISLANDS
event name:     C113095E
time shift:     12.0000
half duration:   3.1000
latitude:       44.4800
longitude:     149.2600
depth:          21.7000
Mrr:       1.299000e+25
Mtt:      -5.000000e+24
Mpp:      -7.980000e+24
Mrt:       1.483000e+25
Mrp:       1.717000e+25
Mtp:      -8.020000e+24
