 PDE 2001 12  2 13  1 53.70  39.4000  141.0900 123.8 6.1 0.0 EASTERN HONSHU, JAPAN
event name:     C120201B
time shift:      4.1000
half duration:   4.3000
latitude:       39.4900
longitude:     141.0900
depth:         123.7000
Mrr:      -1.217000e+25
Mtt:      -2.610000e+24
Mpp:       1.477000e+25
Mrt:      -4.140000e+24
Mrp:       5.446000e+25
Mtp:      -1.680000e+24
