 PDE 2003 12  1  1 38 32.00  42.9000   80.5100  10.0 6.0 5.9 KYRGYZSTAN-XINJIANG BORDER REG.
event name:     C120103A
time shift:      5.1000
half duration:   2.1000
latitude:       42.9300
longitude:      80.5000
depth:          15.0000
Mrr:       4.360000e+24
Mtt:      -4.520000e+24
Mpp:       1.600000e+23
Mrt:       8.960000e+24
Mrp:       3.880000e+24
Mtp:      -3.200000e+23
