 PDE 1998 12  6  0 47 13.40   1.2500  126.2000  33.0 6.3 6.2 NORTHERN MOLUCCA SEA
event name:     C120698A
time shift:      7.6000
half duration:   4.7000
latitude:        1.5000
longitude:     126.5400
depth:          34.0000
Mrr:       8.074000e+25
Mtt:      -1.850000e+25
Mpp:      -6.224000e+25
Mrt:       2.258000e+25
Mrp:       1.568000e+25
Mtp:      -3.434000e+25
