 PDE 1999 12  8 13 34 44.70  -9.8400  159.9600  33.0 5.5 6.0 SOLOMON ISLANDS
event name:     C120899C
time shift:      3.4000
half duration:   2.9000
latitude:       -9.8900
longitude:     160.2200
depth:          21.0000
Mrr:       5.300000e+23
Mtt:      -6.000000e+22
Mpp:      -4.700000e+23
Mrt:      -3.230000e+24
Mrp:      -8.770000e+24
Mtp:       1.483000e+25
