 PDE 1996 12  1 23  9 40.50 -30.5200 -179.6800 356.0 5.3 0.0 KERMADEC ISLANDS REGION
event name:     C120196B
time shift:      6.2000
half duration:   2.8000
latitude:      -30.4600
longitude:    -179.4000
depth:         369.6000
Mrr:      -8.530000e+24
Mtt:      -7.560000e+24
Mpp:       1.609000e+25
Mrt:      -9.880000e+24
Mrp:      -6.580000e+24
Mtp:      -2.570000e+24
