 PDE 2001 12  9 18 15  2.60   0.0000  122.8700 156.3 5.7 0.0 MINAHASSA PENINSULA, SULAWESI
event name:     C120901C
time shift:      1.6000
half duration:   2.7000
latitude:       -0.0200
longitude:     122.9600
depth:         153.6000
Mrr:       9.647000e+24
Mtt:      -8.524000e+24
Mpp:      -1.123000e+24
Mrt:      -8.246000e+24
Mrp:      -2.626000e+24
Mtp:      -5.060000e+24
