 PDE 2004 12  3 14 59 14.30 -34.4400  179.3200 157.4 5.3 0.0 SOUTH OF KERMADEC ISLANDS
event name:     C120304C
time shift:      0.4000
half duration:   1.8000
latitude:      -34.3600
longitude:     179.7100
depth:         155.5000
Mrr:       1.190000e+24
Mtt:      -6.660000e+23
Mpp:      -5.240000e+23
Mrt:       1.020000e+24
Mrp:       4.150000e+24
Mtp:      -7.310000e+23
