 PDE 2003 12  5 21 26  9.50  55.5400  165.7800  10.0 6.1 6.5 KOMANDORSKIYE OSTROVA REGION
event name:     C120503F
time shift:      9.4000
half duration:   5.1000
latitude:       55.6800
longitude:     165.5300
depth:          18.0000
Mrr:       6.670000e+25
Mtt:      -8.000000e+25
Mpp:       1.340000e+25
Mrt:      -1.700000e+24
Mrp:      -3.540000e+25
Mtp:      -8.560000e+25
