 PDE 1996 12  9  3 54 16.30  -7.9400  107.4900  51.0 5.5 5.7 JAVA, INDONESIA
event name:     C120996A
time shift:      6.6000
half duration:   2.5000
latitude:       -8.3200
longitude:     107.4400
depth:          46.5000
Mrr:       1.024000e+25
Mtt:      -1.117000e+25
Mpp:       9.400000e+23
Mrt:       7.870000e+24
Mrp:      -5.800000e+23
Mtp:       4.050000e+24
