 PDE 1999 12  6 23 12 33.90  57.4100 -154.4900  66.0 6.8 0.0 KODIAK ISLAND REGION, ALASKA
event name:     C120699B
time shift:      5.7000
half duration:   7.8000
latitude:       57.3500
longitude:    -154.3500
depth:          54.1000
Mrr:      -3.160000e+25
Mtt:      -4.500000e+24
Mpp:       3.600000e+25
Mrt:       1.570000e+26
Mrp:       3.450000e+25
Mtp:       3.086000e+26
