 PDE 2000 12  6 17 11  6.40  39.5700   54.8000  30.0 6.7 7.5 TURKMENISTAN
event name:     C120600C
time shift:      8.3000
half duration:   8.8000
latitude:       39.6000
longitude:      54.8700
depth:          33.0000
Mrr:       2.605000e+26
Mtt:      -2.323000e+26
Mpp:      -2.820000e+25
Mrt:       2.569000e+26
Mrp:       9.230000e+25
Mtp:       1.349000e+26
