 PDE 2000 12  6 22 57 40.00  -4.2200  152.7300  31.0 6.1 6.6 NEW BRITAIN REGION, P.N.G.
event name:     C120600E
time shift:      7.1000
half duration:   4.3000
latitude:       -4.3700
longitude:     152.8700
depth:          30.0000
Mrr:       4.805000e+25
Mtt:       2.096000e+25
Mpp:      -6.902000e+25
Mrt:       3.749000e+25
Mrp:       4.660000e+24
Mtp:       1.940000e+25
