 PDE 1995 12  5  6 32  5.10  -9.2800  125.4100  22.3 5.3 0.0 TIMOR REGION
event name:     C120595D
time shift:      7.0000
half duration:   3.9000
latitude:       -8.9900
longitude:     125.1100
depth:          37.5000
Mrr:      -1.957000e+25
Mtt:      -1.401000e+25
Mpp:       3.358000e+25
Mrt:       1.860000e+24
Mrp:       1.357000e+25
Mtp:       3.517000e+25
