 PDE 1999 12  7  0 19 49.60  57.3600 -154.5100  40.9 6.5 6.1 KODIAK ISLAND REGION, ALASKA
event name:     C120799A
time shift:      3.1000
half duration:   3.7000
latitude:       57.2200
longitude:    -154.3800
depth:          48.0000
Mrr:      -1.577000e+25
Mtt:      -9.010000e+24
Mpp:       2.478000e+25
Mrt:       3.690000e+25
Mrp:       1.030000e+25
Mtp:       2.355000e+25
