 PDE 1996 12  3 12 56 56.90 -18.3500 -172.2700  33.0 6.0 6.0 TONGA ISLANDS REGION
event name:     C120396A
time shift:     -0.7000
half duration:   2.8000
latitude:      -18.6600
longitude:    -171.8900
depth:          33.0000
Mrr:       7.870000e+24
Mtt:      -1.900000e+24
Mpp:      -5.980000e+24
Mrt:      -1.950000e+24
Mrp:      -1.752000e+25
Mtp:      -3.680000e+24
