 PDE 2004 12  6 14 15 11.90  42.9000  145.2300  35.0 6.5 6.5 HOKKAIDO, JAPAN REGION
event name:     C120604A
time shift:      3.2000
half duration:   5.5000
latitude:       42.8200
longitude:     145.4100
depth:          36.0000
Mrr:       9.380000e+25
Mtt:      -4.940000e+25
Mpp:      -4.430000e+25
Mrt:       4.870000e+25
Mrp:       1.120000e+26
Mtp:      -6.410000e+25
