 PDE 2004 12  2 19 16 34.70  10.4900  -61.4800  49.0 5.4 5.3 TRINIDAD
event name:     C120204L
time shift:      2.1000
half duration:   1.8000
latitude:       10.4200
longitude:     -61.0300
depth:          15.5000
Mrr:      -1.270000e+24
Mtt:       1.480000e+24
Mpp:      -2.180000e+23
Mrt:       1.640000e+24
Mrp:       5.540000e+24
Mtp:       9.190000e+23
