 PDE 1999 12  7 21 29 42.40 -15.8700 -174.1400 120.3 5.4 0.0 TONGA ISLANDS
event name:     C120799F
time shift:     12.8000
half duration:   3.9000
latitude:      -15.7500
longitude:    -173.6200
depth:         148.6000
Mrr:       1.867000e+25
Mtt:      -1.739000e+25
Mpp:      -1.280000e+24
Mrt:      -2.600000e+25
Mrp:       3.032000e+25
Mtp:       4.570000e+24
