 PDE 2001 12  2  2 47 56.30 -12.7400  166.6600 100.5 5.8 0.0 SANTA CRUZ ISLANDS
event name:     C120201A
time shift:      5.0000
half duration:   2.3000
latitude:      -12.6900
longitude:     166.4400
depth:         110.6000
Mrr:       7.591000e+24
Mtt:      -4.630000e+23
Mpp:      -7.128000e+24
Mrt:      -1.072000e+24
Mrp:      -6.163000e+24
Mtp:       1.659000e+24
