 PDE 1999 12  9 10 18 17.20  -6.0300  148.1400  58.3 5.7 6.0 NEW BRITAIN REGION, P.N.G.
event name:     C120999C
time shift:      9.4000
half duration:   3.9000
latitude:       -6.3200
longitude:     148.4300
depth:          44.0000
Mrr:       3.501000e+25
Mtt:      -4.070000e+25
Mpp:       5.680000e+24
Mrt:       1.964000e+25
Mrp:       1.710000e+24
Mtp:      -2.010000e+24
