 PDE 2001 12  8 20 29 34.20  28.2500  129.5700  33.0 5.7 5.7 RYUKYU ISLANDS, JAPAN
event name:     C120801I
time shift:      4.1000
half duration:   2.9000
latitude:       28.2100
longitude:     129.5100
depth:          29.0000
Mrr:       6.050000e+24
Mtt:       3.880000e+24
Mpp:      -9.930000e+24
Mrt:      -7.600000e+24
Mrp:       1.800000e+25
Mtp:       1.500000e+23
