 PDE 2000 12  4  4 43  9.60  14.8800  -93.9400  33.0 5.6 5.7 OFF COAST OF CHIAPAS, MEXICO
event name:     C120400B
time shift:      4.5000
half duration:   2.4000
latitude:       14.8600
longitude:     -94.0000
depth:          36.1000
Mrr:       6.076000e+24
Mtt:      -4.079000e+24
Mpp:      -1.997000e+24
Mrt:       5.883000e+24
Mrp:      -6.616000e+24
Mtp:       3.796000e+24
