 PDE 2001 12  3 11 32 29.80 -16.5000 -177.5400  10.0 5.7 6.1 FIJI ISLANDS REGION
event name:     C120301A
time shift:     13.4000
half duration:   4.0000
latitude:      -16.4100
longitude:    -177.1800
depth:          15.0000
Mrr:      -5.080000e+24
Mtt:      -4.986000e+25
Mpp:       5.494000e+25
Mrt:      -4.400000e+23
Mrp:       5.050000e+24
Mtp:       2.690000e+24
