 PDE 2003 12  9 12 44  1.70  51.3300 -179.2700  33.0 5.9 5.8 ANDREANOF ISLANDS, ALEUTIAN IS.
event name:     C120903A
time shift:      4.5000
half duration:   2.9000
latitude:       51.2000
longitude:    -179.1900
depth:          31.0000
Mrr:       1.440000e+25
Mtt:      -1.640000e+25
Mpp:       1.990000e+24
Mrt:       1.080000e+25
Mrp:       9.300000e+24
Mtp:      -3.000000e+24
