 PDE 1999 12  1 19 23  6.00  17.6500  -82.3600  10.0 5.8 5.8 NORTH OF HONDURAS
event name:     C120199D
time shift:      8.0000
half duration:   3.3000
latitude:       17.9400
longitude:     -82.3100
depth:          15.0000
Mrr:      -1.270000e+24
Mtt:      -1.141000e+25
Mpp:       1.269000e+25
Mrt:       1.155000e+25
Mrp:      -2.310000e+24
Mtp:       2.669000e+25
