 PDE 1996 12  2 22 17 59.20  31.7900  131.3100  49.0 6.0 6.6 KYUSHU, JAPAN
event name:     C120296D
time shift:      7.1000
half duration:   5.8000
latitude:       31.7600
longitude:     131.7200
depth:          33.4000
Mrr:       7.649000e+25
Mtt:      -2.170000e+25
Mpp:      -5.479000e+25
Mrt:       6.054000e+25
Mrp:       7.579000e+25
Mtp:      -3.139000e+25
