 PDE 1997 12  6 10 59 10.10  53.9700  161.9100  33.0 5.7 5.8 OFF EAST COAST OF KAMCHATKA
event name:     C120697O
time shift:      4.8000
half duration:   2.7000
latitude:       53.8500
longitude:     162.2900
depth:          18.0000
Mrr:       1.155000e+25
Mtt:      -3.130000e+24
Mpp:      -8.420000e+24
Mrt:       7.190000e+24
Mrp:       7.140000e+24
Mtp:      -5.640000e+24
