 PDE 1996 12  9 11 28 48.60  29.8500  -42.8500  10.0 5.9 6.1 NORTHERN MID-ATLANTIC RIDGE
event name:     C120996C
time shift:      6.7000
half duration:   2.4000
latitude:       29.8100
longitude:     -42.6100
depth:          15.0000
Mrr:      -1.192000e+25
Mtt:      -1.490000e+24
Mpp:       1.341000e+25
Mrt:      -1.460000e+24
Mrp:       3.400000e+23
Mtp:      -8.600000e+23
