 PDE 1995 12  2 17 13 16.40  44.5700  149.1100   0.0 5.3 0.0 KURIL ISLANDS
event name:     C120295A
time shift:     10.2000
half duration:   5.6000
latitude:       44.4900
longitude:     149.9400
depth:          16.0000
Mrr:       6.123000e+25
Mtt:      -1.491000e+25
Mpp:      -4.632000e+25
Mrt:       3.051000e+25
Mrp:       4.733000e+25
Mtp:      -3.925000e+25
