 PDE 1995 12  1  5 20 38.60  10.3400 -103.9400  67.1 5.0 0.0 NORTHERN EAST PACIFIC RISE
event name:     C120195A
time shift:     -1.7000
half duration:   4.8000
latitude:       10.3800
longitude:    -103.8800
depth:          15.0000
Mrr:      -2.390000e+24
Mtt:      -3.263000e+25
Mpp:       3.501000e+25
Mrt:       2.484000e+25
Mrp:      -6.070000e+24
Mtp:       7.618000e+25
