 PDE 1998 12 14 19 35 26.80 -15.0600  167.3100 139.9 5.5 0.0 VANUATU ISLANDS
event name:     C121498E
time shift:      2.8000
half duration:   2.4000
latitude:      -14.9600
longitude:     167.2700
depth:         126.6000
Mrr:       1.457000e+24
Mtt:       1.455000e+24
Mpp:      -2.912000e+24
Mrt:      -2.439000e+24
Mrp:      -9.563000e+24
Mtp:       3.599000e+24
