 PDE 1995 12 19 23 28 12.80  -3.6900  140.2700  71.0 6.2 0.0 IRIAN JAYA, INDONESIA
event name:     C121995C
time shift:      8.2000
half duration:   4.2000
latitude:       -3.4200
longitude:     140.2600
depth:          66.9000
Mrr:      -5.616000e+25
Mtt:       1.710000e+25
Mpp:       3.906000e+25
Mrt:      -3.880000e+24
Mrp:       2.473000e+25
Mtp:       1.729000e+25
