 PDE 2004 12 13 15 23 41.00  13.3900  -89.3700  62.3 5.4 0.0 EL SALVADOR
event name:     C121304C
time shift:      4.4000
half duration:   2.3000
latitude:       13.3000
longitude:     -89.8100
depth:          60.0000
Mrr:       1.660000e+24
Mtt:      -1.320000e+24
Mpp:      -3.450000e+23
Mrt:       8.260000e+24
Mrp:      -4.460000e+24
Mtp:       1.230000e+24
