 PDE 2002 12 11  3 49 40.20  -3.8100  135.1200  10.0 5.8 6.0 IRIAN JAYA REGION, INDONESIA
event name:     C121102A
time shift:      9.5000
half duration:   3.2000
latitude:       -3.6800
longitude:     135.1300
depth:          15.0000
Mrr:       2.730000e+24
Mtt:      -1.781000e+25
Mpp:       1.508000e+25
Mrt:      -1.900000e+23
Mrp:      -3.800000e+23
Mtp:      -1.922000e+25
