 PDE 1999 12 10 18 38 30.10 -36.2100  -97.3200  10.0 5.7 6.2 WEST CHILE RISE
event name:     C121099D
time shift:      5.3000
half duration:   4.4000
latitude:      -36.3800
longitude:     -97.5200
depth:          15.0000
Mrr:      -5.220000e+24
Mtt:       5.100000e+23
Mpp:       4.710000e+24
Mrt:       1.440000e+25
Mrp:      -1.355000e+25
Mtp:      -6.548000e+25
