 PDE 1995 12 11 19 44 10.20  18.4300 -105.4400  23.5 5.1 0.0 OFF COAST OF JALISCO, MEXICO
event name:     C121195G
time shift:      1.6000
half duration:   2.6000
latitude:       18.7100
longitude:    -105.6800
depth:          15.0000
Mrr:       1.700000e+23
Mtt:       3.620000e+24
Mpp:      -3.780000e+24
Mrt:      -7.500000e+23
Mrp:      -3.480000e+24
Mtp:      -1.431000e+25
