 PDE 2001 12 12 14  2 35.00 -42.8100  124.6900  10.0 6.5 6.7 SOUTH OF AUSTRALIA
event name:     C121201C
time shift:     14.8000
half duration:   8.4000
latitude:      -42.6900
longitude:     124.6700
depth:          16.0000
Mrr:       2.420000e+26
Mtt:       5.360000e+25
Mpp:      -2.956000e+26
Mrt:      -3.250000e+25
Mrp:      -1.360000e+25
Mtp:      -4.386000e+26
