 PDE 2004 12 14 23 20 13.40  18.9600  -81.4100  10.0 6.2 6.7 NORTH OF HONDURAS
event name:     C121404B
time shift:      6.0000
half duration:   6.0000
latitude:       19.0500
longitude:     -81.5200
depth:          12.0000
Mrr:      -1.240000e+25
Mtt:      -6.360000e+25
Mpp:       7.600000e+25
Mrt:       7.800000e+24
Mrp:      -1.760000e+25
Mtp:       1.630000e+26
