 PDE 2001 12 12 12 53 18.40 -17.1900  167.7200  33.0 6.0 6.0 VANUATU ISLANDS
event name:     C121201B
time shift:      7.5000
half duration:   2.9000
latitude:      -17.2200
longitude:     167.3700
depth:          54.0000
Mrr:       1.561000e+25
Mtt:       2.560000e+24
Mpp:      -1.816000e+25
Mrt:      -2.130000e+24
Mrp:       1.100000e+23
Mtp:      -1.840000e+24
