 PDE 2003 12 10  4 38 11.60  23.0400  121.3600  10.0 6.0 6.7 TAIWAN REGION
event name:     C121003B
time shift:      9.1000
half duration:   6.2000
latitude:       22.9400
longitude:     121.4300
depth:          25.0000
Mrr:       1.760000e+26
Mtt:      -1.260000e+25
Mpp:      -1.640000e+26
Mrt:      -3.060000e+25
Mrp:       4.120000e+25
Mtp:      -9.360000e+25
