 PDE 2004 12 18 17 15 26.40 -16.0500 -174.7900  10.0 5.1 5.5 TONGA ISLANDS
event name:     C121804G
time shift:      5.5000
half duration:   1.9000
latitude:      -15.9400
longitude:    -174.6800
depth:          12.0000
Mrr:       6.160000e+23
Mtt:      -4.290000e+24
Mpp:       3.670000e+24
Mrt:      -4.560000e+23
Mrp:       3.800000e+23
Mtp:      -4.060000e+24
