 PDE 2002 12 12  8 30 42.80  -4.7900  153.2700  34.0 5.9 6.7 NEW IRELAND REGION, P.N.G.
event name:     C121202C
time shift:      8.8000
half duration:   5.1000
latitude:       -4.8100
longitude:     153.2100
depth:          45.0000
Mrr:       6.617000e+25
Mtt:       2.864000e+25
Mpp:      -9.482000e+25
Mrt:      -4.075000e+25
Mrp:      -3.417000e+25
Mtp:       1.295000e+25
