 PDE 2000 12 12  5 26 45.90   6.0100  -82.6800  10.0 5.8 5.7 SOUTH OF PANAMA
event name:     C121200B
time shift:      4.5000
half duration:   2.8000
latitude:        5.7800
longitude:     -82.6000
depth:          15.0000
Mrr:      -1.400000e+23
Mtt:       3.400000e+23
Mpp:      -2.000000e+23
Mrt:       2.410000e+24
Mrp:      -4.600000e+23
Mtp:       1.722000e+25
