 PDE 2002 12 18 14 12 21.80 -57.0900  -24.9800  10.0 5.5 6.0 SOUTH SANDWICH ISLANDS REGION
event name:     C121802D
time shift:      9.2000
half duration:   2.9000
latitude:      -57.1700
longitude:     -24.4500
depth:          17.0000
Mrr:       1.401000e+25
Mtt:      -7.000000e+23
Mpp:      -1.330000e+25
Mrt:      -2.410000e+24
Mrp:       1.102000e+25
Mtp:       4.480000e+24
