 PDE 1997 12 18 15  2  0.30  13.8400  -88.7400 182.1 5.3 0.0 EL SALVADOR
event name:     C121897C
time shift:      4.7000
half duration:   2.6000
latitude:       13.9400
longitude:     -89.1900
depth:         177.6000
Mrr:       6.426000e+24
Mtt:      -2.522000e+24
Mpp:      -3.904000e+24
Mrt:       6.902000e+24
Mrp:      -6.668000e+24
Mtp:       2.129000e+24
