 PDE 2000 12 15 16 44 47.70  38.4600   31.3500  10.0 5.1 5.8 TURKEY
event name:     C121500F
time shift:      4.0000
half duration:   2.7000
latitude:       38.4000
longitude:      31.3500
depth:          15.0000
Mrr:      -1.107000e+25
Mtt:       1.084000e+25
Mpp:       2.300000e+23
Mrt:      -1.140000e+24
Mrp:       1.660000e+24
Mtp:      -4.990000e+24
