 PDE 1999 12 18 17 44 55.10  -2.4200  139.6800  16.2 6.0 6.1 NEAR NORTH COAST OF IRIAN JAYA
event name:     C121899B
time shift:      7.6000
half duration:   3.2000
latitude:       -2.3400
longitude:     139.8600
depth:          24.0000
Mrr:       1.132000e+25
Mtt:      -1.825000e+25
Mpp:       6.930000e+24
Mrt:      -3.010000e+24
Mrp:       1.223000e+25
Mtp:       9.540000e+24
