 PDE 1998 12 16 17 45  5.40   1.1200  126.1800  33.0 5.9 5.8 NORTHERN MOLUCCA SEA
event name:     C121698G
time shift:      7.2000
half duration:   2.7000
latitude:        1.1500
longitude:     126.0800
depth:          22.5000
Mrr:       9.960000e+24
Mtt:       3.080000e+24
Mpp:      -1.304000e+25
Mrt:       1.164000e+25
Mrp:      -8.100000e+24
Mtp:      -7.090000e+24
