 PDE 2004 12 18  6 46 19.90  48.8400  156.3100  11.0 5.5 6.1 EAST OF KURIL ISLANDS
event name:     C121804B
time shift:      5.5000
half duration:   2.7000
latitude:       48.7700
longitude:     156.5800
depth:          15.0000
Mrr:       1.450000e+25
Mtt:      -5.760000e+24
Mpp:      -8.730000e+24
Mrt:       8.780000e+24
Mrp:       1.210000e+25
Mtp:      -8.000000e+24
