 PDE 2002 12 10  4 27 54.60 -24.1400  179.2400 530.6 5.5 0.0 SOUTH OF FIJI ISLANDS
event name:     C121002C
time shift:      6.4000
half duration:   2.4000
latitude:      -24.0200
longitude:     179.2800
depth:         538.8000
Mrr:      -1.012000e+25
Mtt:       3.860000e+24
Mpp:       6.250000e+24
Mrt:       1.040000e+24
Mrp:      -3.980000e+24
Mtp:      -5.420000e+24
