 PDE 1995 12 11 14  9 18.00  18.4300 -105.3600   0.0 5.3 0.0 OFF COAST OF JALISCO, MEXICO
event name:     C121195C
time shift:      8.1000
half duration:   3.6000
latitude:       18.8400
longitude:    -105.7500
depth:          15.0000
Mrr:      -3.700000e+23
Mtt:       6.790000e+24
Mpp:      -6.420000e+24
Mrt:       7.010000e+24
Mrp:      -9.500000e+24
Mtp:      -3.134000e+25
