 PDE 2001 12 18  4  2 58.30  23.9500  122.7300  14.0 6.3 7.3 TAIWAN REGION
event name:     C121801C
time shift:      6.2000
half duration:   7.1000
latitude:       24.0000
longitude:     122.7900
depth:          16.0000
Mrr:      -1.457000e+26
Mtt:      -6.760000e+25
Mpp:       2.133000e+26
Mrt:       7.600000e+25
Mrp:       4.580000e+25
Mtp:      -1.630000e+25
