 PDE 1999 12 17  0 27 28.90 -50.2600  139.4200  10.0 5.4 5.8 WESTERN INDIAN-ANTARCTIC RIDGE
event name:     C121799A
time shift:      7.2000
half duration:   2.5000
latitude:      -50.4100
longitude:     139.4200
depth:          15.0000
Mrr:      -4.100000e+23
Mtt:      -3.000000e+23
Mpp:       7.100000e+23
Mrt:       1.510000e+24
Mrp:      -8.900000e+23
Mtp:      -1.221000e+25
