 PDE 1999 12 15  4 41 12.40  -5.7900  150.9700  33.0 5.6 6.3 NEW BRITAIN REGION, P.N.G.
event name:     C121599B
time shift:      8.2000
half duration:   3.5000
latitude:       -6.0300
longitude:     151.1300
depth:          34.0000
Mrr:       2.099000e+25
Mtt:      -2.189000e+25
Mpp:       9.000000e+23
Mrt:       1.870000e+25
Mrp:       4.380000e+24
Mtp:      -7.610000e+24
