 PDE 1997 12 17  4 38 51.50  51.1900  178.8700  20.0 5.8 6.5 RAT ISLANDS, ALEUTIAN ISLANDS
event name:     C121797A
time shift:      6.8000
half duration:   5.1000
latitude:       51.2500
longitude:     178.9200
depth:          22.0000
Mrr:       6.679000e+25
Mtt:      -7.131000e+25
Mpp:       4.520000e+24
Mrt:       6.600000e+25
Mrp:       2.209000e+25
Mtp:      -1.508000e+25
