 PDE 2002 12 17  4 32 53.10 -56.9500  -24.8300  10.0 5.4 6.3 SOUTH SANDWICH ISLANDS REGION
event name:     C121702A
time shift:      9.0000
half duration:   3.3000
latitude:      -57.0300
longitude:     -24.1700
depth:          18.0000
Mrr:       1.876000e+25
Mtt:      -2.560000e+24
Mpp:      -1.620000e+25
Mrt:      -4.370000e+24
Mrp:       1.131000e+25
Mtp:       8.370000e+24
