 PDE 1995 12 10 23 47  0.10 -21.2500 -178.1100 403.4 5.2 0.0 FIJI ISLANDS REGION
event name:     C121095H
time shift:      4.4000
half duration:   2.9000
latitude:      -21.5200
longitude:    -177.7800
depth:         433.8000
Mrr:      -1.455000e+25
Mtt:       1.270000e+24
Mpp:       1.327000e+25
Mrt:      -2.000000e+24
Mrp:      -1.101000e+25
Mtp:       6.460000e+24
