 PDE 1997 12 17  5 51 29.20  36.3900   70.7700 207.0 5.5 0.0 HINDU KUSH REGION, AFGHANISTAN
event name:     C121797B
time shift:      7.0000
half duration:   3.4000
latitude:       36.5300
longitude:      70.6200
depth:         223.7000
Mrr:       1.970000e+25
Mtt:      -1.805000e+25
Mpp:      -1.650000e+24
Mrt:       2.362000e+25
Mrp:      -7.130000e+24
Mtp:       6.050000e+24
