 PDE 1998 12 14 16 25 25.00 -38.2100  -71.0300 138.4 5.4 4.8 S. CHILE-ARGENTINA BORDER REGION
event name:     C121498D
time shift:      5.6000
half duration:   2.4000
latitude:      -38.2800
longitude:     -71.2500
depth:         145.9000
Mrr:      -1.800000e+22
Mtt:      -1.235000e+24
Mpp:       1.253000e+24
Mrt:       2.373000e+24
Mrp:      -9.828000e+24
Mtp:       1.011000e+24
