 PDE 1998 12 16  0 18 45.00  31.2900  131.2900  41.6 5.5 5.6 KYUSHU, JAPAN
event name:     C121698A
time shift:      3.6000
half duration:   2.6000
latitude:       31.1700
longitude:     131.5400
depth:          27.0000
Mrr:       4.354000e+24
Mtt:      -1.012000e+24
Mpp:      -3.341000e+24
Mrt:       7.917000e+24
Mrp:       7.437000e+24
Mtp:      -2.811000e+24
