 PDE 1999 12 16 14 17 54.80 -50.1500  138.9900  10.0 5.4 5.8 WESTERN INDIAN-ANTARCTIC RIDGE
event name:     C121699D
time shift:      6.6000
half duration:   2.4000
latitude:      -50.4200
longitude:     139.3500
depth:          15.0000
Mrr:      -7.000000e+22
Mtt:       9.000000e+22
Mpp:      -2.000000e+22
Mrt:       2.100000e+24
Mrp:      -1.600000e+23
Mtp:      -1.128000e+25
