 PDE 1997 12 11  7 56 28.90   3.9300  -75.7900 177.5 6.0 0.0 COLOMBIA
event name:     C121197C
time shift:      6.9000
half duration:   3.7000
latitude:        4.1100
longitude:     -75.8400
depth:         189.5000
Mrr:       2.014000e+25
Mtt:      -3.614000e+25
Mpp:       1.600000e+25
Mrt:       2.540000e+24
Mrp:      -2.012000e+25
Mtp:       1.491000e+25
