 PDE 1995 12 10 22 23 10.80  44.3800  149.5900   0.0 5.2 0.0 EAST OF KURIL ISLANDS
event name:     C121095E
time shift:     10.3000
half duration:   3.5000
latitude:       44.3700
longitude:     150.1200
depth:          15.0000
Mrr:       2.201000e+25
Mtt:      -8.500000e+24
Mpp:      -1.351000e+25
Mrt:       1.312000e+25
Mrp:       2.121000e+25
Mtp:      -1.404000e+25
