 PDE 1996 12 10  8 36 18.70   0.8700  -30.0400  10.0 6.0 6.2 CENTRAL MID-ATLANTIC RIDGE
event name:     C121096B
time shift:      7.7000
half duration:   4.9000
latitude:        0.8600
longitude:     -29.6500
depth:          15.0000
Mrr:      -2.000000e+23
Mtt:       1.620000e+25
Mpp:      -1.600000e+25
Mrt:       4.000000e+23
Mrp:       3.070000e+25
Mtp:      -1.036000e+26
