 PDE 1999 12 22 13 32 37.60 -10.8900  165.4600  33.0 5.6 5.7 SANTA CRUZ ISLANDS
event name:     C122299D
time shift:      7.7000
half duration:   2.3000
latitude:      -10.9500
longitude:     165.2600
depth:          15.0000
Mrr:       9.930000e+24
Mtt:       4.700000e+23
Mpp:      -1.040000e+25
Mrt:       2.190000e+24
Mrp:      -2.900000e+24
Mtp:       1.440000e+24
