 PDE 2000 12 20 16 49 43.30  -9.2300  154.3500  33.0 5.8 6.3 D'ENTRECASTEAUX ISLANDS REGION
event name:     C122000H
time shift:      6.9000
half duration:   5.2000
latitude:       -9.2900
longitude:     154.7100
depth:          15.0000
Mrr:      -7.420000e+24
Mtt:       2.273000e+25
Mpp:      -1.531000e+25
Mrt:      -2.650000e+24
Mrp:       5.480000e+24
Mtp:       9.346000e+25
