 PDE 1999 12 24 19 26  4.90 -56.2100  146.7200  10.0 5.6 6.1 WEST OF MACQUARIE ISLAND
event name:     C122499A
time shift:      7.7000
half duration:   3.2000
latitude:      -56.2100
longitude:     146.9600
depth:          15.0000
Mrr:      -2.210000e+24
Mtt:       1.413000e+25
Mpp:      -1.192000e+25
Mrt:       6.800000e+24
Mrp:       1.500000e+23
Mtp:      -2.313000e+25
