 PDE 2002 12 20 14 14 42.00  -3.0800  147.9400  33.0 5.8 6.4 BISMARCK SEA
event name:     C122002A
time shift:      2.7000
half duration:   3.6000
latitude:       -3.0100
longitude:     148.2000
depth:          15.0000
Mrr:       3.400000e+23
Mtt:       1.769000e+25
Mpp:      -1.803000e+25
Mrt:      -4.400000e+24
Mrp:       7.090000e+24
Mtp:       2.540000e+25
