 PDE 2000 12 23  7 13 24.30  -7.8700  135.8200  61.7 5.8 5.4 ARU ISLANDS REGION, INDONESIA
event name:     C122300A
time shift:      6.0000
half duration:   2.6000
latitude:       -7.8500
longitude:     135.7400
depth:          68.6000
Mrr:       5.100000e+23
Mtt:      -1.006000e+25
Mpp:       9.550000e+24
Mrt:      -4.900000e+23
Mrp:       1.580000e+24
Mtp:       5.980000e+24
