 PDE 1999 12 28 12 46 58.30   5.6100  -82.6400  10.0 5.4 5.5 SOUTH OF PANAMA
event name:     C122899B
time shift:      7.4000
half duration:   2.9000
latitude:        5.4900
longitude:     -82.5200
depth:          15.0000
Mrr:      -2.000000e+22
Mtt:       3.000000e+23
Mpp:      -2.800000e+23
Mrt:       5.110000e+24
Mrp:      -1.280000e+24
Mtp:       1.828000e+25
