 PDE 2003 12 29  1 30 54.70  42.4200  144.6100  33.0 5.7 5.9 HOKKAIDO, JAPAN REGION
event name:     C122903B
time shift:      4.0000
half duration:   2.6000
latitude:       42.3500
longitude:     144.8200
depth:          29.0000
Mrr:       8.010000e+24
Mtt:      -3.760000e+24
Mpp:      -4.250000e+24
Mrt:       8.420000e+24
Mrp:       1.380000e+25
Mtp:      -5.510000e+24
