 PDE 1994 12 27 17 32 52.50 -32.0000  179.8700 228.0 6.0 0.0 KERMADEC ISLANDS REGION
event name:     C122794C
time shift:      5.4000
half duration:   3.6000
latitude:      -31.8400
longitude:     179.8200
depth:         225.8000
Mrr:      -3.338000e+25
Mtt:      -3.460000e+24
Mpp:       3.684000e+25
Mrt:      -1.644000e+25
Mrp:      -8.060000e+24
Mtp:      -2.030000e+24
