 PDE 2004 12 26 15  6 33.20   3.6500   94.0900  17.8 5.6 6.1 OFF W COAST OF NORTHERN SUMATRA
event name:     C122604I
time shift:      3.6000
half duration:   2.3000
latitude:        3.4700
longitude:      94.1700
depth:          12.0000
Mrr:       5.550000e+24
Mtt:      -4.390000e+24
Mpp:      -1.160000e+24
Mrt:       2.460000e+24
Mrp:       6.930000e+24
Mtp:       6.160000e+24
