 PDE 1998 12 27  0 38 26.80 -21.6300 -176.3800 144.3 6.1 0.0 TONGA ISLANDS
event name:     C122798A
time shift:      7.1000
half duration:   6.4000
latitude:      -21.6900
longitude:    -175.8600
depth:         159.6000
Mrr:      -4.370000e+25
Mtt:       5.230000e+25
Mpp:      -8.600000e+24
Mrt:      -5.900000e+25
Mrp:      -1.762000e+26
Mtp:       6.800000e+25
