 PDE 1999 12 29  5 19 46.90  18.2400 -101.4300  69.9 6.1 5.4 GUERRERO, MEXICO
event name:     C122999A
time shift:      2.4000
half duration:   2.2000
latitude:       18.0000
longitude:    -101.6300
depth:          50.0000
Mrr:      -3.768000e+24
Mtt:       5.196000e+24
Mpp:      -1.428000e+24
Mrt:      -5.646000e+24
Mrp:       3.596000e+24
Mtp:      -1.990000e+24
