 PDE 1997 12 22  2  5 50.10  -5.4900  147.8700 179.3 6.3 6.7 NEW BRITAIN REGION, P.N.G.
event name:     C122297A
time shift:     11.7000
half duration:   8.7000
latitude:       -5.5600
longitude:     148.0500
depth:         196.5000
Mrr:      -4.380000e+25
Mtt:      -5.163000e+26
Mpp:       5.602000e+26
Mrt:       3.259000e+26
Mrp:       5.490000e+25
Mtp:      -2.010000e+25
