 PDE 1995 12 25  4 43 24.90  -6.9400  129.1800 150.0 6.2 0.0 BANDA SEA
event name:     C122595E
time shift:     11.5000
half duration:   8.3000
latitude:       -6.9300
longitude:     129.6500
depth:         160.7000
Mrr:       2.762000e+26
Mtt:      -3.229000e+26
Mpp:       4.670000e+25
Mrt:      -3.040000e+25
Mrp:       3.090000e+26
Mtp:      -1.978000e+26
