 PDE 2003 12 22 19 15 56.00  35.7100 -121.1000   7.6 6.1 6.4 CENTRAL CALIFORNIA
event name:     C122203C
time shift:     10.3000
half duration:   4.5000
latitude:       35.7500
longitude:    -121.1500
depth:          15.0000
Mrr:       7.430000e+25
Mtt:      -6.120000e+25
Mpp:      -1.320000e+25
Mrt:       3.110000e+25
Mrp:      -1.830000e+25
Mtp:       3.390000e+25
