 PDE 2000 12 28  4 34 28.50  -4.0500  152.3100  33.0 5.6 6.0 NEW IRELAND REGION, P.N.G.
event name:     C122800A
time shift:      4.8000
half duration:   2.8000
latitude:       -3.8700
longitude:     152.4800
depth:          21.0000
Mrr:       1.570000e+24
Mtt:       1.763000e+25
Mpp:      -1.921000e+25
Mrt:      -2.140000e+24
Mrp:       1.310000e+24
Mtp:      -8.200000e+23
