 PDE 2004 12 28 21  7 36.20  53.2200 -173.7900 252.7 5.3 0.0 ANDREANOF ISLANDS, ALEUTIAN IS.
event name:     C122804Q
time shift:      2.6000
half duration:   2.0000
latitude:       53.1800
longitude:    -173.7900
depth:         258.4000
Mrr:       1.130000e+23
Mtt:      -3.360000e+24
Mpp:       3.240000e+24
Mrt:       4.300000e+24
Mrp:      -2.090000e+24
Mtp:      -2.880000e+24
