 PDE 2000 12 22 10 13  1.10  44.7900  147.2000 140.4 6.0 0.0 KURIL ISLANDS
event name:     C122200D
time shift:      2.3000
half duration:   3.0000
latitude:       44.7600
longitude:     147.1400
depth:         140.8000
Mrr:      -3.450000e+24
Mtt:       1.770000e+24
Mpp:       1.680000e+24
Mrt:       1.847000e+25
Mrp:       5.860000e+24
Mtp:       4.410000e+24
