 PDE 2003 12 25 20 42 33.70 -22.2500  169.4900  10.0 6.3 6.3 SOUTHEAST OF LOYALTY ISLANDS
event name:     C122503C
time shift:      9.3000
half duration:   4.2000
latitude:      -22.2900
longitude:     169.4200
depth:          15.0000
Mrr:      -5.920000e+25
Mtt:       3.880000e+25
Mpp:       2.040000e+25
Mrt:      -3.520000e+24
Mrp:       1.440000e+25
Mtp:      -3.250000e+25
