 PDE 2003 12 27  4 55 25.50 -22.1100  169.3500  10.0 5.9 5.9 SOUTHEAST OF LOYALTY ISLANDS
event name:     C122703A
time shift:      8.3000
half duration:   2.8000
latitude:      -22.1300
longitude:     169.2700
depth:          15.0000
Mrr:      -1.660000e+25
Mtt:       9.720000e+24
Mpp:       6.890000e+24
Mrt:       6.680000e+24
Mrp:      -3.230000e+24
Mtp:      -8.740000e+24
