 PDE 2001 12 23 22 52 54.30  -9.6100  159.5300  16.0 6.2 7.0 SOLOMON ISLANDS
event name:     C122301F
time shift:      7.4000
half duration:   8.3000
latitude:       -9.6300
longitude:     159.5000
depth:          18.0000
Mrr:       1.127000e+26
Mtt:      -1.080000e+25
Mpp:      -1.019000e+26
Mrt:       1.940000e+25
Mrp:      -1.603000e+26
Mtp:       7.010000e+25
