 PDE 2003 12 27 22 38  1.90 -21.6700  169.8400  10.0 5.8 6.7 SOUTHEAST OF LOYALTY ISLANDS
event name:     C122703K
time shift:     11.8000
half duration:   5.5000
latitude:      -21.7100
longitude:     169.7500
depth:          24.0000
Mrr:       1.220000e+26
Mtt:      -3.720000e+25
Mpp:      -8.490000e+25
Mrt:       2.550000e+25
Mrp:      -6.300000e+25
Mtp:       6.200000e+25
