 PDE 2003 12 25  7 11 11.60   8.4200  -82.8200  33.0 6.0 6.4 PANAMA-COSTA RICA BORDER REGION
event name:     C122503A
time shift:      5.3000
half duration:   4.2000
latitude:        8.3800
longitude:     -82.8100
depth:          30.1000
Mrr:       1.280000e+25
Mtt:       2.120000e+25
Mpp:      -3.390000e+25
Mrt:       5.130000e+24
Mrp:       2.390000e+24
Mtp:       5.970000e+25
