 PDE 2004 12 22 21  3 39.40 -55.9400 -125.0000  10.0 5.0 5.6 SOUTHERN EAST PACIFIC RISE
event name:     C122204B
time shift:      2.7000
half duration:   2.6000
latitude:      -55.7700
longitude:    -124.4000
depth:          13.5000
Mrr:      -1.530000e+24
Mtt:       9.590000e+24
Mpp:      -8.060000e+24
Mrt:       1.220000e+24
Mrp:       8.600000e+23
Mtp:       1.180000e+25
