 PDE 2004 12 26 11  5  0.70  13.5300   92.8400  13.3 6.3 6.3 ANDAMAN ISLANDS, INDIA REGION
event name:     C122604F
time shift:      5.1000
half duration:   3.1000
latitude:       13.4900
longitude:      92.8400
depth:          14.0000
Mrr:       7.450000e+24
Mtt:       1.360000e+25
Mpp:      -2.100000e+25
Mrt:       1.370000e+25
Mrp:      -2.250000e+24
Mtp:       5.650000e+24
