 PDE 2004 12 26 13 56 40.20   2.7800   94.4700  30.0 5.5 5.9 OFF W COAST OF NORTHERN SUMATRA
event name:     C122604G
time shift:      1.9000
half duration:   2.1000
latitude:        2.5700
longitude:      94.3100
depth:          17.0000
Mrr:       8.880000e+24
Mtt:      -4.820000e+24
Mpp:      -4.060000e+24
Mrt:       1.730000e+24
Mrp:      -2.710000e+24
Mtp:       2.670000e+24
