 PDE 2004 12 26 10 19 31.70  13.4600   92.7400  26.4 6.1 6.0 ANDAMAN ISLANDS, INDIA REGION
event name:     C122604E
time shift:      2.9000
half duration:   3.4000
latitude:       13.5900
longitude:      92.6300
depth:          26.6000
Mrr:      -3.120000e+25
Mtt:       5.390000e+24
Mpp:       2.580000e+25
Mrt:       1.380000e+25
Mrp:       2.960000e+24
Mtp:       6.610000e+24
