 PDE 2003 12 27 22 55  1.30 -21.6500  169.7700  10.0 5.7 0.0 SOUTHEAST OF LOYALTY ISLANDS
event name:     C122703L
time shift:     10.5000
half duration:   3.3000
latitude:      -21.8000
longitude:     169.6700
depth:          20.8000
Mrr:       3.100000e+25
Mtt:      -9.210000e+24
Mpp:      -2.180000e+25
Mrt:       4.700000e+23
Mrp:      -9.550000e+24
Mtp:       1.420000e+25
