 PDE 2003 12 26 21 26  4.10 -22.2700  169.3100  10.0 6.1 6.8 SOUTHEAST OF LOYALTY ISLANDS
event name:     C122603I
time shift:     13.6000
half duration:   5.7000
latitude:      -22.3300
longitude:     169.3900
depth:          15.0000
Mrr:      -1.630000e+26
Mtt:       8.420000e+25
Mpp:       7.930000e+25
Mrt:       9.600000e+24
Mrp:      -2.200000e+25
Mtp:      -7.860000e+25
