 PDE 1999 12 29 13 29 19.60 -10.8600  165.3500  33.0 5.6 6.8 SANTA CRUZ ISLANDS
event name:     C122999C
time shift:     21.5000
half duration:   6.0000
latitude:      -11.1400
longitude:     165.1900
depth:          15.0000
Mrr:       1.569000e+26
Mtt:      -3.560000e+25
Mpp:      -1.213000e+26
Mrt:       1.410000e+26
Mrp:      -1.070000e+26
Mtp:       5.450000e+25
