 PDE 2004 12 29  6  5 16.80   8.8200   93.0900  30.0 5.6 0.0 NICOBAR ISLANDS, INDIA REGION
event name:     C122904D
time shift:      2.3000
half duration:   2.0000
latitude:        8.7400
longitude:      93.2400
depth:          12.0000
Mrr:       9.200000e+22
Mtt:      -7.300000e+23
Mpp:       6.380000e+23
Mrt:      -5.900000e+22
Mrp:       6.700000e+24
Mtp:      -1.020000e+24
