 PDE 2000 12 21  2 41 23.10  -5.3500  154.1300 386.7 5.5 0.0 SOLOMON ISLANDS
event name:     C122100B
time shift:      3.9000
half duration:   2.2000
latitude:       -5.2500
longitude:     154.4300
depth:         385.3000
Mrr:      -1.045000e+25
Mtt:       1.340000e+24
Mpp:       9.110000e+24
Mrt:       5.400000e+23
Mrp:      -3.200000e+23
Mtp:      -3.610000e+24
