 PDE 2004 12 20  7 39 28.60 -15.8700 -174.6300 227.8 5.0 0.0 TONGA ISLANDS
event name:     C122004B
time shift:      7.0000
half duration:   1.9000
latitude:      -15.8000
longitude:    -174.2200
depth:         256.1000
Mrr:       8.320000e+23
Mtt:      -1.120000e+24
Mpp:       2.840000e+23
Mrt:      -9.200000e+22
Mrp:       5.190000e+24
Mtp:      -1.480000e+24
