 PDE 1999 12 21 14 14 57.60  -6.8400  105.5600  56.0 6.2 6.3 JAVA, INDONESIA
event name:     C122199C
time shift:      3.9000
half duration:   5.4000
latitude:       -7.0600
longitude:     105.5400
depth:          56.0000
Mrr:      -9.500000e+23
Mtt:      -1.581000e+25
Mpp:       1.676000e+25
Mrt:       4.479000e+25
Mrp:      -1.391000e+25
Mtp:      -2.440000e+25
