 PDE 2003 12 25 14 21 14.90 -34.9500 -178.2500  34.6 5.7 5.8 SOUTH OF KERMADEC ISLANDS
event name:     C122503B
time shift:      0.0000
half duration:   2.0000
latitude:      -34.8500
longitude:    -177.9800
depth:          38.4000
Mrr:       6.300000e+22
Mtt:      -4.410000e+24
Mpp:       4.350000e+24
Mrt:       2.280000e+24
Mrp:       2.150000e+23
Mtp:      -5.060000e+24
