 PDE 2000 12 21  1  1 27.80  -5.7100  151.1200  33.0 6.4 6.5 NEW BRITAIN REGION, P.N.G.
event name:     C122100A
time shift:      7.2000
half duration:   4.1000
latitude:       -5.9100
longitude:     151.6300
depth:          53.0000
Mrr:       2.770000e+25
Mtt:      -5.900000e+24
Mpp:      -2.180000e+25
Mrt:       9.310000e+24
Mrp:       2.587000e+25
Mtp:      -9.750000e+24
