 PDE 1998 12 26 15 39  7.80  -1.3600  123.6400  33.0 5.4 5.6 SULAWESI, INDONESIA
event name:     C122698D
time shift:      2.7000
half duration:   2.3000
latitude:       -1.3700
longitude:     123.8700
depth:          21.5000
Mrr:       8.500000e+23
Mtt:       7.301000e+24
Mpp:      -8.151000e+24
Mrt:      -8.110000e+23
Mrp:       3.810000e+23
Mtp:      -5.216000e+24
