 PDE 1997 12 27 20 11  1.30 -55.7800   -4.2200  10.0 5.4 5.3 SOUTHERN MID-ATLANTIC RIDGE
event name:     C122797A
time shift:      9.2000
half duration:   2.8000
latitude:      -55.9700
longitude:      -3.7200
depth:          15.0000
Mrr:      -1.800000e+24
Mtt:      -5.310000e+24
Mpp:       7.110000e+24
Mrt:       3.370000e+24
Mrp:      -3.710000e+24
Mtp:       1.961000e+25
