 PDE 2003 12 21  7 40 45.80  -0.7700  -20.6000  10.0 5.5 5.8 CENTRAL MID-ATLANTIC RIDGE
event name:     C122103B
time shift:     20.3000
half duration:   4.2000
latitude:       -0.3900
longitude:     -20.1300
depth:          15.0000
Mrr:      -9.860000e+24
Mtt:       2.910000e+25
Mpp:      -1.920000e+25
Mrt:       3.330000e+24
Mrp:      -8.870000e+24
Mtp:      -7.360000e+25
