 PDE 2004 12 26  9 20  1.60   8.8800   92.3800  16.1 6.0 6.6 NICOBAR ISLANDS, INDIA REGION
event name:     C122604C
time shift:      9.8000
half duration:   4.9000
latitude:        8.5800
longitude:      92.4500
depth:          12.0000
Mrr:       9.370000e+25
Mtt:      -1.240000e+25
Mpp:      -8.130000e+25
Mrt:       1.600000e+24
Mrp:      -2.670000e+25
Mtp:       3.240000e+25
