 PDE 2004 12 26 19 19 55.60   2.7900   94.1600  30.0 5.5 6.2 OFF W COAST OF NORTHERN SUMATRA
event name:     C122604N
time shift:      4.3000
half duration:   2.7000
latitude:        2.5900
longitude:      94.0400
depth:          12.0000
Mrr:       1.010000e+25
Mtt:      -5.910000e+24
Mpp:      -4.230000e+24
Mrt:       1.100000e+25
Mrp:      -2.040000e+24
Mtp:       1.060000e+25
