 PDE 1996 12 22 14 53 27.60  43.2100  138.9200 227.0 6.0 0.0 EASTERN SEA OF JAPAN
event name:     C122296B
time shift:      4.9000
half duration:   4.3000
latitude:       43.2900
longitude:     138.7800
depth:         244.7000
Mrr:      -3.324000e+25
Mtt:       4.341000e+25
Mpp:      -1.017000e+25
Mrt:       5.015000e+25
Mrp:       1.979000e+25
Mtp:      -1.275000e+25
