 PDE 2001 12 27 10 54 51.80 -14.6500  167.2600 153.2 5.7 0.0 VANUATU ISLANDS
event name:     C122701A
time shift:      6.3000
half duration:   3.0000
latitude:      -14.6600
longitude:     167.1300
depth:         161.7000
Mrr:       1.415000e+25
Mtt:       2.380000e+24
Mpp:      -1.653000e+25
Mrt:      -7.880000e+24
Mrp:      -2.070000e+24
Mtp:       7.540000e+24
