 PDE 1999 12 29 22 53 57.20 -11.1600  165.3300  33.0 5.5 6.0 SANTA CRUZ ISLANDS
event name:     C122999K
time shift:      3.2000
half duration:   2.9000
latitude:      -11.1300
longitude:     165.1700
depth:          15.0000
Mrr:       1.282000e+25
Mtt:      -5.700000e+23
Mpp:      -1.225000e+25
Mrt:       1.161000e+25
Mrp:      -9.790000e+24
Mtp:       5.970000e+24
