 PDE 2004 12 29  1 50 52.60   9.1100   93.7600   8.0 6.0 5.7 NICOBAR ISLANDS, INDIA REGION
event name:     C122904C
time shift:      5.1000
half duration:   2.5000
latitude:        9.1200
longitude:      93.9700
depth:          12.0000
Mrr:      -9.350000e+24
Mtt:      -2.040000e+24
Mpp:       1.140000e+25
Mrt:       4.760000e+24
Mrp:      -4.980000e+24
Mtp:       3.390000e+24
