 PDE 2004 12 27  9 39  6.80   5.3500   94.6500  35.0 6.2 5.9 NORTHERN SUMATRA, INDONESIA
event name:     C122704R
time shift:      3.8000
half duration:   2.5000
latitude:        5.2100
longitude:      94.4800
depth:          41.0000
Mrr:       8.590000e+24
Mtt:      -4.070000e+24
Mpp:      -4.510000e+24
Mrt:       7.210000e+24
Mrp:      -6.390000e+24
Mtp:       4.770000e+24
