 PDE 1999 12 24 22 35 38.70 -56.3700  147.0600  10.0 5.5 5.9 WEST OF MACQUARIE ISLAND
event name:     C122499B
time shift:      7.2000
half duration:   2.6000
latitude:      -56.5000
longitude:     147.1000
depth:          15.0000
Mrr:      -1.400000e+24
Mtt:       7.530000e+24
Mpp:      -6.130000e+24
Mrt:       3.660000e+24
Mrp:      -2.340000e+24
Mtp:      -1.260000e+25
