 PDE 2004 12 29  1 39 41.20   8.3800   93.1600  34.0 5.5 0.0 NICOBAR ISLANDS, INDIA REGION
event name:     C122904B
time shift:      4.0000
half duration:   2.5000
latitude:        8.2200
longitude:      93.0200
depth:          39.0000
Mrr:       3.260000e+24
Mtt:      -2.000000e+22
Mpp:      -3.240000e+24
Mrt:       1.070000e+24
Mrp:      -6.660000e+24
Mtp:       1.780000e+24
