 PDE 2004 12 24 13 39 43.80 -20.3600 -178.6700 614.5 5.2 0.0 FIJI ISLANDS REGION
event name:     C122404C
time shift:      1.8000
half duration:   1.8000
latitude:      -20.2100
longitude:    -178.5500
depth:         620.9000
Mrr:      -9.350000e+23
Mtt:       1.760000e+24
Mpp:      -8.260000e+23
Mrt:      -3.870000e+24
Mrp:      -2.220000e+24
Mtp:      -9.560000e+23
