 PDE 1995 12 30  3 26  8.20  -4.7100 -104.7800  10.0 5.2 5.6 CENTRAL EAST PACIFIC RISE
event name:     C123095B
time shift:      9.7000
half duration:   2.7000
latitude:       -4.4100
longitude:    -104.9400
depth:          15.0000
Mrr:      -1.340000e+24
Mtt:       3.990000e+24
Mpp:      -2.640000e+24
Mrt:      -1.760000e+24
Mrp:       3.950000e+24
Mtp:       1.392000e+25
