 PDE 2004 12 31 17 48  5.70   4.7300   95.1400  49.0 5.4 0.0 NORTHERN SUMATRA, INDONESIA
event name:     C123104M
time shift:      2.5000
half duration:   2.2000
latitude:        4.6800
longitude:      95.0900
depth:          24.0000
Mrr:       1.020000e+24
Mtt:      -4.120000e+23
Mpp:      -6.070000e+23
Mrt:       6.440000e+24
Mrp:      -6.840000e+24
Mtp:       3.050000e+23
