 PDE 2004 12 31 12  4 57.50   6.2000   92.9100  11.0 5.5 6.1 NICOBAR ISLANDS, INDIA REGION
event name:     C123104H
time shift:      4.7000
half duration:   2.4000
latitude:        6.0300
longitude:      92.8000
depth:          12.0000
Mrr:       6.520000e+24
Mtt:      -1.400000e+23
Mpp:      -6.390000e+24
Mrt:       6.680000e+24
Mrp:      -1.700000e+24
Mtp:       6.270000e+24
