 PDE 2002 12 30  4 49  8.70   7.4700  123.4100  10.0 5.9 6.2 MINDANAO, PHILIPPINES
event name:     C123002A
time shift:      5.0000
half duration:   1.0000
latitude:        7.3900
longitude:     123.4100
depth:          20.0000
Mrr:       4.200000e+23
Mtt:       3.166000e+25
Mpp:      -3.208000e+25
Mrt:      -6.130000e+24
Mrp:      -2.540000e+24
Mtp:       6.750000e+24
