 PDE 1996 12 31 12 41 42.20  15.8300  -92.9700 100.0 5.4 0.0 NEAR COAST OF CHIAPAS, MEXICO
event name:     C123196C
time shift:      3.7000
half duration:   3.8000
latitude:       15.8300
longitude:     -93.1800
depth:          81.6000
Mrr:      -2.465000e+25
Mtt:       1.260000e+25
Mpp:       1.205000e+25
Mrt:       2.172000e+25
Mrp:      -1.955000e+25
Mtp:      -1.762000e+25
