 PDE 1995 12 30 12 11  7.40  40.7900  143.3800  33.0 5.7 6.2 OFF EAST COAST OF HONSHU, JAPAN
event name:     C123095C
time shift:      3.1000
half duration:   3.9000
latitude:       40.6700
longitude:     143.7600
depth:          21.6000
Mrr:       1.792000e+25
Mtt:       1.990000e+24
Mpp:      -1.991000e+25
Mrt:       1.312000e+25
Mrp:       2.733000e+25
Mtp:      -5.640000e+24
