 PDE 2004 12 31  2 24  0.50   7.1200   92.5300  14.0 5.7 6.3 NICOBAR ISLANDS, INDIA REGION
event name:     C123104A
time shift:      5.3000
half duration:   2.7000
latitude:        7.1000
longitude:      92.4300
depth:          12.0000
Mrr:       1.410000e+25
Mtt:      -3.080000e+24
Mpp:      -1.100000e+25
Mrt:      -1.620000e+24
Mrp:      -2.140000e+24
Mtp:       7.290000e+24
