 PDE 1996 12 30 19 41 52.00  -3.9900  128.1000  33.0 6.0 5.9 SERAM, INDONESIA
event name:     C123096D
time shift:      3.4000
half duration:   2.5000
latitude:       -3.9800
longitude:     128.0300
depth:          17.0000
Mrr:       2.900000e+23
Mtt:      -1.103000e+25
Mpp:       1.073000e+25
Mrt:       6.580000e+24
Mrp:      -1.130000e+24
Mtp:       2.210000e+24
