 PDE 2007 10 13 17 45 53.20 -21.2300  169.2000  37.0 5.8 6.1 SOUTHEAST OF LOYALTY ISLANDS
event name:     C200710131745A
time shift:      2.4000
half duration:   2.6000
latitude:      -21.1800
longitude:     169.2200
depth:          12.9000
Mrr:      -1.140000e+25
Mtt:      -4.360000e+24
Mpp:       1.570000e+25
Mrt:       3.800000e+24
Mrp:       2.400000e+24
Mtp:      -2.390000e+24
