 PDE 2005  3 25  1  4 53.00   5.4900   94.3700  39.0 5.9 5.7 NORTHERN SUMATRA, INDONESIA
event name:     C200503250104A
time shift:      2.2000
half duration:   2.0000
latitude:        5.3000
longitude:      94.2500
depth:          34.0000
Mrr:       4.680000e+24
Mtt:      -1.480000e+24
Mpp:      -3.200000e+24
Mrt:       3.590000e+24
Mrp:      -4.090000e+24
Mtp:       2.950000e+24
