 PDE 2008  9 12 16 44 30.80 -21.6800  170.4700 115.6 5.4 5.8 SOUTHEAST OF LOYALTY ISLANDS
event name:     C200809121644A
time shift:      4.1000
half duration:   2.0000
latitude:      -21.7300
longitude:     170.2400
depth:         114.8000
Mrr:      -5.400000e+22
Mtt:       7.380000e+23
Mpp:      -6.840000e+23
Mrt:       4.250000e+24
Mrp:       3.020000e+23
Mtp:       5.540000e+24
