 PDE 2006  9 29 13  8 26.20  10.8800  -61.7600  53.1 5.9 6.1 TRINIDAD
event name:     C200609291308A
time shift:      2.8000
half duration:   2.6000
latitude:       10.7300
longitude:     -61.3900
depth:          28.5000
Mrr:      -4.880000e+24
Mtt:       4.390000e+24
Mpp:       4.900000e+23
Mrt:       1.310000e+25
Mrp:       1.370000e+24
Mtp:       7.650000e+24
