 PDE 2007  8 16  5 16 56.20 -14.2800  -76.1300  23.4 5.8 6.3 NEAR COAST OF PERU
event name:     C200708160516A
time shift:      6.7000
half duration:   3.6000
latitude:      -14.2900
longitude:     -76.3400
depth:          25.0000
Mrr:       2.420000e+25
Mtt:       1.000000e+22
Mpp:      -2.420000e+25
Mrt:       1.400000e+24
Mrp:      -3.950000e+25
Mtp:       8.730000e+24
