 PDE 2005  4 10 11 14 19.60  -1.7100   99.7800  30.0 6.2 6.3 SOUTHERN SUMATRA, INDONESIA
event name:     C200504101114A
time shift:      4.4000
half duration:   4.2000
latitude:       -1.7700
longitude:      99.6400
depth:          15.0000
Mrr:       6.030000e+25
Mtt:      -6.870000e+25
Mpp:       8.380000e+24
Mrt:      -3.650000e+24
Mrp:       1.120000e+25
Mtp:       1.640000e+25
