 PDE 2005  5 20 12 40 42.40 -24.5300  178.8400 565.3 5.4 0.0 SOUTH OF FIJI ISLANDS
event name:     C200505201240A
time shift:      4.2000
half duration:   2.3000
latitude:      -24.4300
longitude:     179.0400
depth:         573.3000
Mrr:       4.530000e+24
Mtt:       1.230000e+24
Mpp:      -5.760000e+24
Mrt:      -5.580000e+24
Mrp:      -6.680000e+24
Mtp:      -2.900000e+23
