 PDE 2005 12 20  5 51 12.60  12.2300  140.9900  22.8 5.8 5.7 W. CAROLINE ISLANDS, MICRONESIA
event name:     C200512200551A
time shift:      6.9000
half duration:   2.8000
latitude:       12.1800
longitude:     140.8400
depth:          12.0000
Mrr:      -1.710000e+25
Mtt:       1.440000e+25
Mpp:       2.730000e+24
Mrt:       5.290000e+24
Mrp:       4.820000e+24
Mtp:       6.810000e+24
