 PDE 2007  5  4 12  6 52.20  -1.4100  -14.9100  10.0 5.5 6.2 NORTH OF ASCENSION ISLAND
event name:     C200705041206A
time shift:      6.5000
half duration:   3.1000
latitude:       -1.1200
longitude:     -14.9200
depth:          12.7000
Mrr:      -4.500000e+23
Mtt:       9.400000e+24
Mpp:      -8.950000e+24
Mrt:       5.600000e+23
Mrp:       8.390000e+24
Mtp:      -2.350000e+25
