 PDE 2005  6 21 10 43 29.30 -36.1500 -100.9600  10.0 5.4 5.3 SOUTHEAST OF EASTER ISLAND
event name:     C200506211043A
time shift:      3.0000
half duration:   2.0000
latitude:      -36.1700
longitude:    -101.1200
depth:          12.0000
Mrr:      -4.390000e+23
Mtt:      -9.600000e+23
Mpp:       1.400000e+24
Mrt:       3.540000e+23
Mrp:      -8.840000e+23
Mtp:      -6.060000e+24
