 PDE 2005  7 30 11  3 49.10 -61.4700  154.2500  10.0 5.3 5.7 BALLENY ISLANDS REGION
event name:     C200507301103A
time shift:      8.5000
half duration:   2.5000
latitude:      -61.5000
longitude:     154.2100
depth:          13.7000
Mrr:      -1.200000e+24
Mtt:       1.120000e+25
Mpp:      -1.000000e+25
Mrt:       1.200000e+23
Mrp:       1.770000e+24
Mtp:      -8.460000e+24
