 PDE 2008  8 25  2 43  6.40  10.3100  125.2500  27.0 5.5 5.8 LEYTE, PHILIPPINES
event name:     C200808250243A
time shift:      1.9000
half duration:   2.0000
latitude:       10.3000
longitude:     125.2700
depth:          12.0000
Mrr:      -1.020000e+24
Mtt:       5.430000e+24
Mpp:      -4.410000e+24
Mrt:       6.700000e+22
Mrp:      -1.670000e+24
Mtp:      -4.990000e+24
