 PDE 2005  9 23 13 48 31.40  16.1300  -87.4900  29.8 5.9 5.4 NORTH OF HONDURAS
event name:     C200509231348A
time shift:      2.1000
half duration:   2.1000
latitude:       16.3800
longitude:     -87.6700
depth:          28.0000
Mrr:      -2.450000e+23
Mtt:      -4.280000e+24
Mpp:       4.520000e+24
Mrt:      -1.250000e+24
Mrp:       3.860000e+24
Mtp:       4.430000e+24
