 PDE 2007  5  5  8 51 39.10  34.2500   81.9700   9.0 5.8 6.0 XIZANG
event name:     C200705050851A
time shift:      9.1000
half duration:   2.6000
latitude:       34.3300
longitude:      81.9700
depth:          23.9000
Mrr:      -5.340000e+24
Mtt:      -1.250000e+25
Mpp:       1.780000e+25
Mrt:       1.100000e+23
Mrp:      -1.030000e+24
Mtp:      -2.450000e+24
