 PDE 2005  3 20  1 53 41.80  33.8100  130.1300  10.0 5.9 6.7 KYUSHU, JAPAN
event name:     C200503200153A
time shift:      5.4000
half duration:   4.7000
latitude:       33.7200
longitude:     130.1500
depth:          12.0000
Mrr:      -3.100000e+24
Mtt:       8.160000e+25
Mpp:      -7.850000e+25
Mrt:       1.760000e+25
Mrp:      -1.370000e+25
Mtp:       3.940000e+25
