 PDE 2006  2 22 22 19  7.80 -21.3200   33.5800  11.0 6.5 7.5 MOZAMBIQUE
event name:     C200602222219A
time shift:      7.2000
half duration:   7.9000
latitude:      -21.2000
longitude:      33.3300
depth:          12.0000
Mrr:      -2.830000e+26
Mtt:      -2.120000e+25
Mpp:       3.040000e+26
Mrt:      -1.860000e+25
Mrp:       2.640000e+26
Mtp:      -1.380000e+26
