 PDE 2008  3  3 13 49 40.40  19.9100  121.3300  10.0 6.0 6.0 PHILIPPINE ISLANDS REGION
event name:     C200803031349A
time shift:      4.6000
half duration:   2.4000
latitude:       19.9700
longitude:     121.2100
depth:          24.1000
Mrr:       9.770000e+24
Mtt:       1.500000e+23
Mpp:      -9.920000e+24
Mrt:      -2.300000e+24
Mrp:      -5.810000e+24
Mtp:      -2.250000e+24
