 PDE 2006  9  1 12  4 22.20  53.9700 -166.3900  75.6 5.8 5.9 FOX ISLANDS, ALEUTIAN ISLANDS
event name:     C200609011204A
time shift:      3.2000
half duration:   2.1000
latitude:       53.8800
longitude:    -166.1600
depth:          75.7000
Mrr:       2.010000e+24
Mtt:      -4.480000e+24
Mpp:       2.460000e+24
Mrt:      -6.610000e+24
Mrp:      -1.800000e+24
Mtp:       2.880000e+24
