 PDE 2007  6 13 19 29 40.20  13.5500  -90.6200  23.0 5.9 6.7 NEAR COAST OF GUATEMALA
event name:     C200706131929A
time shift:      7.2000
half duration:   5.3000
latitude:       13.4300
longitude:     -91.2200
depth:          31.6000
Mrr:       1.070000e+26
Mtt:      -9.150000e+25
Mpp:      -1.520000e+25
Mrt:       4.800000e+25
Mrp:      -4.310000e+25
Mtp:       4.570000e+25
