 PDE 2008 12  3 23 16 54.90  38.5900  142.8800  14.0 5.6 5.8 OFF EAST COAST OF HONSHU, JAPAN
event name:     C200812032316A
time shift:      3.8000
half duration:   1.9000
latitude:       38.5600
longitude:     143.1800
depth:          23.6000
Mrr:       3.330000e+24
Mtt:      -3.600000e+22
Mpp:      -3.300000e+24
Mrt:       1.720000e+24
Mrp:       4.090000e+24
Mtp:      -1.020000e+24
