 PDE 2007  4  4 11  2 29.60 -20.6900  169.0600  10.0 5.8 6.4 LOYALTY ISLANDS
event name:     C200704041102A
time shift:      8.9000
half duration:   4.2000
latitude:      -20.7900
longitude:     168.8400
depth:          20.6000
Mrr:       5.230000e+25
Mtt:      -9.320000e+24
Mpp:      -4.300000e+25
Mrt:       1.580000e+25
Mrp:      -2.800000e+25
Mtp:       2.300000e+25
