 PDE 2009  8  1 13 33 30.00 -56.2300 -124.3000  10.0 5.2 6.1 SOUTHERN EAST PACIFIC RISE
event name:     C200908011333A
time shift:      8.5000
half duration:   2.5000
latitude:      -55.7000
longitude:    -124.5800
depth:          20.1000
Mrr:      -1.150000e+24
Mtt:       8.870000e+24
Mpp:      -7.720000e+24
Mrt:       4.200000e+23
Mrp:       3.000000e+23
Mtp:       1.110000e+25
