 PDE 2007  2 12 10 35 21.20  35.8000  -10.3300  10.0 6.2 6.0 AZORES-CAPE ST. VINCENT RIDGE
event name:     C200702121035A
time shift:      7.0000
half duration:   2.4000
latitude:       35.9000
longitude:     -10.3700
depth:          44.9000
Mrr:       6.290000e+24
Mtt:      -1.120000e+25
Mpp:       4.880000e+24
Mrt:      -2.800000e+24
Mrp:      -5.220000e+24
Mtp:       3.400000e+23
