 PDE 2005  2  9 18 46 10.00  26.0900  144.0000  24.0 6.2 6.3 BONIN ISLANDS, JAPAN REGION
event name:     C200502091846A
time shift:      3.8000
half duration:   3.3000
latitude:       26.2100
longitude:     144.2000
depth:          20.0000
Mrr:      -2.740000e+25
Mtt:       2.620000e+25
Mpp:       1.240000e+24
Mrt:      -1.150000e+25
Mrp:      -3.170000e+24
Mtp:      -8.970000e+24
