 PDE 2006 10 26 14 28 37.50  38.6700   15.4000 216.6 5.8 5.8 SICILY, ITALY
event name:     C200610261428A
time shift:      1.8000
half duration:   1.9000
latitude:       38.6500
longitude:      15.4100
depth:         216.8000
Mrr:      -2.820000e+24
Mtt:       2.070000e+24
Mpp:       7.460000e+23
Mrt:      -5.510000e+24
Mrp:      -1.020000e+24
Mtp:       4.580000e+23
