 PDE 2006 12 22 11  6  6.80   3.2700  125.2800 178.4 5.1 0.0 TALAUD ISLANDS, INDONESIA
event name:     C200612221106A
time shift:      1.9000
half duration:   1.4000
latitude:        3.3000
longitude:     125.5900
depth:         183.7000
Mrr:       1.530000e+24
Mtt:       1.190000e+23
Mpp:      -1.650000e+24
Mrt:      -1.180000e+24
Mrp:       5.080000e+23
Mtp:      -1.540000e+24
