 PDE 2006 12  1 14  1 47.50  -8.2500  118.7800  43.2 5.9 6.3 SUMBAWA REGION, INDONESIA
event name:     C200612011401A
time shift:      4.4000
half duration:   3.6000
latitude:       -8.1600
longitude:     118.8000
depth:          27.4000
Mrr:       2.680000e+25
Mtt:      -2.980000e+25
Mpp:       3.050000e+24
Mrt:      -2.630000e+25
Mrp:      -8.950000e+24
Mtp:      -5.720000e+24
