 PDE 2006  9  1 10 18 51.60  -6.7600  155.5100  38.0 6.3 6.8 SOLOMON ISLANDS
event name:     C200609011018A
time shift:      7.7000
half duration:   5.7000
latitude:       -7.0100
longitude:     155.4200
depth:          45.6000
Mrr:       1.520000e+26
Mtt:      -9.460000e+25
Mpp:      -5.710000e+25
Mrt:       2.500000e+24
Mrp:      -2.850000e+25
Mtp:       8.730000e+25
