 PDE 2008  1 24  4 12 14.20   7.0100  -82.3900  10.0 0.0 5.8 SOUTH OF PANAMA
event name:     C200801240412A
time shift:      4.9000
half duration:   2.1000
latitude:        6.9300
longitude:     -82.3500
depth:          18.2000
Mrr:      -1.610000e+23
Mtt:       1.510000e+24
Mpp:      -1.350000e+24
Mrt:       1.430000e+24
Mrp:       6.600000e+23
Mtp:       7.390000e+24
