 PDE 2008  4  2 19 10 19.40  -7.0500  129.2000 180.7 5.5 5.7 BANDA SEA
event name:     C200804021910A
time shift:      1.9000
half duration:   1.7000
latitude:       -7.1900
longitude:     129.2100
depth:         190.0000
Mrr:       1.740000e+24
Mtt:      -3.450000e+24
Mpp:       1.710000e+24
Mrt:      -4.930000e+23
Mrp:       1.910000e+24
Mtp:      -2.080000e+24
