 PDE 2008  4  7 22 54 36.90 -19.9700  168.4500  10.0 5.5 5.8 LOYALTY ISLANDS
event name:     C200804072254A
time shift:      9.3000
half duration:   1.9000
latitude:      -20.0600
longitude:     168.4600
depth:          20.8000
Mrr:       3.950000e+24
Mtt:       2.330000e+23
Mpp:      -4.190000e+24
Mrt:       4.510000e+23
Mrp:      -3.740000e+24
Mtp:       1.730000e+24
