 PDE 2007 12 22 12 26 18.60   2.0900   96.8000  31.9 5.6 5.9 OFF W COAST OF NORTHERN SUMATRA
event name:     C200712221226A
time shift:      2.7000
half duration:   2.3000
latitude:        1.9200
longitude:      96.5800
depth:          25.0000
Mrr:       5.110000e+24
Mtt:      -3.190000e+24
Mpp:      -1.910000e+24
Mrt:       1.160000e+25
Mrp:      -1.440000e+25
Mtp:       3.280000e+24
