 PDE 2005  1 22 20 30 17.40  -7.7300  159.4800  29.0 6.2 6.5 SOLOMON ISLANDS
event name:     C200501222030A
time shift:      5.3000
half duration:   3.7000
latitude:       -7.6600
longitude:     159.6900
depth:          28.0000
Mrr:      -3.410000e+25
Mtt:       3.870000e+25
Mpp:      -4.670000e+24
Mrt:      -2.140000e+25
Mrp:       4.850000e+24
Mtp:      -2.790000e+24
