 PDE 2006 10 18 10 45 32.90 -15.0500  167.2700 115.0 5.5 6.3 VANUATU ISLANDS
event name:     C200610181045A
time shift:      5.6000
half duration:   3.7000
latitude:      -15.1200
longitude:     167.2700
depth:         127.0000
Mrr:       3.910000e+25
Mtt:       3.030000e+24
Mpp:      -4.220000e+25
Mrt:      -1.010000e+25
Mrp:      -2.280000e+24
Mtp:      -7.310000e+24
