 PDE 2005  2 22  3 20  7.30  12.5800  123.1800  17.8 5.6 5.7 LUZON, PHILIPPINES
event name:     C200502220320A
time shift:      1.9000
half duration:   1.9000
latitude:       12.8200
longitude:     123.2100
depth:          14.5000
Mrr:      -6.080000e+23
Mtt:       5.090000e+24
Mpp:      -4.490000e+24
Mrt:      -1.800000e+23
Mrp:      -1.450000e+24
Mtp:       3.320000e+24
