 PDE 2007 11 10  1 13 29.40 -51.7800  161.3200  10.0 5.4 6.5 NORTH OF MACQUARIE ISLAND
event name:     C200711100113A
time shift:     14.5000
half duration:   4.7000
latitude:      -51.3800
longitude:     161.2300
depth:          28.2000
Mrr:       1.090000e+25
Mtt:       7.630000e+25
Mpp:      -8.720000e+25
Mrt:      -2.160000e+25
Mrp:       5.400000e+24
Mtp:       2.310000e+25
