 PDE 2009  4  7  4 23 33.20  46.0500  151.5500  31.0 6.5 6.9 KURIL ISLANDS
event name:     C200904070423A
time shift:      7.8000
half duration:   6.6000
latitude:       46.0000
longitude:     151.9900
depth:          43.2000
Mrr:       2.080000e+26
Mtt:      -7.960000e+25
Mpp:      -1.280000e+26
Mrt:       4.130000e+25
Mrp:       1.240000e+26
Mtp:      -1.190000e+26
