 PDE 2009  4  3 17 54 50.30 -27.8400  -66.5900 174.2 5.3 5.7 CATAMARCA PROVINCE, ARGENTINA
event name:     C200904031754A
time shift:      3.6000
half duration:   1.7000
latitude:      -28.0900
longitude:     -66.7100
depth:         180.4000
Mrr:      -2.230000e+24
Mtt:      -2.460000e+23
Mpp:       2.480000e+24
Mrt:       2.560000e+24
Mrp:      -4.140000e+23
Mtp:      -2.530000e+24
