 PDE 2008  9  6  5 47 39.90  36.4900   70.9300 191.5 5.5 5.8 HINDU KUSH REGION, AFGHANISTAN
event name:     C200809060547A
time shift:      1.2000
half duration:   2.0000
latitude:       36.4900
longitude:      70.7800
depth:         183.0000
Mrr:       4.250000e+24
Mtt:      -3.840000e+24
Mpp:      -4.140000e+23
Mrt:      -5.300000e+24
Mrp:      -2.140000e+24
Mtp:      -7.580000e+23
