 PDE 2007 11 25 17 41 38.00  -2.2400  100.4100  35.0 5.7 6.0 SOUTHERN SUMATRA, INDONESIA
event name:     C200711251741A
time shift:      5.2000
half duration:   2.1000
latitude:       -2.3700
longitude:     100.1700
depth:          35.3000
Mrr:      -7.750000e+24
Mtt:       3.210000e+24
Mpp:       4.540000e+24
Mrt:      -1.810000e+24
Mrp:      -2.410000e+24
Mtp:      -3.950000e+24
