 PDE 2007  8  2  3 21 42.80  51.3100 -179.9700  21.0 6.3 6.7 ANDREANOF ISLANDS, ALEUTIAN IS.
event name:     C200708020321A
time shift:      8.5000
half duration:   5.7000
latitude:       51.1000
longitude:    -179.7300
depth:          31.9000
Mrr:       1.050000e+26
Mtt:      -1.080000e+26
Mpp:       2.700000e+24
Mrt:       8.060000e+25
Mrp:       7.530000e+25
Mtp:      -3.970000e+25
