 PDE 2005  2 27  4 54 50.60 -17.7200 -178.5900 555.9 5.1 0.0 FIJI ISLANDS REGION
event name:     C200502270454A
time shift:      3.8000
half duration:   1.7000
latitude:      -17.6600
longitude:    -178.5200
depth:         580.9000
Mrr:      -6.550000e+23
Mtt:      -4.180000e+23
Mpp:       1.070000e+24
Mrt:      -1.570000e+23
Mrp:      -4.240000e+24
Mtp:       1.020000e+24
