 PDE 2005  1 16 20 17 52.80  10.9300  140.8400  24.9 6.3 6.7 W. CAROLINE ISLANDS, MICRONESIA
event name:     C200501162017A
time shift:      5.9000
half duration:   4.8000
latitude:       10.8800
longitude:     140.8600
depth:          12.0000
Mrr:      -7.260000e+25
Mtt:       8.270000e+25
Mpp:      -1.020000e+25
Mrt:       5.270000e+25
Mrp:       5.800000e+24
Mtp:      -1.850000e+25
