 PDE 2006  3 31 21 14 47.20   3.7900  126.3700  54.6 5.9 5.8 TALAUD ISLANDS, INDONESIA
event name:     C200603312114A
time shift:      3.7000
half duration:   2.8000
latitude:        4.0700
longitude:     126.5700
depth:          50.5000
Mrr:      -8.780000e+24
Mtt:       1.450000e+25
Mpp:      -5.740000e+24
Mrt:       7.260000e+24
Mrp:      -5.630000e+24
Mtp:       9.700000e+24
