 PDE 2006 12 27 20 15 40.80  -5.7500  154.4200 375.4 5.7 6.0 SOLOMON ISLANDS
event name:     C200612272015A
time shift:      0.8000
half duration:   2.5000
latitude:       -5.7300
longitude:     154.4900
depth:         368.1000
Mrr:      -9.760000e+24
Mtt:       1.990000e+24
Mpp:       7.770000e+24
Mrt:      -1.000000e+23
Mrp:      -7.200000e+24
Mtp:      -5.700000e+24
