 PDE 2009  7 14 18 38  8.50 -21.8200  -67.0900 175.6 5.4 5.7 CHILE-BOLIVIA BORDER REGION
event name:     C200907141838A
time shift:      7.2000
half duration:   1.7000
latitude:      -21.9700
longitude:     -67.3200
depth:         196.7000
Mrr:      -2.360000e+23
Mtt:       4.280000e+23
Mpp:      -1.920000e+23
Mrt:      -1.450000e+24
Mrp:      -3.960000e+24
Mtp:       4.950000e+23
