 PDE 2007 12 11 17 20 54.90 -62.0600  -65.8300  10.0 5.7 5.9 SOUTHERN PACIFIC OCEAN
event name:     C200712111720A
time shift:      5.9000
half duration:   2.1000
latitude:      -62.0600
longitude:     -66.2700
depth:          27.1000
Mrr:       3.840000e+24
Mtt:      -2.000000e+24
Mpp:      -1.840000e+24
Mrt:      -5.770000e+23
Mrp:      -3.190000e+24
Mtp:       7.000000e+24
