 PDE 2008  5 19 10  8 36.30  42.5000  131.8700 513.4 5.4 5.7 E. RUSSIA-N.E. CHINA BORDER REG.
event name:     C200805191008A
time shift:      3.1000
half duration:   1.6000
latitude:       42.5100
longitude:     131.9600
depth:         530.3000
Mrr:       5.500000e+22
Mtt:       1.410000e+24
Mpp:      -1.460000e+24
Mrt:       1.290000e+24
Mrp:      -2.580000e+24
Mtp:       2.410000e+24
