 PDE 2006  3  7  6 28 55.00 -14.8100  167.3700 136.2 5.7 0.0 VANUATU ISLANDS
event name:     C200603070628A
time shift:      3.6000
half duration:   2.9000
latitude:      -14.9000
longitude:     167.2000
depth:         143.8000
Mrr:       1.250000e+25
Mtt:       3.020000e+24
Mpp:      -1.550000e+25
Mrt:      -1.020000e+25
Mrp:      -5.390000e+24
Mtp:       1.080000e+25
