 PDE 2006  6 24 21 15  0.90  -0.3900  123.1900  26.0 5.8 6.3 MINAHASSA PENINSULA, SULAWESI
event name:     C200606242115A
time shift:      4.5000
half duration:   3.5000
latitude:       -0.4800
longitude:     123.3000
depth:          31.6000
Mrr:       1.470000e+25
Mtt:       9.860000e+24
Mpp:      -2.460000e+25
Mrt:       2.830000e+25
Mrp:      -8.400000e+24
Mtp:      -1.210000e+25
