 PDE 2007  5 16  8 56 16.50  20.5000  100.7500  23.8 5.7 6.4 LAOS
event name:     C200705160856A
time shift:      1.9000
half duration:   3.4000
latitude:       20.5200
longitude:     100.8900
depth:          12.6000
Mrr:      -2.260000e+24
Mtt:      -3.030000e+25
Mpp:       3.250000e+25
Mrt:       3.470000e+24
Mrp:       3.980000e+24
Mtp:       1.040000e+25
