 PDE 2009  5 18 14  1  4.90 -15.6600  -74.8400  22.7 5.3 5.8 NEAR COAST OF PERU
event name:     C200905181401A
time shift:      3.9000
half duration:   1.9000
latitude:      -15.8000
longitude:     -75.2600
depth:          12.1000
Mrr:       3.050000e+24
Mtt:      -4.530000e+23
Mpp:      -2.600000e+24
Mrt:       1.530000e+24
Mrp:      -5.190000e+24
Mtp:       1.640000e+24
