 PDE 2006  8 11 14 30 40.70  18.5600 -101.0600  60.1 6.0 6.1 GUERRERO, MEXICO
event name:     C200608111430A
time shift:      3.3000
half duration:   2.4000
latitude:       18.5000
longitude:    -101.0600
depth:          57.8000
Mrr:      -1.060000e+25
Mtt:       1.180000e+25
Mpp:      -1.170000e+24
Mrt:       5.070000e+24
Mrp:      -1.370000e+24
Mtp:      -2.370000e+24
