 PDE 2007  8 16  8 39 27.60  -9.8300  159.4700  10.0 6.1 6.7 SOLOMON ISLANDS
event name:     C200708160839A
time shift:      6.7000
half duration:   4.1000
latitude:       -9.8800
longitude:     159.5500
depth:          16.2000
Mrr:      -2.330000e+25
Mtt:       3.030000e+25
Mpp:      -7.040000e+24
Mrt:       3.840000e+25
Mrp:      -2.620000e+25
Mtp:       2.980000e+25
