 PDE 2005  1 21 17 54 34.90   5.1900  125.2500 175.4 5.6 0.0 MINDANAO, PHILIPPINES
event name:     C200501211754A
time shift:      1.9000
half duration:   2.0000
latitude:        5.1400
longitude:     125.4900
depth:         178.7000
Mrr:      -3.270000e+24
Mtt:      -5.460000e+23
Mpp:       3.820000e+24
Mrt:       2.880000e+24
Mrp:      -5.190000e+24
Mtp:       4.560000e+23
