 PDE 2007  9 29  5 37  7.30   2.9000   95.5200  35.0 5.5 5.8 OFF W COAST OF NORTHERN SUMATRA
event name:     C200709290537A
time shift:      1.5000
half duration:   2.2000
latitude:        2.7100
longitude:      95.3900
depth:          15.0000
Mrr:       2.420000e+24
Mtt:      -1.700000e+24
Mpp:      -7.200000e+23
Mrt:       6.390000e+24
Mrp:      -8.120000e+24
Mtp:       1.590000e+24
