 PDE 2008 10  9 17 49 58.60 -21.0300 -174.4200  10.0 5.8 5.9 TONGA ISLANDS
event name:     C200810091750A
time shift:      5.7000
half duration:   2.1000
latitude:      -21.2200
longitude:    -173.8100
depth:          18.2000
Mrr:       6.280000e+24
Mtt:      -2.700000e+23
Mpp:      -6.010000e+24
Mrt:       2.040000e+24
Mrp:       3.960000e+24
Mtp:      -2.210000e+24
