 PDE 2006  7 19 11 48 58.30  -5.4700  150.6800  28.2 5.6 6.4 NEW BRITAIN REGION, P.N.G.
event name:     C200607191148A
time shift:      3.6000
half duration:   3.9000
latitude:       -5.4200
longitude:     150.7100
depth:          15.0000
Mrr:      -4.190000e+24
Mtt:       5.160000e+25
Mpp:      -4.740000e+25
Mrt:       1.660000e+24
Mrp:       6.700000e+23
Mtp:       1.010000e+25
