 PDE 2005  7  9 23 59 17.00  -1.1700  119.9600  32.2 5.6 5.5 SULAWESI, INDONESIA
event name:     C200507092359A
time shift:     -0.2000
half duration:   2.1000
latitude:       -1.0700
longitude:     120.0800
depth:          12.0000
Mrr:      -4.940000e+24
Mtt:       6.860000e+24
Mpp:      -1.920000e+24
Mrt:       1.620000e+24
Mrp:      -3.060000e+24
Mtp:      -4.220000e+24
