 PDE 2007  5  6 21 11 52.50 -19.4000 -179.3500 676.4 6.0 6.5 FIJI ISLANDS REGION
event name:     C200705062111A
time shift:      4.2000
half duration:   4.1000
latitude:      -19.4400
longitude:    -179.0400
depth:         690.8000
Mrr:       5.280000e+25
Mtt:      -2.260000e+25
Mpp:      -3.020000e+25
Mrt:       1.350000e+25
Mrp:      -2.400000e+25
Mtp:      -2.940000e+25
