 PDE 2007  9 30  9 47 52.00 -49.1400  164.1100  18.0 6.6 6.7 AUCKLAND ISLANDS, N.Z. REGION
event name:     C200709300947A
time shift:      6.6000
half duration:   4.9000
latitude:      -49.3600
longitude:     164.0100
depth:          31.2000
Mrr:       5.610000e+25
Mtt:       3.660000e+25
Mpp:      -9.270000e+25
Mrt:       5.500000e+25
Mrp:      -1.140000e+25
Mtp:       2.310000e+25
