 PDE 2008 12 20 21  5 16.20 -31.1900  -13.3400   4.0 5.8 5.8 SOUTHERN MID-ATLANTIC RIDGE
event name:     C200812202105A
time shift:      6.2000
half duration:   1.9000
latitude:      -31.2300
longitude:     -13.2700
depth:          12.0000
Mrr:      -5.730000e+24
Mtt:      -2.330000e+23
Mpp:       5.960000e+24
Mrt:      -5.050000e+23
Mrp:       7.780000e+23
Mtp:      -6.180000e+23
