 PDE 2005  6 12 19 26 24.80 -56.2900  -27.0800  94.1 5.8 0.0 SOUTH SANDWICH ISLANDS REGION
event name:     C200506121926A
time shift:      4.6000
half duration:   2.4000
latitude:      -56.4000
longitude:     -26.7000
depth:          97.8000
Mrr:       6.120000e+24
Mtt:      -4.160000e+24
Mpp:      -1.960000e+24
Mrt:      -8.440000e+24
Mrp:       7.040000e+24
Mtp:       2.920000e+24
