 PDE 2006  6  9  5 58 27.80 -17.5300 -178.7500 564.4 5.3 6.1 FIJI ISLANDS REGION
event name:     C200606090558A
time shift:      3.9000
half duration:   2.7000
latitude:      -17.3600
longitude:    -178.6200
depth:         585.9000
Mrr:      -3.350000e+24
Mtt:       6.470000e+24
Mpp:      -3.130000e+24
Mrt:       6.220000e+24
Mrp:      -1.220000e+25
Mtp:       1.170000e+25
