 PDE 2006 12 25 20  1  0.40  42.1600   76.1600  11.6 5.7 5.8 LAKE ISSYK-KUL REGION
event name:     C200612252001A
time shift:      4.2000
half duration:   2.0000
latitude:       42.1700
longitude:      76.0600
depth:          18.8000
Mrr:       3.650000e+24
Mtt:      -4.340000e+24
Mpp:       6.900000e+23
Mrt:      -4.440000e+24
Mrp:       8.610000e+23
Mtp:      -3.550000e+24
