 PDE 2005  3 19 15  2 42.70 -20.4100 -174.3400  18.0 5.9 5.9 TONGA ISLANDS
event name:     C200503191502A
time shift:      5.6000
half duration:   2.7000
latitude:      -20.5500
longitude:    -173.6400
depth:          20.0000
Mrr:       1.260000e+25
Mtt:      -5.000000e+23
Mpp:      -1.210000e+25
Mrt:       4.210000e+24
Mrp:       7.820000e+24
Mtp:      -5.110000e+24
