 PDE 2006  5 10  2 42 51.00  52.5100 -169.2600  18.0 6.1 6.4 FOX ISLANDS, ALEUTIAN ISLANDS
event name:     C200605100242A
time shift:      5.9000
half duration:   3.9000
latitude:       52.2100
longitude:    -169.1900
depth:          29.7000
Mrr:       3.780000e+25
Mtt:      -3.300000e+25
Mpp:      -4.780000e+24
Mrt:       3.250000e+25
Mrp:       1.260000e+25
Mtp:      -1.470000e+25
