 PDE 2009  4 16  0 43 20.70  -6.4800  154.1500  10.0 5.3 5.8 SOLOMON ISLANDS
event name:     C200904160043A
time shift:      6.2000
half duration:   1.9000
latitude:       -6.7800
longitude:     154.1700
depth:          13.1000
Mrr:       4.590000e+24
Mtt:      -2.480000e+24
Mpp:      -2.110000e+24
Mrt:       2.760000e+24
Mrp:      -1.730000e+24
Mtp:       2.330000e+24
