 PDE 2007  1 22 19 25 49.50  -3.3200  146.3500  10.0 5.4 5.8 BISMARCK SEA
event name:     C200701221925A
time shift:      5.1000
half duration:   1.9000
latitude:       -3.2600
longitude:     146.4700
depth:          12.0000
Mrr:       2.500000e+23
Mtt:      -1.570000e+24
Mpp:       1.320000e+24
Mrt:      -4.580000e+23
Mrp:      -1.200000e+24
Mtp:       5.610000e+24
