 PDE 2009  3 26 17 35 14.30  -5.7200  -81.3400  10.0 5.6 5.8 NEAR COAST OF NORTHERN PERU
event name:     C200903261735A
time shift:      3.8000
half duration:   2.0000
latitude:       -5.9000
longitude:     -81.7000
depth:          13.2000
Mrr:       3.260000e+24
Mtt:      -1.450000e+23
Mpp:      -3.120000e+24
Mrt:       1.280000e+24
Mrp:      -6.010000e+24
Mtp:       2.190000e+23
