 PDE 2005  1 18 14  9  6.20  42.9500  144.8700  42.0 6.3 5.7 HOKKAIDO, JAPAN REGION
event name:     C200501181409A
time shift:      3.8000
half duration:   3.0000
latitude:       42.8000
longitude:     145.0600
depth:          53.0000
Mrr:       1.690000e+25
Mtt:      -8.210000e+24
Mpp:      -8.690000e+24
Mrt:       4.200000e+24
Mrp:       1.320000e+25
Mtp:      -1.290000e+25
