 PDE 2006  5  8  9 16 57.90  -4.8400  102.3600  42.8 5.8 5.9 SOUTHERN SUMATRA, INDONESIA
event name:     C200605080916A
time shift:      1.4000
half duration:   2.1000
latitude:       -5.2400
longitude:     102.0800
depth:          39.2000
Mrr:       4.980000e+24
Mtt:      -4.100000e+24
Mpp:      -8.780000e+23
Mrt:       4.770000e+24
Mrp:      -2.090000e+24
Mtp:       3.790000e+24
