 PDE 2007  5 29  1  3 27.90  -4.5900  151.8400 132.5 5.9 6.1 NEW BRITAIN REGION, P.N.G.
event name:     C200705290103A
time shift:      3.0000
half duration:   2.7000
latitude:       -4.7100
longitude:     151.9600
depth:         137.2000
Mrr:      -4.730000e+24
Mtt:       3.100000e+23
Mpp:       4.420000e+24
Mrt:      -1.310000e+25
Mrp:       2.330000e+24
Mtp:       9.590000e+24
