 PDE 2005  9 25 12 55 46.60 -17.5100  167.8000  30.0 5.7 5.9 VANUATU ISLANDS
event name:     C200509251255A
time shift:      5.6000
half duration:   2.9000
latitude:      -17.4200
longitude:     167.6900
depth:          28.0000
Mrr:       1.590000e+25
Mtt:       1.060000e+24
Mpp:      -1.700000e+25
Mrt:       2.840000e+24
Mrp:      -1.120000e+25
Mtp:       2.420000e+24
