 PDE 2005  8  9  5 26 17.50 -20.9400  173.8200  23.6 5.5 6.0 VANUATU ISLANDS REGION
event name:     C200508090526A
time shift:      2.4000
half duration:   2.8000
latitude:      -20.9700
longitude:     173.9400
depth:          15.0000
Mrr:      -1.420000e+24
Mtt:      -1.030000e+25
Mpp:       1.170000e+25
Mrt:       1.780000e+24
Mrp:       3.040000e+24
Mtp:      -1.450000e+25
