 PDE 2007  8  7  0  2 24.20  27.2900  126.8400  18.1 5.5 5.9 NORTHWEST OF RYUKYU ISLANDS
event name:     C200708070002A
time shift:      2.0000
half duration:   2.3000
latitude:       27.2600
longitude:     126.7400
depth:          12.0000
Mrr:      -7.300000e+23
Mtt:       1.770000e+24
Mpp:      -1.030000e+24
Mrt:       2.520000e+24
Mrp:      -1.000000e+23
Mtp:       1.020000e+25
