 PDE 2007  5 25 17 47 31.30 -24.2200  -67.0300 180.5 5.5 5.9 CHILE-ARGENTINA BORDER REGION
event name:     C200705251747A
time shift:      4.1000
half duration:   2.1000
latitude:      -24.3300
longitude:     -67.3600
depth:         188.5000
Mrr:      -2.750000e+24
Mtt:      -2.340000e+24
Mpp:       5.090000e+24
Mrt:       3.470000e+24
Mrp:      -6.410000e+24
Mtp:      -5.680000e+23
