 PDE 2009  1  4 23 12 59.30  36.4400   70.8800 186.7 5.7 5.7 HINDU KUSH REGION, AFGHANISTAN
event name:     C200901042312A
time shift:      1.7000
half duration:   1.7000
latitude:       36.4600
longitude:      70.6500
depth:         189.9000
Mrr:       2.880000e+24
Mtt:      -3.230000e+24
Mpp:       3.470000e+23
Mrt:       1.440000e+24
Mrp:       2.000000e+24
Mtp:      -6.680000e+23
