 PDE 2007  7 31 22 55 31.10  -0.1600  -17.8000  11.0 5.7 6.2 NORTH OF ASCENSION ISLAND
event name:     C200707312255A
time shift:      7.4000
half duration:   3.0000
latitude:        0.0400
longitude:     -17.8600
depth:          21.8000
Mrr:       4.200000e+23
Mtt:       7.970000e+24
Mpp:      -8.390000e+24
Mrt:       1.790000e+24
Mrp:      -3.870000e+24
Mtp:      -2.060000e+25
