 PDE 2007  7 15 13 26 15.20  52.3600 -168.0100  10.0 5.6 5.8 FOX ISLANDS, ALEUTIAN ISLANDS
event name:     C200707151326A
time shift:      5.2000
half duration:   2.1000
latitude:       52.2900
longitude:    -167.9200
depth:          15.3000
Mrr:       4.720000e+24
Mtt:      -2.580000e+24
Mpp:      -2.140000e+24
Mrt:       4.150000e+24
Mrp:       4.940000e+24
Mtp:      -2.640000e+24
