 PDE 2007  2  4 20 56 59.10  19.3700  -78.5200  10.0 5.7 6.2 CUBA REGION
event name:     C200702042056A
time shift:      5.4000
half duration:   3.0000
latitude:       19.4900
longitude:     -78.3400
depth:          12.6000
Mrr:      -2.590000e+24
Mtt:      -8.150000e+24
Mpp:       1.070000e+25
Mrt:       4.130000e+24
Mrp:      -4.550000e+24
Mtp:       2.120000e+25
