 PDE 2005  2  2  2 30 25.90  14.0800  144.7100 158.7 5.5 0.0 MARIANA ISLANDS
event name:     C200502020230A
time shift:      3.9000
half duration:   3.3000
latitude:       13.8600
longitude:     144.8100
depth:         159.4000
Mrr:      -3.280000e+24
Mtt:      -2.100000e+24
Mpp:       5.380000e+24
Mrt:       1.070000e+25
Mrp:      -8.100000e+23
Mtp:      -2.930000e+25
