 PDE 2006  5 19 14 44 24.90  -0.1400  124.7100  35.0 6.0 6.2 SOUTHERN MOLUCCA SEA
event name:     C200605191444A
time shift:      4.7000
half duration:   3.4000
latitude:       -0.2400
longitude:     124.9200
depth:          31.4000
Mrr:       1.680000e+25
Mtt:      -1.620000e+25
Mpp:      -5.300000e+23
Mrt:      -7.300000e+23
Mrp:       2.520000e+25
Mtp:      -1.460000e+25
