 PDE 2007 10 10  0 19 16.80  -1.7400   99.4800  27.3 5.6 6.0 SOUTHERN SUMATRA, INDONESIA
event name:     C200710100019A
time shift:      3.7000
half duration:   2.2000
latitude:       -2.1400
longitude:      99.2400
depth:          34.1000
Mrr:       5.520000e+24
Mtt:      -4.160000e+24
Mpp:      -1.360000e+24
Mrt:       5.980000e+24
Mrp:      -4.070000e+24
Mtp:       3.730000e+24
