 PDE 2007  8  5  9 28 40.40 -19.1500  168.7200  45.1 5.6 6.0 VANUATU ISLANDS
event name:     C200708050928A
time shift:      5.5000
half duration:   2.2000
latitude:      -19.1800
longitude:     168.4400
depth:          50.1000
Mrr:       9.260000e+24
Mtt:      -1.400000e+23
Mpp:      -9.120000e+24
Mrt:      -3.100000e+23
Mrp:      -1.700000e+23
Mtp:       3.170000e+24
