 PDE 2005  5 21  5 11 35.40  -3.2900  -80.9900  39.5 5.9 5.9 NEAR COAST OF NORTHERN PERU
event name:     C200505210511A
time shift:      0.0000
half duration:   3.7000
latitude:       -3.3600
longitude:     -81.1500
depth:          24.0000
Mrr:       1.260000e+25
Mtt:       1.370000e+25
Mpp:      -2.630000e+25
Mrt:      -1.040000e+25
Mrp:      -7.320000e+24
Mtp:       3.280000e+25
