 PDE 2007  7 23  0  8 32.60  -4.4700  149.8500 571.7 5.1 5.9 NEW BRITAIN REGION, P.N.G.
event name:     C200707230008A
time shift:      1.4000
half duration:   2.1000
latitude:       -4.4500
longitude:     150.0100
depth:         562.2000
Mrr:      -1.490000e+24
Mtt:      -2.950000e+24
Mpp:       4.440000e+24
Mrt:      -1.700000e+24
Mrp:      -5.460000e+24
Mtp:      -4.780000e+24
