 PDE 2006  2 18 15 59 22.10  -5.1900  152.0500  44.2 5.9 6.2 NEW BRITAIN REGION, P.N.G.
event name:     C200602181559A
time shift:      3.8000
half duration:   3.1000
latitude:       -5.2700
longitude:     152.1300
depth:          46.3000
Mrr:       1.500000e+25
Mtt:      -1.650000e+25
Mpp:       1.440000e+24
Mrt:      -1.920000e+25
Mrp:       1.840000e+24
Mtp:       4.390000e+24
