 PDE 2008  9  5 12 35 43.50 -13.2700  166.9700 146.8 5.3 5.6 VANUATU ISLANDS
event name:     C200809051235A
time shift:      2.7000
half duration:   1.5000
latitude:      -13.2400
longitude:     166.8300
depth:         155.3000
Mrr:       2.650000e+24
Mtt:      -4.580000e+23
Mpp:      -2.190000e+24
Mrt:      -2.260000e+23
Mrp:      -1.270000e+24
Mtp:      -4.750000e+23
