 PDE 2007 12 13 15 51 26.00 -15.2100 -172.3700  10.0 6.0 6.1 SAMOA ISLANDS REGION
event name:     C200712131551A
time shift:      8.3000
half duration:   2.9000
latitude:      -15.2400
longitude:    -171.9700
depth:          21.3000
Mrr:      -1.810000e+25
Mtt:       4.410000e+24
Mpp:       1.370000e+25
Mrt:       3.950000e+24
Mrp:       1.680000e+24
Mtp:      -1.370000e+25
