 PDE 2006 11 16 20 29 55.00 -52.0000  139.4700  10.0 5.7 6.1 WEST OF MACQUARIE ISLAND
event name:     C200611162029A
time shift:      3.0000
half duration:   2.6000
latitude:      -52.0400
longitude:     139.6300
depth:          12.0000
Mrr:      -1.480000e+24
Mtt:       1.590000e+24
Mpp:      -1.100000e+23
Mrt:       1.310000e+24
Mrp:       7.700000e+23
Mtp:      -1.540000e+25
