 PDE 2005  9 21  2 25  8.10  43.8900  146.1500 103.0 6.0 0.0 KURIL ISLANDS
event name:     C200509210225A
time shift:      2.2000
half duration:   2.5000
latitude:       43.9000
longitude:     146.4100
depth:         107.2000
Mrr:      -1.580000e+24
Mtt:       2.750000e+24
Mpp:      -1.170000e+24
Mrt:       9.500000e+24
Mrp:       8.670000e+24
Mtp:       3.400000e+24
