 PDE 2007 11  2 22 31 43.90 -55.4700 -128.9700  10.0 5.5 6.1 PACIFIC-ANTARCTIC RIDGE
event name:     C200711022231A
time shift:      2.5000
half duration:   2.9000
latitude:      -55.4000
longitude:    -128.8000
depth:          13.6000
Mrr:      -1.880000e+24
Mtt:       1.310000e+25
Mpp:      -1.130000e+25
Mrt:      -4.800000e+23
Mrp:       1.700000e+23
Mtp:       1.730000e+25
