 PDE 2006  4 26  1 46  3.90 -57.4800  147.5700  10.0 5.6 6.1 WEST OF MACQUARIE ISLAND
event name:     C200604260146A
time shift:      2.3000
half duration:   2.7000
latitude:      -57.6000
longitude:     148.0400
depth:          14.2000
Mrr:      -1.300000e+24
Mtt:       9.530000e+24
Mpp:      -8.220000e+24
Mrt:       1.070000e+24
Mrp:       3.800000e+23
Mtp:      -1.490000e+25
