 PDE 2005  4 28 14  7 33.70   2.1300   96.8000  22.0 5.9 6.2 OFF W COAST OF NORTHERN SUMATRA
event name:     C200504281407A
time shift:      3.6000
half duration:   3.1000
latitude:        1.8400
longitude:      96.5500
depth:          23.0000
Mrr:       1.160000e+25
Mtt:      -7.290000e+24
Mpp:      -4.300000e+24
Mrt:       1.500000e+25
Mrp:      -1.590000e+25
Mtp:       7.480000e+24
