 PDE 2006  8 15  3  5 10.00  -4.6700  126.7300  10.0 6.1 5.9 BANDA SEA
event name:     C200608150305A
time shift:      4.2000
half duration:   1.9000
latitude:       -4.7300
longitude:     126.8600
depth:          12.0000
Mrr:       3.950000e+24
Mtt:      -6.050000e+24
Mpp:       2.100000e+24
Mrt:       2.990000e+24
Mrp:      -4.680000e+23
Mtp:      -8.160000e+23
