 PDE 2007  1 31  3 15 52.30 -29.7800 -178.0000  34.0 6.1 6.5 KERMADEC ISLANDS, NEW ZEALAND
event name:     C200701310315A
time shift:      9.2000
half duration:   4.3000
latitude:      -29.5400
longitude:    -177.4000
depth:          56.1000
Mrr:       6.270000e+25
Mtt:       5.300000e+23
Mpp:      -6.320000e+25
Mrt:       6.780000e+24
Mrp:       2.800000e+25
Mtp:      -1.510000e+25
