 PDE 2005  2 19  0  4 43.60  -5.5600  122.1300  10.0 6.3 6.3 SULAWESI, INDONESIA
event name:     C200502190004A
time shift:      6.3000
half duration:   4.0000
latitude:       -5.5200
longitude:     122.2300
depth:          12.0000
Mrr:       4.280000e+25
Mtt:       1.230000e+25
Mpp:      -5.520000e+25
Mrt:       9.730000e+24
Mrp:      -3.570000e+24
Mtp:      -2.840000e+25
