 PDE 2006  7  7  7 26 12.50 -15.2400 -173.6100  35.0 5.7 6.0 TONGA ISLANDS
event name:     C200607070726A
time shift:      5.6000
half duration:   2.5000
latitude:      -15.2400
longitude:    -173.4400
depth:          53.4000
Mrr:      -1.790000e+24
Mtt:       2.910000e+24
Mpp:      -1.120000e+24
Mrt:      -1.290000e+25
Mrp:       1.840000e+24
Mtp:       7.600000e+23
