 PDE 2005 10 15 10  6 17.00  46.8200  154.1100  42.8 6.0 5.7 EAST OF KURIL ISLANDS
event name:     C200510151006A
time shift:      5.2000
half duration:   2.7000
latitude:       46.8500
longitude:     154.3300
depth:          46.0000
Mrr:       1.080000e+25
Mtt:      -9.500000e+23
Mpp:      -9.840000e+24
Mrt:       4.940000e+24
Mrp:       1.310000e+25
Mtp:      -4.670000e+24
