 PDE 2007  4  4  6 34 38.10  -7.7800  156.4900  31.2 6.0 6.4 SOLOMON ISLANDS
event name:     C200704040634A
time shift:      3.6000
half duration:   3.9000
latitude:       -7.9400
longitude:     156.5500
depth:          25.8000
Mrr:       3.610000e+25
Mtt:      -7.190000e+24
Mpp:      -2.890000e+25
Mrt:       6.910000e+24
Mrp:      -3.080000e+25
Mtp:       2.170000e+25
