 PDE 2005  2 23 11 33 52.90  -6.2400  150.6600  10.0 5.8 5.5 NEW BRITAIN REGION, P.N.G.
event name:     C200502231133A
time shift:      8.5000
half duration:   2.3000
latitude:       -6.4900
longitude:     150.8300
depth:          12.1000
Mrr:      -9.100000e+24
Mtt:       7.770000e+24
Mpp:       1.330000e+24
Mrt:      -4.920000e+24
Mrp:      -4.320000e+24
Mtp:       3.140000e+24
