 PDE 2009  2 20  1 46 17.90 -18.3600 -178.7500 515.2 5.1 5.6 FIJI ISLANDS REGION
event name:     C200902200146A
time shift:      2.8000
half duration:   1.6000
latitude:      -18.4400
longitude:    -178.5300
depth:         534.4000
Mrr:      -2.770000e+24
Mtt:       1.120000e+24
Mpp:       1.650000e+24
Mrt:       1.960000e+24
Mrp:       4.300000e+22
Mtp:       1.500000e+24
