 PDE 2006  4 12  1  6 58.70  56.4000  163.9900  28.8 5.3 6.0 KOMANDORSKIYE OSTROVA REGION
event name:     C200604120106A
time shift:      2.2000
half duration:   2.6000
latitude:       56.2400
longitude:     164.2500
depth:          24.0000
Mrr:      -9.000000e+22
Mtt:      -6.260000e+24
Mpp:       6.340000e+24
Mrt:      -1.120000e+24
Mrp:       2.540000e+24
Mtp:      -1.270000e+25
