 PDE 2006  5  4 11 25 26.00 -20.5800 -174.0400  11.0 5.7 6.0 TONGA ISLANDS
event name:     C200605041125B
time shift:      4.9000
half duration:   2.1000
latitude:      -20.6900
longitude:    -173.4700
depth:          17.7000
Mrr:      -1.720000e+24
Mtt:       1.400000e+24
Mpp:       3.190000e+23
Mrt:       9.830000e+23
Mrp:       7.260000e+24
Mtp:       2.110000e+24
