 PDE 2009 10  1  6 13 32.70 -15.3900 -173.2500  10.0 5.6 5.8 SAMOA ISLANDS REGION
event name:     C200910010613A
time shift:      8.6000
half duration:   2.0000
latitude:      -15.1100
longitude:    -172.8900
depth:          22.2000
Mrr:       5.410000e+24
Mtt:       2.810000e+23
Mpp:      -5.690000e+24
Mrt:      -1.060000e+24
Mrp:       3.260000e+24
Mtp:       3.910000e+24
