 PDE 2005 11 30 16 53 42.50   6.2700  124.0300  13.0 5.8 5.9 MINDANAO, PHILIPPINES
event name:     C200511301653A
time shift:      5.6000
half duration:   3.7000
latitude:        6.3200
longitude:     123.9800
depth:          15.0000
Mrr:       2.610000e+25
Mtt:      -1.510000e+24
Mpp:      -2.460000e+25
Mrt:       6.320000e+24
Mrp:      -3.960000e+25
Mtp:       1.130000e+25
