 PDE 2009 11 12  2 13 37.60 -20.9800 -178.6600 570.6 5.2 5.8 FIJI ISLANDS REGION
event name:     C200911120213A
time shift:      2.0000
half duration:   1.8000
latitude:      -20.9300
longitude:    -178.7000
depth:         583.6000
Mrr:      -2.480000e+24
Mtt:       1.730000e+24
Mpp:       7.460000e+23
Mrt:      -2.670000e+24
Mrp:      -3.560000e+24
Mtp:       1.040000e+24
