 PDE 2009  2 17  3 30 53.30 -30.7200 -178.6200  13.0 5.4 6.0 KERMADEC ISLANDS, NEW ZEALAND
event name:     C200902170330A
time shift:      5.3000
half duration:   2.0000
latitude:      -30.5600
longitude:    -178.5400
depth:          12.1000
Mrr:       7.960000e+24
Mtt:      -2.830000e+24
Mpp:      -5.130000e+24
Mrt:      -2.510000e+24
Mrp:      -1.190000e+24
Mtp:       1.550000e+24
