 PDE 2005  2  8 14 48 22.00 -14.2500  167.2600 206.3 6.1 0.0 VANUATU ISLANDS
event name:     C200502081448A
time shift:      4.7000
half duration:   5.3000
latitude:      -14.1800
longitude:     167.1300
depth:         197.1000
Mrr:       1.230000e+26
Mtt:      -3.000000e+24
Mpp:      -1.200000e+26
Mrt:      -3.400000e+25
Mrp:       6.400000e+24
Mtp:       2.800000e+25
