 PDE 2008 10 21 13  0 48.00  -7.4700  127.7300 135.2 5.5 5.6 BANDA SEA
event name:     C200810211300A
time shift:      3.3000
half duration:   1.6000
latitude:       -7.6700
longitude:     127.7200
depth:         151.5000
Mrr:       2.380000e+24
Mtt:      -2.430000e+24
Mpp:       5.600000e+22
Mrt:      -1.990000e+24
Mrp:       8.370000e+23
Mtp:      -3.230000e+23
