 PDE 2006  9 19 13 58 56.90  -9.9000  107.3500  12.0 5.9 5.9 SOUTH OF JAVA, INDONESIA
event name:     C200609191358A
time shift:      3.8000
half duration:   2.1000
latitude:      -10.1000
longitude:     107.4300
depth:          18.3000
Mrr:      -6.350000e+24
Mtt:       5.670000e+24
Mpp:       6.780000e+23
Mrt:      -5.730000e+23
Mrp:      -2.360000e+24
Mtp:      -4.210000e+24
