 PDE 2005 11 27 10 22 19.20  26.7700   55.8600  10.0 6.1 5.8 SOUTHERN IRAN
event name:     C200511271022A
time shift:      3.5000
half duration:   2.3000
latitude:       26.6600
longitude:      55.8000
depth:          12.0000
Mrr:       9.520000e+24
Mtt:      -1.030000e+25
Mpp:       7.600000e+23
Mrt:       2.260000e+24
Mrp:      -4.000000e+23
Mtp:      -1.650000e+24
