 PDE 2009 11 28  9 21 18.00 -29.2200 -177.0200  28.0 5.8 6.0 KERMADEC ISLANDS REGION
event name:     C200911280921A
time shift:      3.5000
half duration:   2.3000
latitude:      -28.9900
longitude:    -176.7300
depth:          28.5000
Mrr:       9.800000e+24
Mtt:      -8.170000e+24
Mpp:      -1.630000e+24
Mrt:      -5.200000e+23
Mrp:       1.200000e+23
Mtp:       4.840000e+24
