 PDE 2007  4 21 17 53 46.30 -45.2400  -72.6500  36.7 6.1 6.3 SOUTHERN CHILE
event name:     C200704211753A
time shift:      2.0000
half duration:   3.2000
latitude:      -45.4800
longitude:     -72.9500
depth:          12.0000
Mrr:      -9.120000e+24
Mtt:      -1.200000e+24
Mpp:       1.030000e+25
Mrt:       1.850000e+24
Mrp:       2.800000e+24
Mtp:       2.770000e+25
