 PDE 2006  6 21 12 34 52.70   6.9400   92.4500  16.0 5.7 5.9 NICOBAR ISLANDS, INDIA REGION
event name:     C200606211234A
time shift:      6.1000
half duration:   2.5000
latitude:        6.8300
longitude:      92.4600
depth:          12.0000
Mrr:       1.330000e+25
Mtt:      -2.200000e+24
Mpp:      -1.110000e+25
Mrt:      -2.600000e+23
Mrp:      -3.030000e+24
Mtp:       5.530000e+24
