 PDE 2006  1 31 19 15 51.60   2.7000   96.0700  20.0 5.7 5.5 OFF W COAST OF NORTHERN SUMATRA
event name:     C200601311915A
time shift:      2.3000
half duration:   2.3000
latitude:        2.3400
longitude:      95.9000
depth:          23.0000
Mrr:       4.630000e+24
Mtt:      -3.350000e+24
Mpp:      -1.280000e+24
Mrt:       4.620000e+24
Mrp:      -4.840000e+24
Mtp:       2.780000e+24
