 PDE 2006  9 21 18 54 50.00  -9.0500  110.3600  25.0 5.7 6.0 SOUTH OF JAVA, INDONESIA
event name:     C200609211854A
time shift:      5.8000
half duration:   2.4000
latitude:       -9.4900
longitude:     110.5700
depth:          34.6000
Mrr:       7.040000e+24
Mtt:      -9.490000e+24
Mpp:       2.450000e+24
Mrt:       7.520000e+24
Mrp:      -1.540000e+24
Mtp:       1.990000e+24
