 PDE 2009 12  3  6 12 32.50 -56.4800 -122.3200  10.0 5.5 6.0 SOUTHERN EAST PACIFIC RISE
event name:     C200912030612A
time shift:      4.6000
half duration:   2.3000
latitude:      -56.1100
longitude:    -122.7800
depth:          12.0000
Mrr:      -6.900000e+23
Mtt:       5.780000e+24
Mpp:      -5.090000e+24
Mrt:      -8.200000e+23
Mrp:      -2.330000e+24
Mtp:       8.880000e+24
