 PDE 2008  9  5 19  7 38.30  -1.1700  -13.9500  10.0 5.5 5.8 NORTH OF ASCENSION ISLAND
event name:     C200809051907A
time shift:      4.1000
half duration:   1.9000
latitude:       -0.8800
longitude:     -13.7900
depth:          12.0000
Mrr:      -3.150000e+23
Mtt:       2.360000e+24
Mpp:      -2.040000e+24
Mrt:      -4.130000e+23
Mrp:       7.170000e+23
Mtp:      -5.250000e+24
