 PDE 2006 10  3 18  3 14.60 -18.8700  169.0000 171.4 5.9 6.3 VANUATU ISLANDS
event name:     C200610031803A
time shift:      4.5000
half duration:   3.5000
latitude:      -19.0100
longitude:     168.9100
depth:         166.4000
Mrr:       2.130000e+25
Mtt:      -9.060000e+24
Mpp:      -1.230000e+25
Mrt:       8.150000e+24
Mrp:      -2.600000e+25
Mtp:       1.470000e+25
