 PDE 2006  8 20  3  1  2.40  49.8200  156.4100  26.0 5.8 6.0 KURIL ISLANDS
event name:     C200608200301A
time shift:      5.3000
half duration:   2.4000
latitude:       49.5800
longitude:     156.8700
depth:          35.6000
Mrr:       9.580000e+24
Mtt:      -4.560000e+24
Mpp:      -5.020000e+24
Mrt:       5.340000e+24
Mrp:       2.710000e+24
Mtp:      -5.840000e+24
