 PDE 2006  2 24 14 15 45.20 -18.0000 -179.5900 622.4 5.9 0.0 FIJI ISLANDS REGION
event name:     C200602241415A
time shift:      3.8000
half duration:   2.6000
latitude:      -17.9400
longitude:    -179.4200
depth:         640.9000
Mrr:      -5.180000e+24
Mtt:       1.050000e+25
Mpp:      -5.300000e+24
Mrt:       7.950000e+24
Mrp:      -1.180000e+25
Mtp:       2.500000e+23
