 PDE 2005 10  1 21 54  9.30 -23.6100  -63.6300 547.4 5.4 0.0 SALTA PROVINCE, ARGENTINA
event name:     C200510012154A
time shift:      4.2000
half duration:   1.6000
latitude:      -23.6000
longitude:     -63.5800
depth:         558.7000
Mrr:      -2.140000e+24
Mtt:      -7.600000e+22
Mpp:       2.210000e+24
Mrt:      -6.170000e+23
Mrp:       2.230000e+24
Mtp:      -2.470000e+23
