 PDE 2006  8 25  0 44 46.20 -24.4100  -67.0300 184.3 5.9 6.6 CHILE-ARGENTINA BORDER REGION
event name:     C200608250044A
time shift:      5.3000
half duration:   4.7000
latitude:      -24.4400
longitude:     -67.1800
depth:         185.8000
Mrr:      -6.170000e+25
Mtt:      -1.590000e+25
Mpp:       7.760000e+25
Mrt:       3.930000e+25
Mrp:      -3.370000e+25
Mtp:      -1.910000e+25
