 PDE 2006 11  7 17 38 33.60  -6.4800  151.2000  10.0 6.2 6.5 NEW BRITAIN REGION, P.N.G.
event name:     C200611071738A
time shift:     11.1000
half duration:   4.6000
latitude:       -6.5700
longitude:     151.5800
depth:          12.0000
Mrr:      -7.650000e+25
Mtt:       5.520000e+25
Mpp:       2.130000e+25
Mrt:      -2.320000e+25
Mrp:      -2.070000e+25
Mtp:       4.100000e+25
