 PDE 2005  1 14  8 33 14.50  -4.2400  152.7200  10.0 5.5 6.0 NEW BRITAIN REGION, P.N.G.
event name:     C200501140833A
time shift:      7.5000
half duration:   2.7000
latitude:       -4.1800
longitude:     152.7000
depth:          24.6000
Mrr:       2.530000e+24
Mtt:       1.310000e+25
Mpp:      -1.560000e+25
Mrt:      -5.560000e+24
Mrp:       1.090000e+24
Mtp:       5.720000e+24
