 PDE 2005 12  1  3  8 40.40 -21.0200 -179.1000 644.7 5.2 0.0 FIJI ISLANDS REGION
event name:     C200512010308A
time shift:      1.6000
half duration:   1.5000
latitude:      -20.9700
longitude:    -178.9100
depth:         651.0000
Mrr:      -1.980000e+24
Mtt:       1.850000e+24
Mpp:       1.320000e+23
Mrt:      -6.950000e+23
Mrp:      -1.080000e+24
Mtp:      -1.120000e+24
