 PDE 2007  2 19 14 33 34.60 -20.2100  173.0900  20.7 5.2 5.8 VANUATU ISLANDS REGION
event name:     C200702191433A
time shift:      3.8000
half duration:   2.0000
latitude:      -20.1800
longitude:     173.0500
depth:          16.4000
Mrr:      -7.860000e+23
Mtt:      -4.810000e+24
Mpp:       5.600000e+24
Mrt:       4.220000e+23
Mrp:       3.100000e+23
Mtp:      -4.070000e+24
