 PDE 2007  1 25 10 59 17.60  22.5600  121.9300  36.2 5.6 6.0 TAIWAN REGION
event name:     C200701251059A
time shift:     -0.2000
half duration:   2.5000
latitude:       22.6100
longitude:     122.0600
depth:          29.2000
Mrr:       5.400000e+23
Mtt:       8.250000e+24
Mpp:      -8.790000e+24
Mrt:       6.000000e+23
Mrp:       1.420000e+24
Mtp:      -1.040000e+25
