 PDE 2007  5 17 19 29 10.20 -30.6600 -178.2000  40.7 5.5 6.0 KERMADEC ISLANDS, NEW ZEALAND
event name:     C200705171929A
time shift:      4.8000
half duration:   2.3000
latitude:      -30.6200
longitude:    -177.7300
depth:          49.8000
Mrr:       9.480000e+24
Mtt:       4.000000e+22
Mpp:      -9.510000e+24
Mrt:       8.600000e+23
Mrp:       4.400000e+24
Mtp:      -2.840000e+24
