 PDE 2009  7  3 11  0 14.60  25.1300 -109.7500  10.0 5.3 6.0 GULF OF CALIFORNIA
event name:     C200907031100A
time shift:      3.2000
half duration:   2.2000
latitude:       25.2000
longitude:    -109.8700
depth:          14.4000
Mrr:       6.500000e+23
Mtt:      -9.760000e+24
Mpp:       9.110000e+24
Mrt:      -4.100000e+23
Mrp:       2.300000e+23
Mtp:       4.500000e+23
