 PDE 2005  2 16 20 27 52.50 -36.3200  -16.5600  10.0 6.0 6.1 SOUTHERN MID-ATLANTIC RIDGE
event name:     C200502162027A
time shift:     15.1000
half duration:   5.0000
latitude:      -35.3900
longitude:     -16.0000
depth:          13.0000
Mrr:       3.000000e+24
Mtt:      -4.710000e+25
Mpp:       4.410000e+25
Mrt:       8.500000e+24
Mrp:       5.100000e+24
Mtp:       8.920000e+25
