 PDE 2006 10 20 10 48 56.00 -13.4600  -76.6800  23.0 5.9 6.7 NEAR COAST OF PERU
event name:     C200610201048A
time shift:      7.8000
half duration:   5.4000
latitude:      -13.4600
longitude:     -76.9800
depth:          22.5000
Mrr:       6.880000e+25
Mtt:      -7.500000e+24
Mpp:      -6.140000e+25
Mrt:       2.650000e+25
Mrp:      -1.130000e+26
Mtp:       2.830000e+25
