 PDE 2007  3 10 21 12 58.50  55.2300  161.9100  37.6 5.9 5.8 NEAR EAST COAST OF KAMCHATKA
event name:     C200703102112A
time shift:      5.2000
half duration:   2.0000
latitude:       55.0700
longitude:     162.5700
depth:          44.8000
Mrr:       5.480000e+24
Mtt:      -9.510000e+23
Mpp:      -4.530000e+24
Mrt:       2.450000e+24
Mrp:       2.300000e+24
Mtp:      -3.330000e+24
