 PDE 2005  5 10  1  9  5.10  -6.2300  103.1400  17.0 5.9 6.4 SOUTHWEST OF SUMATRA, INDONESIA
event name:     C200505100109A
time shift:      3.8000
half duration:   3.4000
latitude:       -6.4700
longitude:     103.0400
depth:          12.0000
Mrr:       2.800000e+25
Mtt:      -1.960000e+25
Mpp:      -8.470000e+24
Mrt:       1.580000e+25
Mrp:      -1.500000e+24
Mtp:       1.300000e+25
