 PDE 2009  4  5  9 36 26.20  32.0100  131.4200  26.0 5.8 5.8 SOUTHEAST OF SHIKOKU, JAPAN
event name:     C200904050936A
time shift:      4.7000
half duration:   1.9000
latitude:       31.7800
longitude:     132.0600
depth:          33.5000
Mrr:       4.150000e+24
Mtt:      -1.020000e+24
Mpp:      -3.140000e+24
Mrt:       1.980000e+24
Mrp:       3.280000e+24
Mtp:      -1.830000e+24
