 PDE 2007  4  1 21 11 33.20  -7.3100  155.7400  10.0 6.3 0.0 SOLOMON ISLANDS
event name:     C200704012111A
time shift:      9.7000
half duration:   6.7000
latitude:       -7.4600
longitude:     155.8000
depth:          29.6000
Mrr:       1.980000e+26
Mtt:      -1.030000e+26
Mpp:      -9.500000e+25
Mrt:      -2.940000e+25
Mrp:      -1.410000e+26
Mtp:       1.260000e+26
