 PDE 2007 11 23  1 26 47.40  -4.6300  151.8700 150.3 5.5 5.9 NEW BRITAIN REGION, P.N.G.
event name:     C200711230126A
time shift:      3.2000
half duration:   2.1000
latitude:       -4.8100
longitude:     151.9400
depth:         155.9000
Mrr:       4.140000e+24
Mtt:      -3.490000e+24
Mpp:      -6.420000e+23
Mrt:       6.310000e+24
Mrp:       2.160000e+24
Mtp:      -9.100000e+23
