 PDE 2009 10 13  5 37 23.70  52.7500 -167.0000  24.0 6.0 6.5 FOX ISLANDS, ALEUTIAN ISLANDS
event name:     C200910130537A
time shift:      5.6000
half duration:   3.9000
latitude:       52.5400
longitude:    -166.9900
depth:          12.7000
Mrr:       3.300000e+25
Mtt:      -3.010000e+25
Mpp:      -2.850000e+24
Mrt:       3.300000e+25
Mrp:       1.680000e+25
Mtp:      -1.340000e+25
