 PDE 2008 10  1  9 38 12.30  30.1700  138.7800 413.5 5.1 5.7 SOUTHEAST OF HONSHU, JAPAN
event name:     C200810010938A
time shift:      1.5000
half duration:   1.8000
latitude:       30.2100
longitude:     138.8800
depth:         393.8000
Mrr:      -2.900000e+24
Mtt:       3.000000e+24
Mpp:      -9.600000e+22
Mrt:       9.430000e+23
Mrp:      -3.540000e+24
Mtp:      -2.180000e+24
