 PDE 2006  1 23  6  2 59.50 -17.4200  167.7100  31.8 5.8 6.2 VANUATU ISLANDS
event name:     C200601230602A
time shift:      5.2000
half duration:   3.8000
latitude:      -17.2900
longitude:     167.6500
depth:          30.0000
Mrr:       3.920000e+25
Mtt:       2.610000e+24
Mpp:      -4.180000e+25
Mrt:       6.740000e+24
Mrp:      -2.340000e+25
Mtp:       5.700000e+24
