 PDE 2005  1  5 14 54  4.80   5.4900   94.3900  48.8 5.7 5.8 NORTHERN SUMATRA, INDONESIA
event name:     C200501051454A
time shift:      1.4000
half duration:   2.1000
latitude:        5.3200
longitude:      94.2400
depth:          33.0000
Mrr:       5.360000e+24
Mtt:      -1.660000e+24
Mpp:      -3.710000e+24
Mrt:       4.150000e+24
Mrp:      -5.000000e+24
Mtp:       3.520000e+24
