 PDE 2005  1  1  6 25 44.80   5.1000   92.3000  11.7 6.0 6.7 OFF W COAST OF NORTHERN SUMATRA
event name:     C200501010625A
time shift:      3.5000
half duration:   5.2000
latitude:        4.9700
longitude:      92.2200
depth:          12.0000
Mrr:      -5.200000e+24
Mtt:      -6.690000e+25
Mpp:       7.210000e+25
Mrt:      -2.870000e+25
Mrp:      -3.780000e+25
Mtp:      -8.540000e+25
