 PDE 2009 10 10 14 25 15.80 -14.1200  166.6900  35.0 5.6 5.8 VANUATU ISLANDS
event name:     C200910101425A
time shift:      3.5000
half duration:   2.0000
latitude:      -14.1800
longitude:     166.5100
depth:          24.7000
Mrr:       5.680000e+24
Mtt:       4.770000e+23
Mpp:      -6.160000e+24
Mrt:       2.720000e+24
Mrp:      -2.260000e+24
Mtp:       1.910000e+24
