 PDE 2007  3 18  2 11  5.50   4.5900  -78.5000   8.0 6.4 6.2 SOUTH OF PANAMA
event name:     C200703180211A
time shift:      6.0000
half duration:   3.2000
latitude:        4.6900
longitude:     -78.5300
depth:          12.0000
Mrr:      -2.460000e+25
Mtt:       4.460000e+24
Mpp:       2.020000e+25
Mrt:      -1.470000e+24
Mrp:       1.100000e+25
Mtp:       1.010000e+25
