 PDE 2005  7  9 10  7  1.30   2.7500  126.5300  22.3 5.8 5.2 NORTHERN MOLUCCA SEA
event name:     C200507091007A
time shift:      6.8000
half duration:   2.2000
latitude:        2.9700
longitude:     126.5100
depth:          25.5000
Mrr:       3.440000e+24
Mtt:       4.220000e+24
Mpp:      -7.670000e+24
Mrt:       1.000000e+23
Mrp:      -6.160000e+24
Mtp:      -2.850000e+24
