 PDE 2007  6  2 21 34 57.80  23.0300  101.0500   5.0 5.7 6.3 YUNNAN, CHINA
event name:     C200706022134A
time shift:      4.2000
half duration:   2.7000
latitude:       23.0200
longitude:     101.1300
depth:          12.0000
Mrr:       9.380000e+24
Mtt:      -1.850000e+25
Mpp:       9.120000e+24
Mrt:      -2.800000e+24
Mrp:      -2.180000e+24
Mtp:       8.420000e+24
