 PDE 2007  1  8 17 21 50.30  39.8000   70.3100  18.4 5.8 6.0 TAJIKISTAN
event name:     C200701081721A
time shift:      4.2000
half duration:   2.5000
latitude:       39.8500
longitude:      70.1700
depth:          22.8000
Mrr:       2.900000e+24
Mtt:      -3.310000e+24
Mpp:       4.100000e+23
Mrt:       5.400000e+24
Mrp:      -2.430000e+24
Mtp:      -1.260000e+25
