 PDE 2008 10 20  4 54 19.90   0.1000  120.6600 102.3 6.1 5.9 MINAHASSA PENINSULA, SULAWESI
event name:     C200810200454A
time shift:      1.5000
half duration:   2.1000
latitude:        0.2100
longitude:     120.6700
depth:         108.4000
Mrr:       4.440000e+24
Mtt:       5.300000e+22
Mpp:      -4.490000e+24
Mrt:      -3.780000e+24
Mrp:      -4.720000e+24
Mtp:       2.340000e+24
