 PDE 2008  9  4  9 37  4.00 -12.1400  167.1000 272.0 5.5 5.7 SANTA CRUZ ISLANDS
event name:     C200809040937A
time shift:      1.5000
half duration:   1.6000
latitude:      -12.1700
longitude:     167.0400
depth:         261.4000
Mrr:       2.800000e+24
Mtt:      -1.860000e+23
Mpp:      -2.620000e+24
Mrt:       1.620000e+24
Mrp:      -1.730000e+24
Mtp:      -1.250000e+24
