 PDE 2007  7 15 13  8  0.80  52.4800 -168.0500  10.0 5.8 6.1 FOX ISLANDS, ALEUTIAN ISLANDS
event name:     C200707151308A
time shift:      5.2000
half duration:   2.7000
latitude:       52.3000
longitude:    -167.9000
depth:          14.7000
Mrr:       1.160000e+25
Mtt:      -8.120000e+24
Mpp:      -3.460000e+24
Mrt:       1.060000e+25
Mrp:       5.610000e+24
Mtp:      -6.240000e+24
