 PDE 2008  6  3 17 31 32.40  -8.1700  120.2500  14.0 5.6 5.9 FLORES REGION, INDONESIA
event name:     C200806031731A
time shift:      6.2000
half duration:   2.1000
latitude:       -8.0900
longitude:     120.3200
depth:          20.6000
Mrr:       6.400000e+24
Mtt:      -6.760000e+24
Mpp:       3.600000e+23
Mrt:      -5.140000e+24
Mrp:      -1.100000e+24
Mtp:      -4.200000e+23
