 PDE 2007  8  2  2 37 42.40  47.1200  141.8000   5.0 5.3 6.2 SAKHALIN, RUSSIA
event name:     C200708020237A
time shift:      8.7000
half duration:   3.0000
latitude:       46.8400
longitude:     141.8200
depth:          12.0000
Mrr:       2.310000e+25
Mtt:       3.900000e+23
Mpp:      -2.350000e+25
Mrt:      -3.500000e+23
Mrp:      -2.380000e+24
Mtp:      -1.520000e+24
