 PDE 2005  3 23 13 59 17.00 -55.4700   -1.5400  10.0 5.6 5.6 BOUVET ISLAND REGION
event name:     C200503231359A
time shift:      5.0000
half duration:   1.9000
latitude:      -55.7000
longitude:      -1.3500
depth:          12.0000
Mrr:      -5.310000e+24
Mtt:       1.050000e+23
Mpp:       5.200000e+24
Mrt:      -7.380000e+23
Mrp:      -2.480000e+24
Mtp:      -1.220000e+24
