 PDE 2005  6 15 10 13 59.40  -4.5900  153.1900  74.6 5.7 0.0 NEW IRELAND REGION, P.N.G.
event name:     C200506151013A
time shift:      1.7000
half duration:   3.1000
latitude:       -4.8000
longitude:     153.1500
depth:          61.0000
Mrr:       1.940000e+25
Mtt:      -2.410000e+25
Mpp:       4.710000e+24
Mrt:       1.090000e+25
Mrp:       5.900000e+24
Mtp:       4.000000e+24
