 PDE 2008  7 28 21 37 32.60 -10.6100  163.1600  10.0 5.7 6.1 SOLOMON ISLANDS
event name:     C200807282137A
time shift:      3.6000
half duration:   2.2000
latitude:      -10.5000
longitude:     163.3700
depth:          18.2000
Mrr:      -2.070000e+24
Mtt:       3.560000e+24
Mpp:      -1.490000e+24
Mrt:       6.620000e+23
Mrp:      -1.510000e+24
Mtp:       8.220000e+24
