 PDE 2006  2 17  2 13 29.90  24.0200  141.4900 160.5 5.1 0.0 VOLCANO ISLANDS, JAPAN REGION
event name:     C200602170213A
time shift:      3.6000
half duration:   1.6000
latitude:       24.1000
longitude:     141.5800
depth:         174.2000
Mrr:       1.890000e+24
Mtt:      -4.640000e+23
Mpp:      -1.430000e+24
Mrt:      -1.900000e+24
Mrp:       1.060000e+23
Mtp:      -1.950000e+24
