 PDE 2005  2 26 12 56 52.60   2.9100   95.5900  36.0 6.0 6.7 OFF W COAST OF NORTHERN SUMATRA
event name:     C200502261256A
time shift:      5.5000
half duration:   5.9000
latitude:        2.8000
longitude:      95.4000
depth:          12.0000
Mrr:       2.670000e+25
Mtt:      -1.780000e+25
Mpp:      -9.000000e+24
Mrt:       9.320000e+25
Mrp:      -1.060000e+26
Mtp:       1.730000e+25
