 PDE 2007 11 27 11 49 58.00 -10.9500  162.1500  16.0 5.9 6.7 SOLOMON ISLANDS
event name:     C200711271150A
time shift:      5.5000
half duration:   4.7000
latitude:      -11.1300
longitude:     162.2000
depth:          26.1000
Mrr:       3.740000e+25
Mtt:      -3.390000e+25
Mpp:      -3.480000e+24
Mrt:       1.770000e+25
Mrp:      -6.200000e+25
Mtp:       4.710000e+25
