 PDE 2007  4 28 14  2 37.90 -60.7900  -20.2100  10.0 5.6 6.1 EAST OF SOUTH SANDWICH ISLANDS
event name:     C200704281402A
time shift:      4.9000
half duration:   2.6000
latitude:      -61.0400
longitude:     -20.1200
depth:          16.8000
Mrr:      -9.700000e+23
Mtt:      -2.310000e+24
Mpp:       3.290000e+24
Mrt:       1.800000e+24
Mrp:      -1.750000e+24
Mtp:       1.450000e+25
