 PDE 2008  4 14  9 45 19.70 -56.0200  -28.0300 140.2 6.0 6.0 SOUTH SANDWICH ISLANDS REGION
event name:     C200804140945A
time shift:      1.0000
half duration:   2.5000
latitude:      -56.0400
longitude:     -27.7500
depth:         115.2000
Mrr:      -1.200000e+23
Mtt:       4.630000e+24
Mpp:      -4.510000e+24
Mrt:      -1.200000e+25
Mrp:       2.830000e+24
Mtp:       5.610000e+24
