 PDE 2006 10  1  9  6  2.30  46.4700  153.2400  19.0 6.1 6.6 KURIL ISLANDS
event name:     C200610010906A
time shift:      7.2000
half duration:   4.6000
latitude:       46.3800
longitude:     153.6400
depth:          12.8000
Mrr:       6.650000e+25
Mtt:      -2.390000e+25
Mpp:      -4.260000e+25
Mrt:       2.170000e+25
Mrp:       3.960000e+25
Mtp:      -3.780000e+25
