 PDE 2008  5 31 23 16  4.60 -28.9200 -112.2600  10.0 5.4 5.8 EASTER ISLAND REGION
event name:     C200805312316A
time shift:      5.0000
half duration:   1.9000
latitude:      -28.9000
longitude:    -112.4000
depth:          12.0000
Mrr:      -4.430000e+23
Mtt:      -2.800000e+24
Mpp:       3.250000e+24
Mrt:       2.660000e+23
Mrp:      -6.970000e+23
Mtp:      -5.000000e+24
