 PDE 2007  4 27  8  2 49.70   5.3600   94.6400  38.0 6.3 5.9 NORTHERN SUMATRA, INDONESIA
event name:     C200704270802A
time shift:      2.5000
half duration:   2.2000
latitude:        5.0900
longitude:      94.4300
depth:          49.2000
Mrr:       6.210000e+24
Mtt:      -3.020000e+24
Mpp:      -3.180000e+24
Mrt:       4.150000e+24
Mrp:      -3.710000e+24
Mtp:       3.800000e+24
