 PDE 2009  8  9 10 55 55.60  33.1700  137.9400 297.0 6.5 7.1 SOUTHEAST OF HONSHU, JAPAN
event name:     C200908091055A
time shift:      3.2000
half duration:   8.3000
latitude:       33.0500
longitude:     138.1900
depth:         301.8000
Mrr:       3.410000e+25
Mtt:       1.590000e+25
Mpp:      -5.000000e+25
Mrt:      -7.690000e+25
Mrp:      -4.570000e+26
Mtp:      -1.580000e+26
