 PDE 2006  9 12 13 30 55.70 -28.9400  -68.9000 114.0 5.8 6.0 CHILE-ARGENTINA BORDER REGION
event name:     C200609121330A
time shift:      4.2000
half duration:   2.2000
latitude:      -29.1900
longitude:     -69.1300
depth:         113.7000
Mrr:      -6.010000e+24
Mtt:       1.430000e+24
Mpp:       4.580000e+24
Mrt:      -2.070000e+24
Mrp:       5.490000e+24
Mtp:      -4.610000e+24
