 PDE 2006 11 12 21 27 42.40  48.2800  154.2500  36.0 6.1 5.9 KURIL ISLANDS
event name:     C200611122127A
time shift:      2.9000
half duration:   2.3000
latitude:       48.1700
longitude:     154.7500
depth:          48.4000
Mrr:       9.030000e+24
Mtt:      -1.890000e+24
Mpp:      -7.130000e+24
Mrt:       1.450000e+24
Mrp:       2.770000e+24
Mtp:      -4.570000e+24
