 PDE 2005  7 23  8 51 43.60 -30.2500 -178.0700  10.0 5.7 5.6 KERMADEC ISLANDS, NEW ZEALAND
event name:     C200507230851A
time shift:     10.5000
half duration:   2.4000
latitude:      -30.0400
longitude:    -177.6700
depth:          60.6000
Mrr:       1.030000e+25
Mtt:       7.600000e+23
Mpp:      -1.100000e+25
Mrt:      -7.600000e+23
Mrp:       5.070000e+24
Mtp:      -2.420000e+24
