 PDE 2007  6 28  2 52  9.60  -7.9700  154.6300  10.0 6.3 6.7 SOLOMON ISLANDS
event name:     C200706280252A
time shift:      5.9000
half duration:   5.3000
latitude:       -7.9500
longitude:     154.7000
depth:          18.0000
Mrr:      -1.400000e+24
Mtt:       1.140000e+26
Mpp:      -1.130000e+26
Mrt:       5.380000e+25
Mrp:      -3.860000e+25
Mtp:       1.590000e+25
