 PDE 2006  4 30 21 32 55.00 -27.2200  -71.2200  35.0 5.6 5.9 NEAR COAST OF NORTHERN CHILE
event name:     C200604302132A
time shift:      5.5000
half duration:   2.1000
latitude:      -27.3200
longitude:     -71.7700
depth:          19.7000
Mrr:       5.500000e+24
Mtt:      -2.250000e+23
Mpp:      -5.280000e+24
Mrt:       6.360000e+23
Mrp:      -5.770000e+24
Mtp:       6.860000e+23
