 PDE 2007  1 17 23 18 50.10  10.1300   58.7000  10.0 5.8 6.2 CARLSBERG RIDGE
event name:     C200701172318A
time shift:      4.1000
half duration:   3.1000
latitude:       10.2100
longitude:      58.5900
depth:          22.9000
Mrr:       1.200000e+24
Mtt:       1.940000e+25
Mpp:      -2.070000e+25
Mrt:       8.260000e+24
Mrp:      -1.270000e+24
Mtp:      -1.500000e+25
