 PDE 2007  4  6  5 54 20.40 -55.3700 -123.6400  10.0 5.6 5.9 SOUTHERN EAST PACIFIC RISE
event name:     C200704060554A
time shift:      5.3000
half duration:   2.2000
latitude:      -55.6100
longitude:    -123.8500
depth:          12.0000
Mrr:      -8.980000e+24
Mtt:       9.850000e+24
Mpp:      -8.700000e+23
Mrt:       5.800000e+23
Mrp:      -1.060000e+24
Mtp:       1.070000e+24
