 PDE 2006 12  1  3 58 21.80   3.4000   99.0900 205.5 6.0 6.3 NORTHERN SUMATRA, INDONESIA
event name:     C200612010358A
time shift:      2.5000
half duration:   3.5000
latitude:        3.4600
longitude:      99.0500
depth:         208.4000
Mrr:       5.040000e+24
Mtt:      -2.610000e+24
Mpp:      -2.430000e+24
Mrt:      -6.590000e+24
Mrp:      -3.680000e+25
Mtp:      -6.380000e+24
