 PDE 2008  8  4 20 45 14.00  -5.9200  130.2000 173.9 6.1 6.3 BANDA SEA
event name:     C200808042045A
time shift:      5.7000
half duration:   3.3000
latitude:       -5.9300
longitude:     130.4700
depth:         173.9000
Mrr:      -2.870000e+25
Mtt:       1.660000e+25
Mpp:       1.220000e+25
Mrt:      -1.870000e+24
Mrp:      -3.810000e+24
Mtp:       1.590000e+25
