 PDE 2007  7  3  8 26  0.80   0.7100  -30.2700  10.0 5.8 6.3 CENTRAL MID-ATLANTIC RIDGE
event name:     C200707030826A
time shift:      6.6000
half duration:   3.5000
latitude:        0.8100
longitude:     -30.0400
depth:          17.0000
Mrr:      -1.500000e+23
Mtt:       4.580000e+24
Mpp:      -4.440000e+24
Mrt:      -4.000000e+24
Mrp:       1.380000e+25
Mtp:      -3.400000e+25
