 PDE 2007  2 12  2  8 55.20  -4.9800  144.9800  35.0 5.6 5.8 NEW GUINEA, PAPUA NEW GUINEA
event name:     C200702120208A
time shift:      8.1000
half duration:   2.1000
latitude:       -5.0300
longitude:     144.9900
depth:          68.5000
Mrr:       7.250000e+24
Mtt:      -5.390000e+24
Mpp:      -1.850000e+24
Mrt:      -4.490000e+23
Mrp:       2.570000e+23
Mtp:       3.720000e+24
