 PDE 2005  6  3  0 42  1.90   1.4600   97.1500  24.9 5.4 5.7 OFF W COAST OF NORTHERN SUMATRA
event name:     C200506030042A
time shift:      2.8000
half duration:   2.2000
latitude:        1.2100
longitude:      96.9600
depth:          12.0000
Mrr:       2.010000e+24
Mtt:      -5.030000e+23
Mpp:      -1.510000e+24
Mrt:       4.230000e+24
Mrp:      -4.340000e+24
Mtp:       1.360000e+24
