 PDE 2009  3 15  3 14 31.90   2.4300  -95.1200  10.0 5.4 5.8 GALAPAGOS ISLANDS REGION
event name:     C200903150314A
time shift:      4.0000
half duration:   1.9000
latitude:        2.5600
longitude:     -95.2500
depth:          12.0000
Mrr:      -9.640000e+23
Mtt:       3.960000e+24
Mpp:      -3.000000e+24
Mrt:       1.410000e+24
Mrp:       7.450000e+23
Mtp:       4.630000e+24
