 PDE 2006 10 15 17 14 12.10  20.1300 -155.9800  18.9 5.8 6.0 HAWAII
event name:     C200610151714A
time shift:      2.1000
half duration:   2.6000
latitude:       20.0900
longitude:    -155.8800
depth:          20.1000
Mrr:       9.790000e+24
Mtt:       4.000000e+22
Mpp:      -9.820000e+24
Mrt:      -9.330000e+24
Mrp:       2.900000e+24
Mtp:       5.130000e+24
