 PDE 2008  7 21 11 30 29.30  37.1900  142.0500  22.0 5.7 6.0 OFF EAST COAST OF HONSHU, JAPAN
event name:     C200807211130A
time shift:      4.8000
half duration:   2.2000
latitude:       37.1600
longitude:     142.3000
depth:          29.6000
Mrr:       5.340000e+24
Mtt:      -4.900000e+23
Mpp:      -4.840000e+24
Mrt:       3.310000e+24
Mrp:       6.670000e+24
Mtp:      -2.580000e+24
