 PDE 2007  1 13 17 37  6.30  46.9100  156.2800  10.0 5.7 6.0 EAST OF KURIL ISLANDS
event name:     C200701131737A
time shift:      5.5000
half duration:   2.4000
latitude:       47.0300
longitude:     156.3900
depth:          28.0000
Mrr:      -6.930000e+24
Mtt:       1.170000e+25
Mpp:      -4.760000e+24
Mrt:      -1.890000e+24
Mrp:      -6.120000e+24
Mtp:       5.700000e+23
