 PDE 2005  3 31  1 46 17.80 -18.4500  175.9900  10.0 5.8 5.7 FIJI ISLANDS REGION
event name:     C200503310146A
time shift:      5.0000
half duration:   2.5000
latitude:      -18.4700
longitude:     176.1300
depth:          12.0000
Mrr:      -1.340000e+25
Mtt:       1.570000e+24
Mpp:       1.180000e+25
Mrt:      -2.810000e+24
Mrp:      -9.200000e+23
Mtp:       4.980000e+24
