 PDE 2007  3 28 21 17 10.60  -6.2700   29.6700   8.0 5.8 5.8 LAKE TANGANYIKA REGION
event name:     C200703282117A
time shift:      3.8000
half duration:   2.0000
latitude:       -6.3600
longitude:      29.7000
depth:          14.4000
Mrr:      -2.730000e+24
Mtt:      -3.490000e+24
Mpp:       6.220000e+24
Mrt:      -2.830000e+24
Mrp:      -2.700000e+22
Mtp:      -2.430000e+24
