 PDE 2007  1  5 16 52 22.40  55.7600 -156.0600  18.6 5.4 5.8 SOUTH OF ALASKA
event name:     C200701051652A
time shift:      1.7000
half duration:   2.0000
latitude:       55.3700
longitude:    -155.8900
depth:          22.1000
Mrr:       1.200000e+24
Mtt:      -1.490000e+24
Mpp:       2.930000e+23
Mrt:       4.590000e+24
Mrp:       3.300000e+24
Mtp:      -9.180000e+23
