 PDE 2006  6 28 21  2  9.20  26.8200   55.9000  10.0 5.8 5.8 SOUTHERN IRAN
event name:     C200606282102A
time shift:      4.2000
half duration:   2.0000
latitude:       26.7700
longitude:      55.8100
depth:          12.0000
Mrr:       5.280000e+24
Mtt:      -4.850000e+24
Mpp:      -4.250000e+23
Mrt:       2.170000e+24
Mrp:       1.460000e+24
Mtp:      -3.100000e+24
