 PDE 2006 10 12 18  5 58.20 -31.3000  -71.3300  45.9 5.8 6.4 OFF COAST OF CENTRAL CHILE
event name:     C200610121805A
time shift:      6.0000
half duration:   3.7000
latitude:      -31.4800
longitude:     -72.0300
depth:          36.8000
Mrr:       3.220000e+25
Mtt:       2.210000e+24
Mpp:      -3.440000e+25
Mrt:       2.810000e+24
Mrp:      -2.680000e+25
Mtp:       6.600000e+23
