 PDE 2006 10 22  8 55 16.80 -45.7300   95.9900  10.0 5.6 6.0 SOUTHEAST INDIAN RIDGE
event name:     C200610220855A
time shift:      2.8000
half duration:   2.6000
latitude:      -45.6300
longitude:      95.8900
depth:          12.0000
Mrr:       8.000000e+22
Mtt:      -1.440000e+25
Mpp:       1.430000e+25
Mrt:       4.500000e+23
Mrp:       1.230000e+24
Mtp:      -4.840000e+24
