 PDE 2005 10 14  8 27 36.10 -34.6600  179.4300 204.1 5.1 0.0 SOUTH OF KERMADEC ISLANDS
event name:     C200510140827A
time shift:      4.3000
half duration:   1.6000
latitude:      -34.6000
longitude:     179.2500
depth:         203.4000
Mrr:       1.770000e+24
Mtt:      -2.480000e+23
Mpp:      -1.520000e+24
Mrt:       5.050000e+23
Mrp:       2.550000e+24
Mtp:      -9.360000e+23
