 PDE 2005  7 18 19 37 19.40  -0.1600  125.1500  18.8 5.8 5.1 SOUTHERN MOLUCCA SEA
event name:     C200507181937A
time shift:      6.8000
half duration:   2.0000
latitude:       -0.1500
longitude:     125.1900
depth:          17.0000
Mrr:       2.510000e+24
Mtt:      -2.690000e+24
Mpp:       1.790000e+23
Mrt:       3.090000e+23
Mrp:       6.160000e+24
Mtp:      -1.900000e+24
