 PDE 2009  3 26 19 19 59.60  27.4200  126.7000 159.5 5.6 5.9 NORTHWEST OF RYUKYU ISLANDS
event name:     C200903261919A
time shift:      1.0000
half duration:   2.1000
latitude:       27.3200
longitude:     126.9300
depth:         161.0000
Mrr:      -3.790000e+24
Mtt:      -1.190000e+24
Mpp:       4.980000e+24
Mrt:      -2.480000e+24
Mrp:      -4.760000e+24
Mtp:      -2.870000e+24
