 PDE 2005  4  7 20  4 41.10  30.4900   83.6600  11.0 6.0 6.1 XIZANG
event name:     C200504072004A
time shift:      6.3000
half duration:   3.4000
latitude:       30.2400
longitude:      83.7700
depth:          12.0000
Mrr:      -2.960000e+25
Mtt:      -6.370000e+24
Mpp:       3.590000e+25
Mrt:       2.700000e+23
Mrp:      -2.490000e+24
Mtp:      -7.550000e+24
