 PDE 2005  6  8  6 28 10.90   2.1700   96.7200  23.5 5.8 5.7 OFF W COAST OF NORTHERN SUMATRA
event name:     C200506080628A
time shift:      3.3000
half duration:   2.7000
latitude:        1.8600
longitude:      96.4600
depth:          24.0000
Mrr:       7.560000e+24
Mtt:      -4.340000e+24
Mpp:      -3.230000e+24
Mrt:       7.220000e+24
Mrp:      -7.130000e+24
Mtp:       4.560000e+24
