 PDE 2008  5 30  7 25 39.80  30.8000  141.5200  16.0 5.5 5.8 SOUTHEAST OF HONSHU, JAPAN
event name:     C200805300725A
time shift:      3.0000
half duration:   1.9000
latitude:       30.6000
longitude:     141.8200
depth:          19.0000
Mrr:       4.030000e+24
Mtt:       7.120000e+23
Mpp:      -4.740000e+24
Mrt:       3.100000e+22
Mrp:       3.380000e+24
Mtp:       1.120000e+24
