 PDE 2007  3 23 22 30 55.20 -18.8600 -178.3700 613.1 5.6 0.0 FIJI ISLANDS REGION
event name:     C200703232230A
time shift:      4.4000
half duration:   1.9000
latitude:      -18.8700
longitude:    -178.2400
depth:         644.6000
Mrr:      -9.370000e+23
Mtt:       5.840000e+24
Mpp:      -4.910000e+24
Mrt:       3.320000e+23
Mrp:      -1.580000e+24
Mtp:      -1.730000e+24
