 PDE 2007 12 12 23 39 59.80  52.1000 -131.5500  10.0 5.4 5.7 QUEEN CHARLOTTE ISLANDS REGION
event name:     C200712122339A
time shift:      3.4000
half duration:   1.9000
latitude:       51.9900
longitude:    -131.6300
depth:          26.3000
Mrr:       1.090000e+24
Mtt:      -1.330000e+24
Mpp:       2.310000e+23
Mrt:       2.470000e+24
Mrp:      -8.440000e+23
Mtp:       5.450000e+24
