 PDE 2005 11 25  9 29 59.80 -25.8100 -177.8300 172.9 5.0 0.0 SOUTH OF FIJI ISLANDS
event name:     C200511250929A
time shift:      2.2000
half duration:   1.5000
latitude:      -25.8800
longitude:    -177.4600
depth:         180.7000
Mrr:      -6.700000e+23
Mtt:      -9.880000e+23
Mpp:       1.660000e+24
Mrt:      -1.520000e+24
Mrp:      -1.610000e+24
Mtp:       5.400000e+22
