 PDE 2007  2 14  1 29  7.20 -29.5900 -112.0500  10.0 5.6 5.9 EASTER ISLAND REGION
event name:     C200702140129A
time shift:      5.2000
half duration:   2.2000
latitude:      -29.7400
longitude:    -112.1700
depth:          17.1000
Mrr:      -7.600000e+23
Mtt:      -8.020000e+24
Mpp:       8.780000e+24
Mrt:      -2.660000e+24
Mrp:      -7.200000e+23
Mtp:      -2.880000e+24
