 PDE 2005  9  6 21 36 40.40  -5.9000  128.7100 314.8 5.1 0.0 BANDA SEA
event name:     C200509062136A
time shift:      1.4000
half duration:   1.4000
latitude:       -5.7900
longitude:     128.8900
depth:         317.8000
Mrr:      -2.000000e+22
Mtt:      -7.990000e+23
Mpp:       8.180000e+23
Mrt:      -2.570000e+23
Mrp:       1.690000e+24
Mtp:       1.830000e+24
