 PDE 2006  7 28  7 40 13.80  24.1900  122.5300  49.3 5.7 5.9 TAIWAN REGION
event name:     C200607280740B
time shift:     -1.0000
half duration:   2.1000
latitude:       23.9100
longitude:     122.4900
depth:          39.2000
Mrr:       4.340000e+24
Mtt:      -6.500000e+24
Mpp:       2.160000e+24
Mrt:       4.190000e+24
Mrp:       2.810000e+24
Mtp:      -3.800000e+22
