 PDE 2006 12  2  9 52 13.20 -17.7700 -174.3100 135.9 5.3 5.8 TONGA ISLANDS
event name:     C200612020952A
time shift:      4.6000
half duration:   1.9000
latitude:      -17.6900
longitude:    -173.8500
depth:         135.4000
Mrr:      -4.470000e+23
Mtt:       4.540000e+24
Mpp:      -4.090000e+24
Mrt:       1.260000e+24
Mrp:       4.050000e+24
Mtp:      -2.470000e+24
