 PDE 2007  4  4 19 58  3.80 -17.2300   66.7900  10.0 5.2 5.9 MAURITIUS - REUNION REGION
event name:     C200704041958A
time shift:      5.4000
half duration:   2.2000
latitude:      -17.1200
longitude:      66.5000
depth:          18.5000
Mrr:      -7.300000e+23
Mtt:      -7.860000e+24
Mpp:       8.600000e+24
Mrt:      -8.100000e+23
Mrp:      -6.300000e+23
Mtp:       3.130000e+24
