 PDE 2009 10 10 19 41 24.00 -15.6600 -173.0600  12.0 5.6 5.9 SAMOA ISLANDS REGION
event name:     C200910101941A
time shift:      7.8000
half duration:   2.3000
latitude:      -15.5500
longitude:    -172.5900
depth:          17.9000
Mrr:       7.820000e+24
Mtt:       6.100000e+23
Mpp:      -8.430000e+24
Mrt:       3.400000e+23
Mrp:       6.050000e+24
Mtp:       1.630000e+24
