 PDE 2005  4  7 19 43 14.90   2.9700  126.4800  59.7 5.6 0.0 TALAUD ISLANDS, INDONESIA
event name:     C200504071943A
time shift:      1.4000
half duration:   2.2000
latitude:        3.0400
longitude:     126.7300
depth:          51.0000
Mrr:       6.800000e+24
Mtt:       9.800000e+23
Mpp:      -7.780000e+24
Mrt:       3.000000e+22
Mrp:       4.850000e+24
Mtp:      -1.800000e+24
