 PDE 2007 12 15  8  3 15.80  -7.5300  127.4700 175.9 5.8 6.0 BANDA SEA
event name:     C200712150803A
time shift:      2.1000
half duration:   2.4000
latitude:       -7.7500
longitude:     127.5900
depth:         175.8000
Mrr:       1.140000e+25
Mtt:      -9.440000e+24
Mpp:      -1.940000e+24
Mrt:       3.790000e+24
Mrp:       4.470000e+24
Mtp:       4.300000e+24
