 PDE 2007  4 12 18 24 49.00 -61.8300  160.9600  10.0 5.3 6.0 BALLENY ISLANDS REGION
event name:     C200704121824A
time shift:      4.9000
half duration:   2.4000
latitude:      -61.7200
longitude:     161.2000
depth:          12.5000
Mrr:       7.000000e+22
Mtt:       1.170000e+25
Mpp:      -1.180000e+25
Mrt:      -1.470000e+24
Mrp:       1.360000e+24
Mtp:      -2.020000e+24
