 PDE 2005  1  9 22 12 56.50   4.9300   95.1100  40.0 6.0 5.8 OFF W COAST OF NORTHERN SUMATRA
event name:     C200501092212A
time shift:      3.8000
half duration:   2.3000
latitude:        4.6300
longitude:      94.9400
depth:          46.0000
Mrr:       7.470000e+24
Mtt:      -4.210000e+24
Mpp:      -3.260000e+24
Mrt:       5.870000e+24
Mrp:      -5.580000e+24
Mtp:       4.730000e+24
