 PDE 2007  7 21 15 34 52.60 -22.1500  -65.7800 289.5 5.8 6.4 JUJUY PROVINCE, ARGENTINA
event name:     C200707211534A
time shift:      6.6000
half duration:   4.0000
latitude:      -22.3100
longitude:     -66.0000
depth:         280.2000
Mrr:      -1.590000e+24
Mtt:      -1.640000e+24
Mpp:       3.230000e+24
Mrt:       6.070000e+24
Mrp:      -5.340000e+25
Mtp:       1.930000e+24
