 PDE 2007  8  4 14 24 51.70  -4.8000 -105.4100  10.0 5.4 6.0 CENTRAL EAST PACIFIC RISE
event name:     C200708041424A
time shift:      9.6000
half duration:   2.6000
latitude:       -4.6000
longitude:    -105.6800
depth:          15.6000
Mrr:      -2.900000e+23
Mtt:       6.220000e+24
Mpp:      -5.920000e+24
Mrt:       7.600000e+23
Mrp:       2.210000e+24
Mtp:       1.450000e+25
