 PDE 2007  8 13 10 27 23.10 -60.5500  153.7900  10.0 5.6 6.1 WEST OF MACQUARIE ISLAND
event name:     C200708131027A
time shift:     10.8000
half duration:   2.8000
latitude:      -60.3200
longitude:     153.1900
depth:          18.8000
Mrr:      -2.490000e+24
Mtt:       1.490000e+25
Mpp:      -1.240000e+25
Mrt:       3.280000e+24
Mrp:       3.030000e+24
Mtp:      -1.290000e+25
