 PDE 2007  6  7  0 40 38.10  -3.3200  146.7600   4.7 5.8 6.2 BISMARCK SEA
event name:     C200706070040A
time shift:      6.8000
half duration:   3.1000
latitude:       -3.3200
longitude:     146.8500
depth:          12.0000
Mrr:       8.700000e+23
Mtt:      -4.450000e+24
Mpp:       3.570000e+24
Mrt:      -3.220000e+24
Mrp:      -5.140000e+24
Mtp:       2.580000e+25
