 PDE 2006  4 17 23 49 59.20 -12.4900  166.4800  31.0 5.4 6.1 SANTA CRUZ ISLANDS
event name:     C200604172349A
time shift:      6.0000
half duration:   2.7000
latitude:      -12.5900
longitude:     166.1200
depth:          28.5000
Mrr:       1.520000e+25
Mtt:      -1.060000e+24
Mpp:      -1.420000e+25
Mrt:       3.190000e+24
Mrp:      -4.920000e+24
Mtp:       6.050000e+24
