 PDE 2006  8 11 20 54 14.40   2.4000   96.3500  22.0 5.8 6.2 NORTHERN SUMATRA, INDONESIA
event name:     C200608112054A
time shift:      2.9000
half duration:   3.2000
latitude:        2.1000
longitude:      96.1800
depth:          20.6000
Mrr:       8.560000e+24
Mtt:      -5.570000e+24
Mpp:      -2.990000e+24
Mrt:       1.460000e+25
Mrp:      -1.420000e+25
Mtp:       5.390000e+24
