 PDE 2005 10 23 10  8 14.70  37.3800  134.5600 380.7 5.7 0.0 SEA OF JAPAN
event name:     C200510231008A
time shift:      1.7000
half duration:   2.3000
latitude:       37.3600
longitude:     134.6100
depth:         393.5000
Mrr:       4.110000e+24
Mtt:      -3.000000e+22
Mpp:      -4.080000e+24
Mrt:      -4.300000e+23
Mrp:      -8.420000e+24
Mtp:       3.270000e+24
