 PDE 2005  2  5  3 34 25.70  16.0100  145.8700 142.7 6.3 0.0 MARIANA ISLANDS
event name:     C200502050334A
time shift:      6.3000
half duration:   4.8000
latitude:       15.8800
longitude:     146.1900
depth:         132.0000
Mrr:      -5.480000e+25
Mtt:       6.340000e+25
Mpp:      -8.600000e+24
Mrt:      -5.200000e+24
Mrp:       4.980000e+25
Mtp:      -5.220000e+25
