 PDE 2008  5 19  3 16 13.60 -47.7800   31.9700  10.0 5.4 5.9 PRINCE EDWARD ISLANDS REGION
event name:     C200805190316A
time shift:      3.5000
half duration:   2.3000
latitude:      -47.7200
longitude:      32.1600
depth:          15.6000
Mrr:      -7.600000e+23
Mtt:       6.170000e+24
Mpp:      -5.410000e+24
Mrt:       5.600000e+23
Mrp:      -1.490000e+24
Mtp:       7.860000e+24
