 PDE 2009  9 23  2 59 30.50 -52.9600  159.9100  10.0 5.3 6.0 MACQUARIE ISLAND REGION
event name:     C200909230259A
time shift:      7.8000
half duration:   2.4000
latitude:      -52.9500
longitude:     159.5800
depth:          20.9000
Mrr:       2.000000e+22
Mtt:       1.120000e+25
Mpp:      -1.120000e+25
Mrt:       4.000000e+23
Mrp:       1.600000e+23
Mtp:       4.910000e+24
