 PDE 2007 11 21 12 55  5.60 -24.8100  -68.4700 115.4 5.6 5.8 CHILE-ARGENTINA BORDER REGION
event name:     C200711211255A
time shift:      3.0000
half duration:   1.9000
latitude:      -25.0200
longitude:     -68.8100
depth:         127.3000
Mrr:      -4.300000e+24
Mtt:       1.040000e+24
Mpp:       3.260000e+24
Mrt:      -4.020000e+23
Mrp:      -3.570000e+24
Mtp:      -2.260000e+24
