 PDE 2007 10 15 21 28 23.70 -44.7900  167.4600  19.0 5.6 6.1 SOUTH ISLAND, NEW ZEALAND
event name:     C200710152128A
time shift:      6.1000
half duration:   2.6000
latitude:      -44.6200
longitude:     167.2500
depth:          19.0000
Mrr:       9.730000e+24
Mtt:       1.550000e+24
Mpp:      -1.130000e+25
Mrt:      -5.490000e+24
Mrp:      -9.890000e+24
Mtp:      -5.010000e+24
