 PDE 2005  6 28 15 46 25.50 -26.9300 -176.2900  30.6 5.4 5.6 SOUTH OF TONGA ISLANDS
event name:     C200506281546A
time shift:      4.6000
half duration:   1.8000
latitude:      -26.8500
longitude:    -175.6900
depth:          15.0000
Mrr:       4.260000e+24
Mtt:       1.200000e+22
Mpp:      -4.270000e+24
Mrt:       5.710000e+23
Mrp:       4.530000e+24
Mtp:      -5.340000e+23
