 PDE 2005  3 31  1 39  6.10 -18.5500  176.0100  10.0 5.3 5.8 FIJI ISLANDS REGION
event name:     C200503310139A
time shift:      6.6000
half duration:   2.3000
latitude:      -18.5200
longitude:     176.0900
depth:          12.0000
Mrr:      -9.570000e+24
Mtt:       1.540000e+24
Mpp:       8.030000e+24
Mrt:      -1.930000e+24
Mrp:      -2.210000e+24
Mtp:       4.160000e+24
