 PDE 2009 11 28  6  4 23.40 -10.4100  118.9000  22.0 5.9 6.0 SOUTH OF SUMBAWA, INDONESIA
event name:     C200911280604A
time shift:      3.7000
half duration:   2.5000
latitude:      -10.6200
longitude:     118.8900
depth:          13.2000
Mrr:      -8.560000e+24
Mtt:       4.880000e+24
Mpp:       3.680000e+24
Mrt:      -1.750000e+24
Mrp:       5.220000e+24
Mtp:       8.950000e+24
