 PDE 2007  5  1  1 45 23.70  -7.1700  155.1100  10.0 5.5 5.8 SOLOMON ISLANDS
event name:     C200705010145A
time shift:      6.4000
half duration:   2.0000
latitude:       -7.5100
longitude:     155.1400
depth:          12.1000
Mrr:       4.840000e+24
Mtt:      -3.000000e+24
Mpp:      -1.840000e+24
Mrt:       3.630000e+24
Mrp:      -2.630000e+24
Mtp:       2.860000e+24
