 PDE 2007 11 17 17 54 32.80 -23.0600  -70.6000  14.7 5.6 5.8 NEAR COAST OF NORTHERN CHILE
event name:     C200711171754A
time shift:      5.1000
half duration:   1.6000
latitude:      -23.0600
longitude:     -70.9200
depth:          15.0000
Mrr:       5.040000e+23
Mtt:       1.840000e+24
Mpp:      -2.350000e+24
Mrt:      -1.810000e+23
Mrp:      -7.250000e+24
Mtp:       1.070000e+24
