 PDE 2007  7 13 21 54 43.10  51.8400 -176.2800  35.0 5.7 6.0 ANDREANOF ISLANDS, ALEUTIAN IS.
event name:     C200707132154A
time shift:      3.3000
half duration:   2.3000
latitude:       51.5600
longitude:    -175.9600
depth:          49.8000
Mrr:       9.280000e+24
Mtt:      -8.230000e+24
Mpp:      -1.060000e+24
Mrt:       3.850000e+24
Mrp:       3.600000e+24
Mtp:      -3.940000e+24
