 PDE 2007 11 22 23  2 13.00   4.7400   95.0600  49.3 5.9 5.8 NORTHERN SUMATRA, INDONESIA
event name:     C200711222302A
time shift:      1.5000
half duration:   1.9000
latitude:        4.4600
longitude:      95.0100
depth:          52.1000
Mrr:       4.570000e+24
Mtt:      -2.610000e+24
Mpp:      -1.950000e+24
Mrt:       2.730000e+24
Mrp:      -2.280000e+24
Mtp:       2.790000e+24
