 PDE 2005 10  5 10  7 22.40 -20.5300 -174.2800  15.0 6.0 5.7 TONGA ISLANDS
event name:     C200510051007A
time shift:      5.6000
half duration:   2.4000
latitude:      -20.6400
longitude:    -173.7100
depth:          23.0000
Mrr:       7.650000e+24
Mtt:      -1.200000e+23
Mpp:      -7.520000e+24
Mrt:       3.340000e+24
Mrp:       5.380000e+24
Mtp:       3.460000e+24
