 PDE 2006  4 14  3 30 20.90 -26.0000 -177.8100 166.0 5.0 0.0 SOUTH OF FIJI ISLANDS
event name:     C200604140330A
time shift:      1.9000
half duration:   1.4000
latitude:      -25.9900
longitude:    -177.4400
depth:         166.8000
Mrr:      -3.320000e+23
Mtt:      -1.490000e+24
Mpp:       1.820000e+24
Mrt:      -1.130000e+24
Mrp:      -1.340000e+24
Mtp:      -7.380000e+23
