 PDE 2005 11  5 10 48 21.30  -3.1600  148.1400  25.0 5.8 6.2 BISMARCK SEA
event name:     C200511051048A
time shift:      4.9000
half duration:   3.9000
latitude:       -3.1700
longitude:     148.6100
depth:          13.0000
Mrr:      -1.500000e+24
Mtt:       3.570000e+25
Mpp:      -3.420000e+25
Mrt:      -7.000000e+22
Mrp:       6.990000e+24
Mtp:       3.560000e+25
