 PDE 2008 11 23  7 53 45.40 -20.2600 -175.5700 170.1 5.1 0.0 TONGA ISLANDS
event name:     C200811230753A
time shift:      3.5000
half duration:   1.3000
latitude:      -20.2300
longitude:    -175.1200
depth:         184.5000
Mrr:      -1.170000e+24
Mtt:       1.380000e+24
Mpp:      -2.020000e+23
Mrt:       1.070000e+24
Mrp:      -9.180000e+23
Mtp:       6.660000e+23
