 PDE 2005 12 13  3 16  6.40 -15.2700 -178.5700  10.0 6.1 6.8 FIJI ISLANDS REGION
event name:     C200512130316A
time shift:      6.5000
half duration:   5.3000
latitude:      -15.0400
longitude:    -178.4300
depth:          15.0000
Mrr:      -1.740000e+25
Mtt:       1.090000e+25
Mpp:       6.500000e+24
Mrt:      -6.000000e+24
Mrp:      -9.900000e+24
Mtp:       1.250000e+26
