 PDE 2005  1  1 19  8  7.80   7.3400   94.4600  55.4 5.6 5.9 NICOBAR ISLANDS, INDIA REGION
event name:     C200501011908A
time shift:     -2.0000
half duration:   2.7000
latitude:        7.1500
longitude:      94.4900
depth:          19.8000
Mrr:      -1.120000e+24
Mtt:      -1.210000e+25
Mpp:       1.320000e+25
Mrt:      -4.920000e+24
Mrp:       1.810000e+24
Mtp:       1.030000e+25
