 PDE 2005  4 19  1 46 57.00  29.6400  138.8900 425.8 5.6 0.0 SOUTHEAST OF HONSHU, JAPAN
event name:     C200504190146A
time shift:      0.9000
half duration:   2.1000
latitude:       29.6600
longitude:     139.0300
depth:         417.9000
Mrr:      -2.010000e+24
Mtt:       4.620000e+24
Mpp:      -2.610000e+24
Mrt:       2.550000e+24
Mrp:      -6.670000e+24
Mtp:      -1.660000e+24
