 PDE 2005  1 24  4 16 47.40   7.3300   92.4800  30.0 6.1 6.2 NICOBAR ISLANDS, INDIA REGION
event name:     C200501240416A
time shift:      2.3000
half duration:   3.2000
latitude:        7.2200
longitude:      92.4000
depth:          15.5000
Mrr:      -9.100000e+24
Mtt:      -1.450000e+25
Mpp:       2.360000e+25
Mrt:      -1.110000e+24
Mrp:      -2.530000e+24
Mtp:      -2.030000e+25
