 PDE 2005  1 12  8 40  3.70  -0.8800  -21.1900  10.0 5.7 6.0 CENTRAL MID-ATLANTIC RIDGE
event name:     C200501120840A
time shift:     18.6000
half duration:   6.3000
latitude:       -0.4700
longitude:     -20.5300
depth:          12.0000
Mrr:      -8.700000e+24
Mtt:       6.270000e+25
Mpp:      -5.390000e+25
Mrt:      -5.300000e+24
Mrp:       1.640000e+25
Mtp:      -1.770000e+26
