 PDE 2006 11 17 18  3 12.30  28.5900  129.9000  22.0 5.8 6.2 RYUKYU ISLANDS, JAPAN
event name:     C200611171803A
time shift:      6.7000
half duration:   2.9000
latitude:       28.3700
longitude:     130.2200
depth:          30.5000
Mrr:       1.500000e+25
Mtt:      -4.330000e+24
Mpp:      -1.070000e+25
Mrt:       1.100000e+25
Mrp:       1.080000e+25
Mtp:      -8.020000e+24
