 PDE 2009  2  2 17 53 21.80 -13.5800  -76.5600  21.0 5.6 6.0 NEAR COAST OF PERU
event name:     C200902021753A
time shift:      5.7000
half duration:   2.1000
latitude:      -13.5400
longitude:     -76.9300
depth:          25.2000
Mrr:       4.350000e+24
Mtt:       5.000000e+22
Mpp:      -4.400000e+24
Mrt:       1.530000e+24
Mrp:      -9.370000e+24
Mtp:       1.760000e+24
