 PDE 2007  7 26  5 40 16.10   2.8700  127.4600  25.0 6.4 6.9 NORTHERN MOLUCCA SEA
event name:     C200707260540A
time shift:      7.9000
half duration:   7.2000
latitude:        2.9500
longitude:     127.4700
depth:          41.9000
Mrr:       2.830000e+26
Mtt:      -4.440000e+25
Mpp:      -2.390000e+26
Mrt:      -9.350000e+25
Mrp:      -5.620000e+25
Mtp:      -1.390000e+26
