 PDE 2006  9 28  1 36 48.30  46.4600  153.3600  11.0 5.8 5.9 KURIL ISLANDS
event name:     C200609280136A
time shift:      5.8000
half duration:   2.3000
latitude:       46.4400
longitude:     153.6600
depth:          12.0000
Mrr:       8.010000e+24
Mtt:      -2.180000e+24
Mpp:      -5.840000e+24
Mrt:       2.130000e+24
Mrp:       5.160000e+24
Mtp:      -4.720000e+24
