 PDE 2008  6 10  4 13 37.80 -18.1000  167.8800  35.0 5.3 5.9 VANUATU ISLANDS
event name:     C200806100413A
time shift:      1.9000
half duration:   2.2000
latitude:      -18.1900
longitude:     167.7900
depth:          20.9000
Mrr:       6.860000e+24
Mtt:       2.300000e+23
Mpp:      -7.090000e+24
Mrt:       2.320000e+24
Mrp:      -4.740000e+24
Mtp:       1.540000e+24
