 PDE 2009  8 16 12 49  0.10  -1.4500   99.4300  21.0 6.0 5.8 SOUTHERN SUMATRA, INDONESIA
event name:     C200908161249A
time shift:      3.1000
half duration:   2.0000
latitude:       -1.4600
longitude:      99.4200
depth:          13.6000
Mrr:       5.150000e+24
Mtt:      -6.090000e+23
Mpp:      -4.540000e+24
Mrt:      -1.010000e+24
Mrp:       3.790000e+24
Mtp:       1.500000e+24
