 PDE 2008  4 28  0  6 28.10  17.8500 -100.1700  56.9 5.8 5.8 GUERRERO, MEXICO
event name:     C200804280006A
time shift:      1.8000
half duration:   2.0000
latitude:       17.8900
longitude:    -100.1000
depth:          55.5000
Mrr:      -6.480000e+24
Mtt:       3.530000e+24
Mpp:       2.950000e+24
Mrt:       3.270000e+23
Mrp:      -8.220000e+23
Mtp:      -4.160000e+24
