 PDE 2007  4  2  5 33 35.10  -7.3600  155.3600  10.0 5.5 0.0 SOLOMON ISLANDS
event name:     C200704020533A
time shift:      4.4000
half duration:   2.3000
latitude:       -7.4700
longitude:     155.4800
depth:          16.8000
Mrr:      -1.060000e+25
Mtt:       8.840000e+24
Mpp:       1.750000e+24
Mrt:      -1.050000e+24
Mrp:       5.200000e+23
Mtp:      -1.440000e+24
