 PDE 2008  2 16 14 45 11.70 -21.3500  -68.3900 130.1 5.6 6.1 CHILE-BOLIVIA BORDER REGION
event name:     C200802161445A
time shift:      3.6000
half duration:   2.6000
latitude:      -21.5800
longitude:     -68.7700
depth:         135.3000
Mrr:      -7.860000e+24
Mtt:       1.460000e+24
Mpp:       6.400000e+24
Mrt:      -4.100000e+23
Mrp:      -1.390000e+25
Mtp:       3.310000e+24
