 PDE 2005  4  8  5 48 37.90  -0.2200   97.7300  20.9 5.7 6.3 SOUTHWEST OF SUMATRA, INDONESIA
event name:     C200504080548A
time shift:      2.1000
half duration:   2.8000
latitude:       -0.4600
longitude:      97.7100
depth:          12.0000
Mrr:       5.830000e+24
Mtt:      -1.290000e+25
Mpp:       7.060000e+24
Mrt:       7.950000e+24
Mrp:       3.040000e+24
Mtp:       1.120000e+25
