 PDE 2009  2 24  5 57 59.70  13.7900  146.3100   5.0 5.7 5.9 SOUTH OF MARIANA ISLANDS
event name:     C200902240558A
time shift:      5.1000
half duration:   1.9000
latitude:       13.6900
longitude:     146.6700
depth:          12.0000
Mrr:       4.150000e+24
Mtt:       2.880000e+23
Mpp:      -4.440000e+24
Mrt:       3.060000e+23
Mrp:       3.270000e+24
Mtp:      -1.850000e+24
