 PDE 2006  2 26  4 18 42.10 -15.2800 -176.2400  32.5 5.5 5.9 TONGA ISLANDS
event name:     C200602260418A
time shift:      2.2000
half duration:   2.3000
latitude:      -15.2000
longitude:    -175.9200
depth:          12.9000
Mrr:      -1.020000e+24
Mtt:       5.700000e+24
Mpp:      -4.670000e+24
Mrt:       1.900000e+23
Mrp:      -1.900000e+23
Mtp:       9.760000e+24
