 PDE 2007  3  8  5  3 32.30  29.9100  140.2000 139.6 5.9 6.1 SOUTHEAST OF HONSHU, JAPAN
event name:     C200703080503A
time shift:      2.2000
half duration:   2.7000
latitude:       29.8900
longitude:     140.5200
depth:         135.2000
Mrr:       1.710000e+24
Mtt:      -6.450000e+24
Mpp:       4.730000e+24
Mrt:      -3.160000e+24
Mrp:      -7.970000e+24
Mtp:      -1.300000e+25
