 PDE 2006  7 23 20 50 51.30 -17.9200 -178.6200 587.2 5.6 5.7 FIJI ISLANDS REGION
event name:     C200607232050A
time shift:      2.4000
half duration:   1.9000
latitude:      -17.9700
longitude:    -178.4200
depth:         597.9000
Mrr:      -1.430000e+24
Mtt:       3.660000e+24
Mpp:      -2.240000e+24
Mrt:       2.120000e+24
Mrp:      -3.910000e+24
Mtp:      -1.570000e+24
