 PDE 2009 10 12  9 37 23.90 -12.5200  166.4800  62.0 5.9 0.0 SANTA CRUZ ISLANDS
event name:     C200910120937A
time shift:      2.2000
half duration:   3.0000
latitude:      -12.4000
longitude:     166.2600
depth:          50.7000
Mrr:       2.150000e+25
Mtt:      -1.140000e+24
Mpp:      -2.040000e+25
Mrt:       5.200000e+23
Mrp:       8.520000e+24
Mtp:       6.530000e+24
