 PDE 2006  7 17  9 13  5.00  -9.0900  107.7600  10.0 6.1 6.0 SOUTH OF JAVA, INDONESIA
event name:     C200607170913A
time shift:      4.0000
half duration:   2.4000
latitude:       -9.1400
longitude:     107.8200
depth:          20.6000
Mrr:      -7.840000e+24
Mtt:       5.990000e+24
Mpp:       1.850000e+24
Mrt:       8.710000e+24
Mrp:      -1.950000e+24
Mtp:      -2.990000e+24
