 PDE 2008  6 17 17 42  9.70   5.0100  -82.6500  10.0 5.6 5.9 SOUTH OF PANAMA
event name:     C200806171742A
time shift:      4.8000
half duration:   2.3000
latitude:        4.9400
longitude:     -82.6200
depth:          25.2000
Mrr:      -8.400000e+23
Mtt:       1.850000e+24
Mpp:      -1.010000e+24
Mrt:       1.270000e+24
Mrp:       3.400000e+23
Mtp:       9.870000e+24
