 PDE 2009  1  4  7 14  0.60  -0.4000  132.7600  35.0 5.5 5.9 IRIAN JAYA REGION, INDONESIA
event name:     C200901040714A
time shift:      1.8000
half duration:   2.2000
latitude:       -0.3800
longitude:     132.6600
depth:          12.0000
Mrr:      -4.400000e+24
Mtt:       6.560000e+24
Mpp:      -2.160000e+24
Mrt:       2.480000e+24
Mrp:       6.390000e+24
Mtp:       4.000000e+24
