 PDE 2006  3  1 11  4 12.20  13.4600  120.5100  22.3 5.5 5.5 MINDORO, PHILIPPINES
event name:     C200603011104A
time shift:      4.7000
half duration:   1.8000
latitude:       13.4700
longitude:     120.1800
depth:          25.2000
Mrr:       2.870000e+24
Mtt:       8.290000e+23
Mpp:      -3.700000e+24
Mrt:      -5.800000e+23
Mrp:      -4.290000e+24
Mtp:       2.200000e+24
