 PDE 2006  7 19 10 57 36.90  -6.5300  105.3900  45.0 5.6 6.1 JAVA, INDONESIA
event name:     C200607191057A
time shift:      4.8000
half duration:   2.9000
latitude:       -7.1800
longitude:     105.2100
depth:          46.3000
Mrr:       1.610000e+25
Mtt:      -1.560000e+25
Mpp:      -4.300000e+23
Mrt:       9.450000e+24
Mrp:       2.200000e+23
Mtp:       9.100000e+24
