 PDE 2005  4 11  6 11 11.80   2.1700   96.7600  24.0 5.9 6.0 OFF W COAST OF NORTHERN SUMATRA
event name:     C200504110611A
time shift:      2.6000
half duration:   2.6000
latitude:        1.9200
longitude:      96.4800
depth:          24.0000
Mrr:       7.280000e+24
Mtt:      -3.950000e+24
Mpp:      -3.330000e+24
Mrt:       7.480000e+24
Mrp:      -8.300000e+24
Mtp:       4.950000e+24
