 PDE 2007  5 12 11 31  3.00  -5.4600  146.1100  43.6 5.7 5.9 EASTERN NEW GUINEA REG., P.N.G.
event name:     C200705121131A
time shift:      8.4000
half duration:   2.1000
latitude:       -5.5500
longitude:     146.2100
depth:          59.9000
Mrr:       7.870000e+24
Mtt:      -7.210000e+24
Mpp:      -6.600000e+23
Mrt:      -5.900000e+23
Mrp:       1.300000e+23
Mtp:       3.550000e+24
