 PDE 2005  8 25 23  9 18.40 -23.6600 -179.9800 530.7 5.1 0.0 SOUTH OF FIJI ISLANDS
event name:     C200508252309A
time shift:      4.0000
half duration:   1.7000
latitude:      -23.6100
longitude:    -179.8300
depth:         553.3000
Mrr:       2.840000e+24
Mtt:      -2.290000e+24
Mpp:      -5.490000e+23
Mrt:      -6.350000e+23
Mrp:      -2.460000e+24
Mtp:      -1.780000e+24
