 PDE 2007  9 28  1 35 52.00 -21.1300  169.3700  10.0 6.1 6.6 SOUTHEAST OF LOYALTY ISLANDS
event name:     C200709280135A
time shift:      7.1000
half duration:   3.4000
latitude:      -21.3200
longitude:     169.1700
depth:          21.0000
Mrr:       1.570000e+25
Mtt:       7.500000e+23
Mpp:      -1.650000e+25
Mrt:       1.160000e+25
Mrp:      -2.670000e+25
Mtp:       1.000000e+25
