 PDE 2006  2 28  7 31  2.70  28.1200   56.8700  18.0 5.8 6.2 SOUTHERN IRAN
event name:     C200602280731A
time shift:      4.4000
half duration:   2.7000
latitude:       27.8600
longitude:      56.8700
depth:          25.4000
Mrr:       6.650000e+24
Mtt:      -8.340000e+24
Mpp:       1.690000e+24
Mrt:       1.110000e+25
Mrp:      -4.700000e+23
Mtp:       2.860000e+24
