 PDE 2008  6  1 14 31  3.00 -59.3800  149.6600  10.0 5.8 6.5 WEST OF MACQUARIE ISLAND
event name:     C200806011431A
time shift:      7.6000
half duration:   4.3000
latitude:      -59.8200
longitude:     149.9700
depth:          12.0000
Mrr:      -8.000000e+23
Mtt:       4.260000e+25
Mpp:      -4.180000e+25
Mrt:      -1.910000e+24
Mrp:       8.200000e+23
Mtp:      -5.420000e+25
