 PDE 2009 10 23 11 15 25.40  -0.8400  134.1300  15.0 5.9 5.8 IRIAN JAYA REGION, INDONESIA
event name:     C200910231115A
time shift:      3.9000
half duration:   1.9000
latitude:       -0.7800
longitude:     134.1200
depth:          17.3000
Mrr:       4.220000e+24
Mtt:      -3.160000e+24
Mpp:      -1.070000e+24
Mrt:      -1.530000e+24
Mrp:       3.840000e+24
Mtp:       2.560000e+24
