 PDE 2005 11 19 14 10 13.00   2.1600   96.7900  21.0 6.0 6.1 OFF W COAST OF NORTHERN SUMATRA
event name:     C200511191410A
time shift:      4.8000
half duration:   3.5000
latitude:        1.8900
longitude:      96.5100
depth:          23.0000
Mrr:       1.810000e+25
Mtt:      -9.970000e+24
Mpp:      -8.080000e+24
Mrt:       2.200000e+25
Mrp:      -2.500000e+25
Mtp:       1.070000e+25
