 PDE 2009  3 15  8 19  5.70 -14.4500  -70.3600 189.7 5.1 5.7 CENTRAL PERU
event name:     C200903150819A
time shift:      5.0000
half duration:   1.7000
latitude:      -14.6000
longitude:     -70.6300
depth:         210.8000
Mrr:      -1.270000e+24
Mtt:       1.390000e+24
Mpp:      -1.150000e+23
Mrt:       1.670000e+24
Mrp:       1.690000e+24
Mtp:      -3.330000e+24
