 PDE 2005  3 14  1 55 55.60  39.3500   40.8900   5.0 5.5 5.7 TURKEY
event name:     C200503140155A
time shift:      6.0000
half duration:   1.9000
latitude:       39.4400
longitude:      40.7700
depth:          12.0000
Mrr:      -1.350000e+23
Mtt:      -2.820000e+24
Mpp:       2.960000e+24
Mrt:       2.080000e+24
Mrp:       1.200000e+24
Mtp:      -4.820000e+24
