 PDE 2009 11  9 16  2 41.10  -4.4700  144.3100 139.7 5.3 0.0 NEAR N COAST OF NEW GUINEA, PNG.
event name:     C200911091602A
time shift:      1.6000
half duration:   1.6000
latitude:       -4.5700
longitude:     144.2200
depth:         164.3000
Mrr:       3.000000e+24
Mtt:      -1.660000e+23
Mpp:      -2.840000e+24
Mrt:      -3.260000e+23
Mrp:      -2.380000e+24
Mtp:       9.090000e+23
