 PDE 2005 10 17 21 59 22.80  11.6800  -85.8500 162.3 5.1 0.0 NEAR COAST OF NICARAGUA
event name:     C200510172159A
time shift:      1.8000
half duration:   1.5000
latitude:       11.6500
longitude:     -86.0700
depth:         162.2000
Mrr:       1.750000e+24
Mtt:      -6.610000e+23
Mpp:      -1.090000e+24
Mrt:       1.240000e+24
Mrp:      -2.180000e+24
Mtp:       3.260000e+23
