 PDE 2007  4 27 13 49 28.30  -6.9700  155.9400  46.4 5.8 5.8 SOLOMON ISLANDS
event name:     C200704271349A
time shift:      4.4000
half duration:   1.9000
latitude:       -7.2300
longitude:     155.9000
depth:          49.2000
Mrr:       5.730000e+24
Mtt:      -3.810000e+24
Mpp:      -1.920000e+24
Mrt:      -4.450000e+23
Mrp:      -5.040000e+23
Mtp:       3.220000e+24
