 PDE 2008  2  7 20 58 18.90  -7.5800  116.8200 321.7 5.8 5.7 BALI SEA
event name:     C200802072058A
time shift:      0.9000
half duration:   1.7000
latitude:       -7.5800
longitude:     117.0400
depth:         320.7000
Mrr:       1.270000e+24
Mtt:       1.790000e+24
Mpp:      -3.060000e+24
Mrt:       1.960000e+24
Mrp:       2.170000e+24
Mtp:       9.220000e+23
