 PDE 2005 12 21 14 32 39.30   6.6200  -82.7500  10.0 5.9 5.3 SOUTH OF PANAMA
event name:     C200512211432A
time shift:      4.0000
half duration:   2.0000
latitude:        6.6100
longitude:     -82.6300
depth:          15.0000
Mrr:      -1.700000e+22
Mtt:      -1.730000e+24
Mpp:       1.750000e+24
Mrt:       2.100000e+24
Mrp:       3.430000e+23
Mtp:       6.190000e+24
