 PDE 2006  4  4  2 30 28.40  18.7200 -106.9900  33.5 5.4 5.9 OFF COAST OF JALISCO, MEXICO
event name:     C200604040230A
time shift:     -0.1000
half duration:   2.4000
latitude:       18.7500
longitude:    -107.1000
depth:          25.8000
Mrr:      -6.600000e+23
Mtt:      -6.150000e+24
Mpp:       6.810000e+24
Mrt:      -1.380000e+24
Mrp:       1.560000e+24
Mtp:      -9.100000e+24
