 PDE 2008 11  1  1 34 26.40  -6.6800  129.2300  10.0 5.4 5.8 BANDA SEA
event name:     C200811010134A
time shift:      4.7000
half duration:   1.9000
latitude:       -6.5500
longitude:     129.2000
depth:          20.7000
Mrr:      -5.400000e+22
Mtt:      -5.480000e+24
Mpp:       5.540000e+24
Mrt:      -6.000000e+23
Mrp:       1.810000e+24
Mtp:       1.950000e+24
