 PDE 2009  9 18 18 34 22.10   1.7500  127.1900  92.7 5.7 5.8 HALMAHERA, INDONESIA
event name:     C200909181834A
time shift:      4.7000
half duration:   1.9000
latitude:        1.7600
longitude:     127.1200
depth:         117.2000
Mrr:      -8.720000e+23
Mtt:       3.800000e+24
Mpp:      -2.930000e+24
Mrt:      -5.280000e+24
Mrp:      -1.350000e+24
Mtp:       2.040000e+24
