 PDE 2005  6 15 19 52 24.80 -44.8700  -80.5600  10.0 5.5 5.9 OFF COAST OF SOUTHERN CHILE
event name:     C200506151952A
time shift:      9.7000
half duration:   4.1000
latitude:      -44.9100
longitude:     -80.6800
depth:          17.0000
Mrr:      -4.220000e+24
Mtt:       2.130000e+25
Mpp:      -1.700000e+25
Mrt:       3.220000e+24
Mrp:      -5.100000e+23
Mtp:      -5.540000e+25
