 PDE 2006  4 16 17 46 15.90   4.6000  125.3800 184.9 5.5 5.7 TALAUD ISLANDS, INDONESIA
event name:     C200604161746A
time shift:      2.1000
half duration:   1.7000
latitude:        4.5400
longitude:     125.7000
depth:         186.7000
Mrr:       1.060000e+24
Mtt:       2.660000e+24
Mpp:      -3.720000e+24
Mrt:      -2.520000e+24
Mrp:       8.250000e+23
Mtp:      -1.100000e+24
