 PDE 2008  8  7 18 30  3.10  52.1900 -175.6500  12.0 5.6 5.8 ANDREANOF ISLANDS, ALEUTIAN IS.
event name:     C200808071830A
time shift:      5.8000
half duration:   2.0000
latitude:       52.2200
longitude:    -175.6300
depth:          12.0000
Mrr:      -4.070000e+24
Mtt:       6.420000e+24
Mpp:      -2.340000e+24
Mrt:       1.710000e+24
Mrp:      -1.790000e+24
Mtp:      -4.890000e+24
