 PDE 2005  2 14 23 38  8.70  41.7300   79.4400  22.0 6.1 6.2 KYRGYZSTAN-XINJIANG BORDER REG.
event name:     C200502142338A
time shift:      4.4000
half duration:   2.6000
latitude:       41.7200
longitude:      79.2700
depth:          23.0000
Mrr:       2.230000e+24
Mtt:      -3.840000e+24
Mpp:       1.610000e+24
Mrt:       1.610000e+25
Mrp:       3.190000e+24
Mtp:       1.600000e+24
