 PDE 2008 10 12 20 55 41.50 -20.1200  -64.9700 352.7 6.0 6.2 SOUTHERN BOLIVIA
event name:     C200810122055A
time shift:      3.1000
half duration:   3.0000
latitude:      -20.3000
longitude:     -65.2300
depth:         361.5000
Mrr:      -2.100000e+23
Mtt:      -3.300000e+24
Mpp:       3.510000e+24
Mrt:       3.850000e+24
Mrp:      -2.130000e+25
Mtp:       6.170000e+24
