 PDE 2008  9 12 23  7 50.20  56.3100  164.0900   9.3 5.5 5.9 KOMANDORSKIYE OSTROVA REGION
event name:     C200809122307A
time shift:      5.9000
half duration:   2.2000
latitude:       56.2700
longitude:     164.3100
depth:          15.0000
Mrr:      -1.010000e+24
Mtt:      -3.000000e+24
Mpp:       4.010000e+24
Mrt:       7.390000e+23
Mrp:      -1.080000e+24
Mtp:      -7.850000e+24
