 PDE 2005 11 17 19 26 56.40 -22.3200  -67.8900 162.6 6.0 0.0 NORTHERN CHILE
event name:     C200511171926A
time shift:      3.6000
half duration:   6.1000
latitude:      -22.4600
longitude:     -68.1300
depth:         155.3000
Mrr:      -7.030000e+25
Mtt:      -3.650000e+25
Mpp:       1.070000e+26
Mrt:      -2.360000e+25
Mrp:      -1.560000e+26
Mtp:      -5.790000e+25
