 PDE 2006  2 16 14 54 39.00 -15.9800 -173.0200  10.0 5.4 5.8 SAMOA ISLANDS REGION
event name:     C200602161454A
time shift:      6.0000
half duration:   2.0000
latitude:      -16.0000
longitude:    -172.4600
depth:          15.0000
Mrr:       4.670000e+24
Mtt:       1.340000e+23
Mpp:      -4.800000e+24
Mrt:       1.420000e+24
Mrp:       4.610000e+24
Mtp:      -8.280000e+23
