 PDE 2007  3  6  5 49 26.90  -0.4800  100.5500  20.0 5.9 6.3 SOUTHERN SUMATRA, INDONESIA
event name:     C200703060549A
time shift:      3.0000
half duration:   3.4000
latitude:       -0.5100
longitude:     100.4700
depth:          21.9000
Mrr:      -7.200000e+23
Mtt:      -2.880000e+25
Mpp:       2.950000e+25
Mrt:      -4.830000e+24
Mrp:      -3.540000e+24
Mtp:       1.570000e+25
