 PDE 2008  9  9 12 22 49.10  -9.2700  158.2600  12.0 5.7 5.9 SOLOMON ISLANDS
event name:     C200809091222A
time shift:      3.9000
half duration:   2.3000
latitude:       -9.4200
longitude:     158.3600
depth:          18.5000
Mrr:       3.560000e+24
Mtt:       5.700000e+23
Mpp:      -4.140000e+24
Mrt:       1.970000e+24
Mrp:       1.500000e+23
Mtp:       9.550000e+24
