 PDE 2006  7 18 16  2 16.80 -20.0800 -178.4300 587.2 5.2 5.7 FIJI ISLANDS REGION
event name:     C200607181602A
time shift:      2.5000
half duration:   1.8000
latitude:      -20.0000
longitude:    -178.2600
depth:         600.0000
Mrr:      -8.050000e+23
Mtt:       3.800000e+23
Mpp:       4.250000e+23
Mrt:      -3.680000e+24
Mrp:      -3.500000e+24
Mtp:       1.240000e+23
