 PDE 2006  5 26 22 53 58.90  -7.9600  110.4500  12.5 6.0 6.3 JAVA, INDONESIA
event name:     C200605262253A
time shift:      6.4000
half duration:   3.7000
latitude:       -8.0300
longitude:     110.5400
depth:          21.7000
Mrr:      -1.220000e+25
Mtt:      -3.360000e+25
Mpp:       4.570000e+25
Mrt:       6.000000e+24
Mrp:       6.230000e+24
Mtp:       1.130000e+25
