 PDE 2005 10 25 19 40 43.00  -7.1500  145.9800 175.4 5.8 0.0 EASTERN NEW GUINEA REG., P.N.G.
event name:     C200510251940A
time shift:      2.8000
half duration:   2.0000
latitude:       -7.2100
longitude:     146.1700
depth:         182.7000
Mrr:       5.180000e+24
Mtt:      -6.210000e+23
Mpp:      -4.560000e+24
Mrt:       6.430000e+23
Mrp:       4.450000e+24
Mtp:       1.630000e+24
