 PDE 2005 10 20 21 40  4.10  38.1500   26.7500  10.0 5.5 5.7 AEGEAN SEA
event name:     C200510202140A
time shift:      3.7000
half duration:   2.1000
latitude:       38.1500
longitude:      26.7100
depth:          12.9000
Mrr:      -2.180000e+24
Mtt:       7.710000e+24
Mpp:      -5.520000e+24
Mrt:      -6.990000e+23
Mrp:       1.430000e+24
Mtp:      -1.130000e+24
