 PDE 2007  3  8 11 14 31.50 -58.2200   -7.6100  10.0 5.6 6.2 EAST OF SOUTH SANDWICH ISLANDS
event name:     C200703081114A
time shift:      5.5000
half duration:   3.0000
latitude:      -58.1300
longitude:      -7.9300
depth:          13.9000
Mrr:      -4.900000e+23
Mtt:      -6.250000e+24
Mpp:       6.740000e+24
Mrt:       2.990000e+24
Mrp:      -4.500000e+24
Mtp:       2.210000e+25
