 PDE 2007  5 13 11 26 42.90 -19.5100 -179.3300 668.6 5.3 5.8 FIJI ISLANDS REGION
event name:     C200705131126A
time shift:      2.7000
half duration:   2.0000
latitude:      -19.5800
longitude:    -179.0300
depth:         694.9000
Mrr:       5.730000e+24
Mtt:      -2.420000e+24
Mpp:      -3.310000e+24
Mrt:       1.560000e+24
Mrp:      -2.110000e+24
Mtp:      -3.120000e+24
