 PDE 2008 12 18 21 50 28.00 -32.4700  -72.0500  25.0 5.8 6.0 OFF COAST OF CENTRAL CHILE
event name:     C200812182150A
time shift:      6.0000
half duration:   2.1000
latitude:      -32.6200
longitude:     -72.1100
depth:          20.7000
Mrr:       4.430000e+24
Mtt:       7.500000e+22
Mpp:      -4.510000e+24
Mrt:       2.460000e+23
Mrp:      -6.100000e+24
Mtp:       5.290000e+23
