 PDE 2005  8 30 18 10 45.50  38.4800  143.1800  21.1 5.8 5.7 OFF EAST COAST OF HONSHU, JAPAN
event name:     C200508301810A
time shift:      3.2000
half duration:   2.5000
latitude:       38.5300
longitude:     143.2900
depth:          13.0000
Mrr:       4.600000e+24
Mtt:      -1.140000e+24
Mpp:      -3.460000e+24
Mrt:       5.770000e+24
Mrp:       7.810000e+24
Mtp:      -2.940000e+24
