 PDE 2005  4 21  9 26  0.40  51.3100 -178.4100  45.3 5.3 5.5 ANDREANOF ISLANDS, ALEUTIAN IS.
event name:     C200504210926A
time shift:      1.5000
half duration:   2.2000
latitude:       51.0800
longitude:    -178.3000
depth:          27.0000
Mrr:       4.840000e+24
Mtt:      -5.740000e+24
Mpp:       9.100000e+23
Mrt:       5.040000e+24
Mrp:       5.570000e+24
Mtp:      -2.200000e+24
