 PDE 2007 12 26 22  4 56.20  52.5800 -168.2000  35.4 6.0 6.4 FOX ISLANDS, ALEUTIAN ISLANDS
event name:     C200712262204A
time shift:      4.7000
half duration:   3.7000
latitude:       52.2100
longitude:    -168.1000
depth:          14.2000
Mrr:       2.920000e+25
Mtt:      -2.290000e+25
Mpp:      -6.350000e+24
Mrt:       2.770000e+25
Mrp:       1.510000e+25
Mtp:      -1.210000e+25
