 PDE 2006  1 15 11 58 29.10  -7.8300  122.6000 264.8 6.0 0.0 FLORES SEA
event name:     C200601151158A
time shift:      2.9000
half duration:   2.9000
latitude:       -7.9200
longitude:     122.7000
depth:         262.1000
Mrr:      -4.500000e+24
Mtt:       1.200000e+25
Mpp:      -7.480000e+24
Mrt:      -1.320000e+25
Mrp:      -6.920000e+24
Mtp:      -9.550000e+24
