 PDE 2007  2 25 15  0 41.20  26.1500 -110.4200  10.0 5.3 5.9 GULF OF CALIFORNIA
event name:     C200702251500A
time shift:      3.8000
half duration:   2.1000
latitude:       26.1800
longitude:    -110.6500
depth:          19.1000
Mrr:      -1.270000e+24
Mtt:      -7.680000e+24
Mpp:       8.950000e+24
Mrt:      -1.400000e+23
Mrp:       5.400000e+23
Mtp:      -8.800000e+23
