 PDE 2006  7 23  8 22  4.20  -0.3400  123.2900  28.0 5.8 5.9 MINAHASSA PENINSULA, SULAWESI
event name:     C200607230822A
time shift:      4.4000
half duration:   2.3000
latitude:       -0.4100
longitude:     123.3000
depth:          35.7000
Mrr:       5.510000e+24
Mtt:       2.020000e+24
Mpp:      -7.530000e+24
Mrt:       6.770000e+24
Mrp:      -1.950000e+24
Mtp:      -4.350000e+24
