 PDE 2006  7 27 11 16 40.40   1.7100   97.1500  20.0 5.6 6.1 NORTHERN SUMATRA, INDONESIA
event name:     C200607271116A
time shift:      4.1000
half duration:   3.4000
latitude:        1.6600
longitude:      97.0100
depth:          15.0000
Mrr:       5.760000e+24
Mtt:      -1.950000e+24
Mpp:      -3.810000e+24
Mrt:       2.510000e+25
Mrp:      -2.150000e+25
Mtp:       2.760000e+24
