 PDE 2008  1 31  1  4 28.20  -6.1300  129.6500  10.0 5.6 5.8 BANDA SEA
event name:     C200801310104A
time shift:      4.8000
half duration:   2.0000
latitude:       -6.0700
longitude:     129.7400
depth:          19.6000
Mrr:       3.150000e+23
Mtt:      -5.880000e+24
Mpp:       5.570000e+24
Mrt:       9.500000e+22
Mrp:       2.520000e+24
Mtp:       2.780000e+24
