 PDE 2009  4 19  5 23 25.90   4.1400  126.6800  25.0 5.9 6.1 TALAUD ISLANDS, INDONESIA
event name:     C200904190523A
time shift:      4.0000
half duration:   2.6000
latitude:        4.1400
longitude:     126.8700
depth:          25.1000
Mrr:       1.540000e+25
Mtt:       2.800000e+23
Mpp:      -1.560000e+25
Mrt:       1.960000e+24
Mrp:       2.770000e+24
Mtp:      -1.790000e+24
