 PDE 2006  7  5 10 19 23.20  -4.3600  151.8600 185.6 4.8 0.0 NEW BRITAIN REGION, P.N.G.
event name:     C200607051019A
time shift:      1.5000
half duration:   1.4000
latitude:       -4.3000
longitude:     151.9800
depth:         179.1000
Mrr:      -2.850000e+23
Mtt:       1.610000e+24
Mpp:      -1.330000e+24
Mrt:      -3.130000e+23
Mrp:      -1.530000e+24
Mtp:       1.250000e+24
