 PDE 2005  5 14 10 26 44.50 -45.6100   96.0500  10.0 5.5 5.5 SOUTHEAST INDIAN RIDGE
event name:     C200505141026A
time shift:      4.6000
half duration:   2.1000
latitude:      -45.5700
longitude:      95.9700
depth:          12.0000
Mrr:       6.910000e+24
Mtt:      -4.670000e+24
Mpp:      -2.240000e+24
Mrt:       1.900000e+23
Mrp:       6.130000e+23
Mtp:      -4.480000e+24
