 PDE 2005  7  1  9 36 16.40  31.9200  139.0600 206.4 5.2 0.0 SOUTHEAST OF HONSHU, JAPAN
event name:     C200507010936A
time shift:      1.2000
half duration:   1.4000
latitude:       31.9000
longitude:     139.3000
depth:         199.5000
Mrr:      -2.090000e+23
Mtt:      -1.720000e+23
Mpp:       3.810000e+23
Mrt:      -6.160000e+23
Mrp:      -1.860000e+24
Mtp:      -9.680000e+23
