 PDE 2007  4  4 11  0 27.40 -20.7100  168.8300  10.0 5.8 6.4 LOYALTY ISLANDS
event name:     C200704041100A
time shift:      5.6000
half duration:   3.1000
latitude:      -20.7100
longitude:     168.6800
depth:          20.2000
Mrr:      -2.330000e+25
Mtt:       3.270000e+24
Mpp:       2.010000e+25
Mrt:      -1.250000e+24
Mrp:       1.130000e+25
Mtp:      -4.230000e+24
