 PDE 2006  5 16 15 28 25.90   0.0900   97.0500  12.0 6.6 6.8 OFF W COAST OF NORTHERN SUMATRA
event name:     C200605161528A
time shift:      5.3000
half duration:   6.2000
latitude:        0.0100
longitude:      96.9800
depth:          13.5000
Mrr:      -1.090000e+26
Mtt:       3.080000e+25
Mpp:       7.820000e+25
Mrt:       6.630000e+25
Mrp:      -7.890000e+25
Mtp:      -1.930000e+26
