 PDE 2005  7 26 12 17 14.30  52.8700  160.1000  27.6 5.4 5.4 OFF EAST COAST OF KAMCHATKA
event name:     C200507261217A
time shift:      5.5000
half duration:   1.9000
latitude:       52.7600
longitude:     160.4400
depth:          34.0000
Mrr:       4.220000e+24
Mtt:      -1.230000e+24
Mpp:      -3.000000e+24
Mrt:       2.180000e+24
Mrp:       3.000000e+24
Mtp:      -2.270000e+24
