 PDE 2005  8  3 10 41 18.20   3.0100  128.1500  69.0 5.7 0.0 NORTH OF HALMAHERA, INDONESIA
event name:     C200508031041A
time shift:      3.1000
half duration:   2.1000
latitude:        3.1300
longitude:     128.1100
depth:          81.4000
Mrr:       7.070000e+24
Mtt:       3.000000e+23
Mpp:      -7.370000e+24
Mrt:       1.800000e+23
Mrp:      -2.430000e+24
Mtp:       1.960000e+24
