 PDE 2007  4  7  9 51 51.60   2.9200   95.7000  30.0 5.6 6.1 OFF W COAST OF NORTHERN SUMATRA
event name:     C200704070951A
time shift:      2.8000
half duration:   2.8000
latitude:        2.7400
longitude:      95.4800
depth:          12.0000
Mrr:       3.860000e+24
Mtt:      -2.650000e+24
Mpp:      -1.210000e+24
Mrt:       1.180000e+25
Mrp:      -1.310000e+25
Mtp:       2.860000e+24
