 PDE 2005  1 16  8 25  4.50 -25.5300 -176.3000  16.0 6.0 6.1 SOUTH OF TONGA ISLANDS
event name:     C200501160825A
time shift:      4.5000
half duration:   2.8000
latitude:      -25.5500
longitude:    -175.6300
depth:          19.0000
Mrr:       1.290000e+25
Mtt:       1.330000e+24
Mpp:      -1.420000e+25
Mrt:       3.200000e+24
Mrp:       1.170000e+25
Mtp:      -5.700000e+23
