 PDE 2006 10  9 10  1 46.70  20.6500  120.0200  10.0 6.0 6.3 PHILIPPINE ISLANDS REGION
event name:     C200610091001A
time shift:      4.0000
half duration:   3.4000
latitude:       20.6900
longitude:     119.9800
depth:          12.3000
Mrr:      -3.300000e+25
Mtt:       2.140000e+24
Mpp:       3.090000e+25
Mrt:      -1.180000e+24
Mrp:       7.370000e+24
Mtp:      -3.010000e+24
