 PDE 2005  8  8  8 33 56.70  -3.8000  140.1600  10.0 5.5 5.7 IRIAN JAYA, INDONESIA
event name:     C200508080833A
time shift:      5.9000
half duration:   2.2000
latitude:       -3.7300
longitude:     140.2300
depth:          17.0000
Mrr:      -8.710000e+23
Mtt:      -1.840000e+24
Mpp:       2.710000e+24
Mrt:      -7.370000e+24
Mrp:       1.520000e+24
Mtp:       4.240000e+24
