 PDE 2006  5  1  7 47 59.90   8.1600  -82.8800  13.0 5.1 5.9 PANAMA-COSTA RICA BORDER REGION
event name:     C200605010748B
time shift:      5.0000
half duration:   2.2000
latitude:        8.1100
longitude:     -82.8800
depth:          12.0000
Mrr:       7.180000e+24
Mtt:      -5.240000e+24
Mpp:      -1.940000e+24
Mrt:       3.550000e+24
Mrp:       2.400000e+23
Mtp:       5.420000e+24
