 PDE 2005  6  2 10 56  1.60 -24.2200  -67.0000 196.2 5.7 0.0 CHILE-ARGENTINA BORDER REGION
event name:     C200506021056A
time shift:      2.2000
half duration:   2.5000
latitude:      -24.3500
longitude:     -67.2100
depth:         193.2000
Mrr:      -1.070000e+25
Mtt:      -1.760000e+24
Mpp:       1.250000e+25
Mrt:      -1.320000e+24
Mrp:      -7.010000e+24
Mtp:       1.520000e+24
