 PDE 2007  3 31 12 49  3.70 -56.0800 -123.2700  10.0 5.4 6.2 SOUTHERN EAST PACIFIC RISE
event name:     C200703311249A
time shift:      6.0000
half duration:   3.2000
latitude:      -55.9400
longitude:    -123.6100
depth:          12.0000
Mrr:      -1.650000e+24
Mtt:       1.670000e+25
Mpp:      -1.500000e+25
Mrt:      -1.220000e+24
Mrp:      -1.370000e+24
Mtp:       2.280000e+25
