 PDE 2009  3  1 15 42 13.70 -21.7600 -176.5800 173.0 5.2 0.0 FIJI ISLANDS REGION
event name:     C200903011542A
time shift:      2.2000
half duration:   1.4000
latitude:      -21.8300
longitude:    -176.1600
depth:         180.1000
Mrr:       6.990000e+23
Mtt:      -7.030000e+23
Mpp:       4.000000e+21
Mrt:      -1.310000e+24
Mrp:      -1.590000e+24
Mtp:      -2.180000e+23
