 PDE 2006  6 15  6 49 48.80  45.3900   97.3500   9.0 5.7 5.8 MONGOLIA
event name:     C200606150649A
time shift:      2.2000
half duration:   1.9000
latitude:       45.3700
longitude:      97.4900
depth:          21.8000
Mrr:       1.220000e+24
Mtt:      -6.580000e+23
Mpp:      -5.640000e+23
Mrt:       1.230000e+24
Mrp:       6.130000e+23
Mtp:       5.660000e+24
