 PDE 2006  4  7  8 30 45.90 -16.5400  176.9800  22.4 5.9 6.4 FIJI ISLANDS
event name:     C200604070830A
time shift:      3.3000
half duration:   4.2000
latitude:      -16.5100
longitude:     177.0000
depth:          15.2000
Mrr:       2.070000e+24
Mtt:      -3.100000e+24
Mpp:       1.020000e+24
Mrt:       5.020000e+24
Mrp:      -1.720000e+24
Mtp:       6.210000e+25
