 PDE 2006  3 14  4 37 26.80  -3.9300  151.7000 284.7 5.4 0.0 NEW IRELAND REGION, P.N.G.
event name:     C200603140437A
time shift:      0.9000
half duration:   1.4000
latitude:       -3.9200
longitude:     151.8500
depth:         278.2000
Mrr:      -1.580000e+24
Mtt:       1.990000e+23
Mpp:       1.380000e+24
Mrt:      -5.720000e+23
Mrp:      -1.720000e+24
Mtp:       6.400000e+22
