 PDE 2008  8 15 10 25 16.50  12.9000  124.3200  10.0 5.8 6.0 LUZON, PHILIPPINES
event name:     C200808151025A
time shift:      2.5000
half duration:   2.4000
latitude:       13.0700
longitude:     124.3700
depth:          14.9000
Mrr:      -2.830000e+24
Mtt:       9.370000e+24
Mpp:      -6.540000e+24
Mrt:      -8.800000e+23
Mrp:       1.320000e+24
Mtp:       8.770000e+24
