 PDE 2007  9 13 16  9 16.40  -3.1600  101.5300  48.8 6.1 6.0 SOUTHERN SUMATRA, INDONESIA
event name:     C200709131609A
time shift:      3.2000
half duration:   2.4000
latitude:       -3.5200
longitude:     101.1700
depth:          52.0000
Mrr:       8.600000e+24
Mtt:      -4.920000e+24
Mpp:      -3.680000e+24
Mrt:       6.230000e+24
Mrp:      -3.270000e+24
Mtp:       5.860000e+24
