 PDE 2007 11 20 15 28 28.10 -30.0300 -177.9300  58.8 6.0 5.9 KERMADEC ISLANDS, NEW ZEALAND
event name:     C200711201528A
time shift:      2.2000
half duration:   2.2000
latitude:      -29.8100
longitude:    -177.4000
depth:          51.5000
Mrr:       7.610000e+24
Mtt:       2.500000e+23
Mpp:      -7.860000e+24
Mrt:       6.000000e+23
Mrp:       3.710000e+24
Mtp:      -2.520000e+24
