 PDE 2006 12  3 20 52 15.90  13.9900  -91.2100  61.2 5.8 5.9 NEAR COAST OF GUATEMALA
event name:     C200612032052A
time shift:      0.1000
half duration:   2.4000
latitude:       13.9000
longitude:     -91.7700
depth:          46.7000
Mrr:      -5.770000e+24
Mtt:       2.600000e+24
Mpp:       3.170000e+24
Mrt:       6.850000e+24
Mrp:      -6.590000e+24
Mtp:      -4.030000e+24
