 PDE 2005  8  6  9 56 13.50 -19.6100 -175.8500 205.4 5.3 0.0 TONGA ISLANDS
event name:     C200508060956A
time shift:      4.7000
half duration:   2.3000
latitude:      -19.6000
longitude:    -175.3500
depth:         217.7000
Mrr:      -3.860000e+24
Mtt:       3.110000e+24
Mpp:       7.500000e+23
Mrt:      -1.150000e+24
Mrp:      -8.300000e+24
Mtp:       5.940000e+24
