 PDE 2008  5 23 19 35 34.90   7.3100  -34.9000   9.0 6.0 6.5 CENTRAL MID-ATLANTIC RIDGE
event name:     C200805231935A
time shift:      6.0000
half duration:   4.2000
latitude:        7.5100
longitude:     -35.0100
depth:          12.6000
Mrr:      -1.190000e+24
Mtt:       1.700000e+23
Mpp:       1.020000e+24
Mrt:      -1.870000e+24
Mrp:      -7.530000e+24
Mtp:      -6.390000e+25
