 PDE 2006  1  3 12 27 57.70  13.8400  145.2900  78.2 5.9 0.0 MARIANA ISLANDS
event name:     C200601031227A
time shift:      0.9000
half duration:   1.9000
latitude:       13.5800
longitude:     145.6200
depth:          67.6000
Mrr:       1.610000e+24
Mtt:      -3.190000e+24
Mpp:       1.580000e+24
Mrt:       4.470000e+24
Mrp:       2.470000e+24
Mtp:       5.960000e+23
