 PDE 2008  8 30  6 54  7.60  -6.1500  147.2600  75.0 6.1 6.4 EASTERN NEW GUINEA REG., P.N.G.
event name:     C200808300654A
time shift:      6.6000
half duration:   3.9000
latitude:       -6.3300
longitude:     147.4900
depth:          88.2000
Mrr:       5.880000e+24
Mtt:       3.180000e+25
Mpp:      -3.770000e+25
Mrt:       2.870000e+25
Mrp:       2.610000e+24
Mtp:      -2.240000e+25
