 PDE 2007  4  1  2 51  5.30  32.3500  137.6100 378.5 5.3 5.7 SOUTHEAST OF HONSHU, JAPAN
event name:     C200704010251A
time shift:      0.9000
half duration:   1.8000
latitude:       32.3100
longitude:     137.6700
depth:         378.4000
Mrr:       4.390000e+23
Mtt:       1.190000e+23
Mpp:      -5.580000e+23
Mrt:       6.740000e+23
Mrp:      -4.590000e+24
Mtp:      -7.920000e+23
