 PDE 2008  1 14 13 38 37.00  10.4100   92.8700  43.0 5.7 5.9 ANDAMAN ISLANDS, INDIA REGION
event name:     C200801141338A
time shift:      3.5000
half duration:   2.0000
latitude:       10.3600
longitude:      92.7000
depth:          43.9000
Mrr:       5.420000e+24
Mtt:      -6.400000e+22
Mpp:      -5.360000e+24
Mrt:       1.510000e+24
Mrp:      -3.770000e+24
Mtp:       1.540000e+24
