 PDE 2009  3 31 15 29 31.90  18.3100  145.7200 188.5 5.4 5.5 MARIANA ISLANDS
event name:     C200903311529A
time shift:      1.7000
half duration:   1.3000
latitude:       18.3300
longitude:     145.9700
depth:         173.7000
Mrr:      -7.720000e+23
Mtt:       1.640000e+24
Mpp:      -8.650000e+23
Mrt:      -6.190000e+23
Mrp:       1.260000e+24
Mtp:      -6.010000e+23
