 PDE 2007  3 25  0 41 57.80  37.3400  136.5900   8.0 6.1 6.8 NEAR WEST COAST OF HONSHU, JAPAN
event name:     C200703250041A
time shift:      5.6000
half duration:   5.3000
latitude:       37.2800
longitude:     136.6100
depth:          12.0000
Mrr:       1.010000e+26
Mtt:       1.860000e+25
Mpp:      -1.200000e+26
Mrt:       8.000000e+23
Mrp:      -3.000000e+25
Mtp:      -6.780000e+25
