 PDE 2005  2 28  1 24 54.70 -34.9200 -107.8600  10.0 5.1 5.9 SOUTHERN EAST PACIFIC RISE
event name:     C200502280124A
time shift:      6.1000
half duration:   2.2000
latitude:      -35.0700
longitude:    -107.8600
depth:          17.4000
Mrr:      -3.790000e+23
Mtt:      -2.570000e+24
Mpp:       2.950000e+24
Mrt:       3.640000e+23
Mrp:      -9.870000e+23
Mtp:      -8.180000e+24
