 PDE 2005 12 10  8 24 13.30 -24.6000  179.9500 506.5 5.0 0.0 SOUTH OF FIJI ISLANDS
event name:     C200512100824A
time shift:      2.7000
half duration:   1.5000
latitude:      -24.6100
longitude:     179.9500
depth:         503.7000
Mrr:      -1.190000e+24
Mtt:      -6.200000e+22
Mpp:       1.250000e+24
Mrt:       2.800000e+23
Mrp:      -2.450000e+24
Mtp:      -2.340000e+23
