 PDE 2009  3 24 23 28 27.30  -5.1400  151.8500  36.0 5.6 5.8 NEW BRITAIN REGION, P.N.G.
event name:     C200903242328A
time shift:      5.4000
half duration:   1.9000
latitude:       -5.4500
longitude:     151.9900
depth:          46.0000
Mrr:       5.520000e+24
Mtt:      -5.900000e+24
Mpp:       3.860000e+23
Mrt:       1.440000e+24
Mrp:      -7.180000e+23
Mtp:      -1.830000e+24
