 PDE 2008 10  5 22 56 28.90  33.8900   69.4700  10.0 5.7 6.0 SOUTHEASTERN AFGHANISTAN
event name:     C200810052256A
time shift:      2.4000
half duration:   2.3000
latitude:       33.9100
longitude:      69.4800
depth:          16.6000
Mrr:       9.900000e+23
Mtt:      -1.050000e+25
Mpp:       9.470000e+24
Mrt:       2.800000e+24
Mrp:       3.000000e+22
Mtp:      -2.080000e+24
