 PDE 2007  2 17  0  2 56.80  41.7900  143.5500  31.0 5.9 6.0 HOKKAIDO, JAPAN REGION
event name:     C200702170002A
time shift:      2.7000
half duration:   2.4000
latitude:       41.6500
longitude:     143.9700
depth:          38.2000
Mrr:       7.200000e+24
Mtt:      -1.180000e+24
Mpp:      -6.020000e+24
Mrt:       3.380000e+24
Mrp:       8.170000e+24
Mtp:      -4.200000e+24
