 PDE 2005  9  1 11 22 10.20 -24.4100  179.8900 513.2 4.9 0.0 SOUTH OF FIJI ISLANDS
event name:     C200509011122A
time shift:      4.7000
half duration:   1.4000
latitude:      -24.5500
longitude:     179.9200
depth:         542.8000
Mrr:       1.860000e+24
Mtt:      -2.020000e+24
Mpp:       1.660000e+23
Mrt:      -5.720000e+23
Mrp:      -1.440000e+24
Mtp:      -1.100000e+24
