 PDE 2007  1  8 12 48 40.50   8.0800   92.4400  11.0 5.7 6.2 NICOBAR ISLANDS, INDIA REGION
event name:     C200701081248A
time shift:      4.4000
half duration:   2.7000
latitude:        8.0300
longitude:      92.3000
depth:          12.0000
Mrr:       1.380000e+25
Mtt:      -3.040000e+24
Mpp:      -1.080000e+25
Mrt:       1.100000e+23
Mrp:      -9.040000e+24
Mtp:       6.320000e+24
