 PDE 2006  9 16  9 45 23.90  -3.0800  129.4400  17.0 5.9 6.3 SERAM, INDONESIA
event name:     C200609160945A
time shift:      3.4000
half duration:   3.6000
latitude:       -2.8700
longitude:     129.4800
depth:          15.6000
Mrr:       1.250000e+25
Mtt:      -1.190000e+25
Mpp:      -5.800000e+23
Mrt:      -1.970000e+25
Mrp:       3.040000e+25
Mtp:       8.320000e+24
