 PDE 2008  3 20 14 10 44.60   6.1800  126.9300  82.5 6.0 6.1 PHILIPPINE ISLANDS REGION
event name:     C200803201410A
time shift:      1.7000
half duration:   2.6000
latitude:        6.0700
longitude:     127.1200
depth:          64.0000
Mrr:       9.990000e+24
Mtt:       4.660000e+24
Mpp:      -1.460000e+25
Mrt:       4.900000e+23
Mrp:       7.620000e+24
Mtp:      -2.460000e+24
