 PDE 2007  9 27 19 57 44.00 -21.1000  169.2800   9.0 6.2 6.3 SOUTHEAST OF LOYALTY ISLANDS
event name:     C200709271957A
time shift:      6.2000
half duration:   2.6000
latitude:      -21.2000
longitude:     169.2100
depth:          14.0000
Mrr:       3.880000e+24
Mtt:       4.690000e+24
Mpp:      -8.570000e+24
Mrt:       6.250000e+24
Mrp:      -1.430000e+25
Mtp:       1.190000e+25
