 PDE 2005  3 17 13 37 37.10  15.1400  -91.3800 197.4 6.0 6.1 MEXICO-GUATEMALA BORDER REGION
event name:     C200503171337A
time shift:      3.9000
half duration:   2.9000
latitude:       15.2000
longitude:     -91.6300
depth:         181.5000
Mrr:       8.240000e+24
Mtt:      -7.940000e+24
Mpp:      -3.000000e+23
Mrt:       1.300000e+25
Mrp:      -1.420000e+25
Mtp:       3.480000e+24
