 PDE 2007 11 19 15 20  3.70 -21.9700  173.4900  10.0 5.5 5.9 VANUATU ISLANDS REGION
event name:     C200711191520A
time shift:      4.1000
half duration:   2.3000
latitude:      -21.9300
longitude:     173.6500
depth:          16.3000
Mrr:       1.700000e+23
Mtt:      -3.200000e+24
Mpp:       3.040000e+24
Mrt:      -1.900000e+23
Mrp:       1.910000e+24
Mtp:       9.970000e+24
