 PDE 2005  7 30 15 13 20.10   5.1800   94.4800  38.0 5.8 5.2 NORTHERN SUMATRA, INDONESIA
event name:     C200507301513A
time shift:      3.3000
half duration:   1.9000
latitude:        5.1600
longitude:      94.3200
depth:          31.0000
Mrr:       2.730000e+24
Mtt:      -1.620000e+23
Mpp:      -2.570000e+24
Mrt:       4.310000e+24
Mrp:      -3.510000e+24
Mtp:       1.570000e+24
