 PDE 2005  3 20 17 15  4.00  -7.9500  124.8200  28.1 5.6 5.5 BANDA SEA
event name:     C200503201715A
time shift:      1.7000
half duration:   1.9000
latitude:       -7.8500
longitude:     124.8500
depth:          12.0000
Mrr:       7.050000e+23
Mtt:       5.000000e+24
Mpp:      -5.700000e+24
Mrt:       1.260000e+24
Mrp:      -4.020000e+23
Mtp:      -1.240000e+24
