 PDE 2005  1 23 20 10 17.20  -1.2500  119.9200  48.0 5.9 5.9 SULAWESI, INDONESIA
event name:     C200501232010A
time shift:      2.2000
half duration:   3.2000
latitude:       -1.0100
longitude:     120.0800
depth:          12.0000
Mrr:      -1.900000e+25
Mtt:       2.130000e+25
Mpp:      -2.270000e+24
Mrt:       5.060000e+24
Mrp:      -1.100000e+25
Mtp:      -1.620000e+25
