 PDE 2007 11 25 19 53  8.00  -8.2300  118.4500  35.0 6.2 6.5 SUMBAWA REGION, INDONESIA
event name:     C200711251953A
time shift:      3.4000
half duration:   4.1000
latitude:       -8.2000
longitude:     118.5300
depth:          19.8000
Mrr:       4.430000e+25
Mtt:      -4.750000e+25
Mpp:       3.210000e+24
Mrt:      -3.830000e+25
Mrp:      -1.160000e+25
Mtp:      -8.630000e+24
