 PDE 2005  8  7  2 17 46.00 -47.0900   33.6200  10.0 5.7 5.8 PRINCE EDWARD ISLANDS REGION
event name:     C200508070217A
time shift:      6.6000
half duration:   3.0000
latitude:      -46.8000
longitude:      33.6200
depth:          16.0000
Mrr:      -2.620000e+24
Mtt:       1.250000e+25
Mpp:      -9.910000e+24
Mrt:       4.400000e+24
Mrp:      -4.450000e+24
Mtp:       1.770000e+25
