 PDE 2006  8 24 21 50 36.70  51.1500  157.5200  43.0 5.9 6.5 EAST OF KURIL ISLANDS
event name:     C200608242150A
time shift:      5.0000
half duration:   4.1000
latitude:       50.9200
longitude:     158.1700
depth:          50.2000
Mrr:       5.610000e+25
Mtt:      -1.210000e+25
Mpp:      -4.400000e+25
Mrt:       6.250000e+24
Mrp:       2.010000e+25
Mtp:      -2.500000e+25
