 PDE 2006  8  2 14 45  4.60 -11.1700  116.8500  15.0 5.9 5.8 SOUTH OF SUMBAWA, INDONESIA
event name:     C200608021445A
time shift:      3.3000
half duration:   2.1000
latitude:      -11.3600
longitude:     116.9200
depth:          24.2000
Mrr:      -6.640000e+24
Mtt:       8.280000e+24
Mpp:      -1.640000e+24
Mrt:       1.550000e+24
Mrp:      -7.400000e+23
Mtp:      -1.800000e+23
