 PDE 2009  7 16 17 59 36.10 -17.5300  167.7200  10.0 5.4 5.8 VANUATU ISLANDS
event name:     C200907161759A
time shift:      7.1000
half duration:   1.9000
latitude:      -17.3800
longitude:     167.6800
depth:          22.2000
Mrr:       4.670000e+24
Mtt:       2.550000e+23
Mpp:      -4.920000e+24
Mrt:       1.160000e+24
Mrp:      -2.630000e+24
Mtp:       9.760000e+23
