 PDE 2005  1 19  6 11 36.40  34.0600  141.4900  27.8 5.8 6.4 OFF EAST COAST OF HONSHU, JAPAN
event name:     C200501190611A
time shift:     11.7000
half duration:   4.5000
latitude:       34.0100
longitude:     141.9500
depth:          15.0000
Mrr:       5.590000e+25
Mtt:      -1.550000e+24
Mpp:      -5.440000e+25
Mrt:      -9.130000e+24
Mrp:       5.870000e+25
Mtp:       2.550000e+24
