 PDE 2007  5  7 20 32 32.30 -21.2100 -178.6200 550.0 5.2 5.7 FIJI ISLANDS REGION
event name:     C200705072032A
time shift:      3.6000
half duration:   1.7000
latitude:      -21.0800
longitude:    -178.4800
depth:         573.2000
Mrr:      -3.720000e+24
Mtt:       3.160000e+24
Mpp:       5.640000e+23
Mrt:      -1.620000e+24
Mrp:      -1.370000e+24
Mtp:       2.190000e+23
