 PDE 2006  9 22  2 32 25.60 -26.8700  -63.1500 598.3 6.1 6.0 SANTIAGO DEL ESTERO PROV., ARG.
event name:     C200609220232A
time shift:      2.2000
half duration:   2.3000
latitude:      -26.8500
longitude:     -63.0500
depth:         602.4000
Mrr:      -7.900000e+24
Mtt:      -4.300000e+23
Mpp:       8.330000e+24
Mrt:      -4.450000e+24
Mrp:       5.450000e+24
Mtp:      -1.430000e+24
