 PDE 2006 11 15 19 25 26.00  47.0100  154.9800  10.0 5.6 5.6 EAST OF KURIL ISLANDS
event name:     C200611151925A
time shift:      4.7000
half duration:   2.3000
latitude:       47.1100
longitude:     155.1400
depth:          31.3000
Mrr:      -1.380000e+25
Mtt:       5.720000e+24
Mpp:       8.030000e+24
Mrt:      -1.140000e+24
Mrp:       1.210000e+24
Mtp:       3.350000e+24
