 PDE 2007 11 26 21 56 12.80  18.6500 -101.7000  53.0 5.7 5.7 GUERRERO, MEXICO
event name:     C200711262156A
time shift:      2.1000
half duration:   1.9000
latitude:       18.8000
longitude:    -101.5800
depth:          70.1000
Mrr:      -3.990000e+24
Mtt:       5.270000e+24
Mpp:      -1.290000e+24
Mrt:       3.020000e+24
Mrp:       3.270000e+23
Mtp:      -1.110000e+24
