 PDE 2007  6 14 13 37 40.90 -36.2100 -100.1500  10.0 5.4 5.9 SOUTHEAST OF EASTER ISLAND
event name:     C200706141337A
time shift:      2.5000
half duration:   2.1000
latitude:      -36.2200
longitude:    -100.3700
depth:          17.7000
Mrr:      -2.520000e+24
Mtt:       1.320000e+24
Mpp:       1.190000e+24
Mrt:       1.280000e+24
Mrp:       3.260000e+23
Mtp:      -7.740000e+24
