 PDE 2006  4 30  8 17 34.90 -15.1000  167.4400 127.7 5.4 6.1 VANUATU ISLANDS
event name:     C200604300817A
time shift:      3.2000
half duration:   2.7000
latitude:      -15.1300
longitude:     167.2900
depth:         129.7000
Mrr:       1.610000e+25
Mtt:       1.180000e+24
Mpp:      -1.730000e+25
Mrt:      -3.060000e+24
Mrp:      -3.200000e+23
Mtp:      -1.780000e+24
