 PDE 2007  6  6 11 28 25.00  -6.7200  130.9100  86.6 5.8 5.8 BANDA SEA
event name:     C200706061128A
time shift:      1.9000
half duration:   1.9000
latitude:       -6.7200
longitude:     130.9400
depth:         102.6000
Mrr:       1.070000e+24
Mtt:      -3.500000e+24
Mpp:       2.430000e+24
Mrt:       1.290000e+24
Mrp:       2.060000e+24
Mtp:       4.260000e+24
