 PDE 2005  3 31  7 23 53.80   1.7000   97.1200  22.0 5.7 5.8 OFF W COAST OF NORTHERN SUMATRA
event name:     C200503310723A
time shift:      2.8000
half duration:   1.7000
latitude:        1.4500
longitude:      96.8100
depth:          25.0000
Mrr:       2.240000e+24
Mtt:      -1.320000e+24
Mpp:      -9.140000e+23
Mrt:       4.210000e+24
Mrp:      -3.490000e+24
Mtp:       2.000000e+24
