 PDE 2005 11 21 15 36 31.00  31.0200  130.0000 145.0 5.9 0.0 KYUSHU, JAPAN
event name:     C200511211536A
time shift:      2.5000
half duration:   2.9000
latitude:       30.9700
longitude:     130.3100
depth:         155.0000
Mrr:       5.180000e+24
Mtt:      -2.800000e+24
Mpp:      -2.380000e+24
Mrt:      -1.400000e+23
Mrp:       2.020000e+25
Mtp:      -5.590000e+24
