 PDE 2005 12 11 16 23 35.50  14.0200  120.7200 201.6 5.2 0.0 LUZON, PHILIPPINES
event name:     C200512111623A
time shift:     -1.0000
half duration:   1.6000
latitude:       14.2500
longitude:     120.5700
depth:         199.2000
Mrr:       1.200000e+24
Mtt:      -1.600000e+24
Mpp:       4.080000e+23
Mrt:       1.580000e+24
Mrp:      -5.880000e+23
Mtp:      -2.200000e+24
