 PDE 2009  8 13  9 21 35.80  14.0500   92.8200  35.0 5.6 5.9 ANDAMAN ISLANDS, INDIA REGION
event name:     C200908130921A
time shift:      1.3000
half duration:   2.1000
latitude:       14.0400
longitude:      92.7600
depth:          33.0000
Mrr:      -8.090000e+23
Mtt:      -2.810000e+24
Mpp:       3.610000e+24
Mrt:       1.090000e+24
Mrp:      -7.570000e+23
Mtp:       6.620000e+24
