 PDE 2007  8 11 18  4 53.10 -22.2600 -179.4900 606.2 5.4 5.6 SOUTH OF FIJI ISLANDS
event name:     C200708111804A
time shift:      2.5000
half duration:   1.7000
latitude:      -22.2000
longitude:    -179.4000
depth:         609.9000
Mrr:      -1.860000e+24
Mtt:       4.080000e+23
Mpp:       1.450000e+24
Mrt:      -8.520000e+23
Mrp:      -3.910000e+24
Mtp:      -5.690000e+23
