 PDE 2007  9 13  3 35 28.70  -2.1300   99.6300  22.0 6.3 7.2 SOUTHERN SUMATRA, INDONESIA
event name:     C200709130335A
time shift:      8.2000
half duration:   8.2000
latitude:       -2.3100
longitude:      99.3900
depth:          17.0000
Mrr:       1.500000e+26
Mtt:      -8.520000e+25
Mpp:      -6.530000e+25
Mrt:       3.320000e+26
Mrp:      -2.960000e+26
Mtp:       8.980000e+25
