 PDE 2006  6 14  4 18 42.50  51.7500  177.0800  14.0 5.9 6.4 RAT ISLANDS, ALEUTIAN ISLANDS
event name:     C200606140418A
time shift:      6.2000
half duration:   4.2000
latitude:       51.9600
longitude:     177.0700
depth:          13.3000
Mrr:      -1.160000e+25
Mtt:      -5.730000e+25
Mpp:       6.890000e+25
Mrt:      -6.000000e+22
Mrp:       1.100000e+25
Mtp:       2.340000e+24
