 PDE 2009  2 18  3  7 50.30 -52.9700   20.9100  10.0 5.6 5.9 SOUTH OF AFRICA
event name:     C200902180307A
time shift:      3.6000
half duration:   2.0000
latitude:      -53.0500
longitude:      21.2800
depth:          12.0000
Mrr:      -7.030000e+24
Mtt:       6.450000e+24
Mpp:       5.760000e+23
Mrt:       8.190000e+23
Mrp:      -9.140000e+23
Mtp:      -1.610000e+24
