 PDE 2007  8 26 12 37 31.20 -17.4600 -174.3400 127.4 5.9 6.1 TONGA ISLANDS
event name:     C200708261237A
time shift:      4.2000
half duration:   2.6000
latitude:      -17.3400
longitude:    -173.8400
depth:         130.3000
Mrr:       3.600000e+23
Mtt:       6.200000e+23
Mpp:      -9.800000e+23
Mrt:      -3.790000e+24
Mrp:      -1.440000e+25
Mtp:      -2.900000e+23
