 PDE 2007 12  3 21 52 45.60  -6.3700  148.4600  29.5 5.3 5.9 NEW BRITAIN REGION, P.N.G.
event name:     C200712032152A
time shift:      6.8000
half duration:   2.1000
latitude:       -6.7400
longitude:     148.6900
depth:          28.3000
Mrr:       5.950000e+24
Mtt:      -7.000000e+24
Mpp:       1.060000e+24
Mrt:       5.090000e+24
Mrp:      -2.100000e+23
Mtp:      -3.600000e+23
