 PDE 2007  1 21 17 32 55.50   1.0600  126.3500  23.0 5.9 6.2 NORTHERN MOLUCCA SEA
event name:     C200701211732A
time shift:      6.4000
half duration:   3.0000
latitude:        1.1700
longitude:     126.4900
depth:          24.0000
Mrr:       2.090000e+25
Mtt:      -3.760000e+24
Mpp:      -1.720000e+25
Mrt:       4.200000e+23
Mrp:      -3.920000e+24
Mtp:      -1.180000e+25
