 PDE 2008  4 10  1 10  3.00 -20.3300  168.9400  35.0 5.5 5.8 LOYALTY ISLANDS
event name:     C200804100110A
time shift:      4.0000
half duration:   2.0000
latitude:      -20.4400
longitude:     168.7100
depth:          27.2000
Mrr:       5.410000e+24
Mtt:      -5.270000e+23
Mpp:      -4.890000e+24
Mrt:       1.820000e+24
Mrp:      -3.970000e+24
Mtp:       2.600000e+24
