 PDE 2008  2  7  7 50 55.20   1.2300  122.6500  35.6 5.3 5.8 MINAHASSA PENINSULA, SULAWESI
event name:     C200802070750A
time shift:      2.5000
half duration:   1.9000
latitude:        1.5500
longitude:     122.5700
depth:          30.6000
Mrr:       3.810000e+24
Mtt:      -4.290000e+24
Mpp:       4.730000e+23
Mrt:      -4.400000e+24
Mrp:       4.900000e+22
Mtp:       3.690000e+23
