 PDE 2008  5 24 19 20 42.50   4.3300  -73.7600   8.9 5.6 5.9 COLOMBIA
event name:     C200805241920A
time shift:      6.2000
half duration:   2.1000
latitude:        4.3200
longitude:     -73.7900
depth:          14.7000
Mrr:       6.950000e+23
Mtt:       3.860000e+24
Mpp:      -4.560000e+24
Mrt:      -1.050000e+24
Mrp:       6.650000e+23
Mtp:       6.640000e+24
