 PDE 2007  3  9 10 38  8.20  -6.3600  130.1700 151.2 5.4 5.6 BANDA SEA
event name:     C200703091038A
time shift:      2.5000
half duration:   1.6000
latitude:       -6.3500
longitude:     130.2600
depth:         149.9000
Mrr:       1.460000e+24
Mtt:      -1.120000e+24
Mpp:      -3.440000e+23
Mrt:       3.370000e+23
Mrp:       3.090000e+24
Mtp:       7.640000e+23
