 PDE 2005  2 22  2 25 22.80  30.7400   56.8300  14.0 6.0 6.5 NORTHERN AND CENTRAL IRAN
event name:     C200502220225A
time shift:      7.2000
half duration:   3.9000
latitude:       30.7600
longitude:      56.8100
depth:          12.0000
Mrr:       4.350000e+25
Mtt:      -5.680000e+25
Mpp:       1.340000e+25
Mrt:      -3.820000e+24
Mrp:       3.020000e+24
Mtp:      -1.470000e+25
