 PDE 2007 12 16  8  9 17.90 -22.9500  -70.1800  45.0 6.2 6.7 NEAR COAST OF NORTHERN CHILE
event name:     C200712160809A
time shift:      3.9000
half duration:   5.5000
latitude:      -23.0200
longitude:     -70.4100
depth:          30.6000
Mrr:       1.320000e+25
Mtt:      -2.600000e+24
Mpp:      -1.050000e+25
Mrt:      -8.500000e+24
Mrp:       1.450000e+26
Mtp:      -1.430000e+25
