 PDE 2007  2 20  8  4 25.10  -1.0300  126.9800  11.0 6.2 6.7 HALMAHERA, INDONESIA
event name:     C200702200804A
time shift:      6.2000
half duration:   5.6000
latitude:       -0.9100
longitude:     127.1700
depth:          12.1000
Mrr:      -3.550000e+25
Mtt:       7.100000e+25
Mpp:      -3.560000e+25
Mrt:       3.150000e+25
Mrp:      -1.150000e+26
Mtp:       8.000000e+25
