 PDE 2008  8 22  7 47 39.60 -17.7700   65.3900   6.0 5.6 6.0 MAURITIUS - REUNION REGION
event name:     C200808220747A
time shift:      4.6000
half duration:   2.5000
latitude:      -17.7100
longitude:      65.4200
depth:          16.1000
Mrr:      -1.200000e+24
Mtt:      -1.100000e+25
Mpp:       1.220000e+25
Mrt:      -1.710000e+24
Mrp:       2.500000e+23
Mtp:       5.730000e+24
