 PDE 2008  9  4 16  9 51.30 -31.5600 -177.8100  26.1 5.5 5.9 KERMADEC ISLANDS REGION
event name:     C200809041609A
time shift:      3.3000
half duration:   2.0000
latitude:      -31.7100
longitude:    -177.1900
depth:          12.0000
Mrr:       4.410000e+24
Mtt:       1.800000e+22
Mpp:      -4.430000e+24
Mrt:       9.190000e+23
Mrp:       4.770000e+24
Mtp:      -1.080000e+24
