 PDE 2007  3 22  6 10 43.10  -3.3900   86.7800  21.0 5.7 5.9 SOUTH INDIAN OCEAN
event name:     C200703220610A
time shift:      2.8000
half duration:   2.2000
latitude:       -3.3500
longitude:      86.7600
depth:          33.0000
Mrr:       2.380000e+24
Mtt:      -7.460000e+24
Mpp:       5.080000e+24
Mrt:      -2.750000e+24
Mrp:       3.290000e+24
Mtp:      -4.330000e+24
