 PDE 2007  9 26 15 43  1.40  -1.7900   99.4900  26.0 5.6 6.1 SOUTHERN SUMATRA, INDONESIA
event name:     C200709261543A
time shift:      4.9000
half duration:   2.7000
latitude:       -2.1300
longitude:      99.2000
depth:          25.0000
Mrr:       6.540000e+24
Mtt:      -4.550000e+24
Mpp:      -1.990000e+24
Mrt:       1.400000e+25
Mrp:      -9.150000e+24
Mtp:       4.790000e+24
