 PDE 2007  8  3  0 41 15.00 -62.9700  145.3100  10.0 6.0 5.9 SOUTH OF AUSTRALIA
event name:     C200708030041A
time shift:      5.2000
half duration:   2.2000
latitude:      -62.8100
longitude:     145.5100
depth:          12.0000
Mrr:       7.170000e+24
Mtt:      -1.970000e+24
Mpp:      -5.210000e+24
Mrt:       1.690000e+24
Mrp:      -2.450000e+24
Mtp:       5.480000e+24
