 PDE 2005  7  5  1 52  3.00   1.8200   97.0800  21.0 6.2 6.8 OFF W COAST OF NORTHERN SUMATRA
event name:     C200507050152A
time shift:      3.3000
half duration:   4.4000
latitude:        1.5600
longitude:      96.9300
depth:          16.0000
Mrr:       2.730000e+25
Mtt:      -1.130000e+25
Mpp:      -1.610000e+25
Mrt:       8.500000e+25
Mrp:      -7.440000e+25
Mtp:       1.720000e+25
