 PDE 2009  1 29 22 28  5.90  -8.1100  -71.4000 602.4 5.3 5.7 WESTERN BRAZIL
event name:     C200901292228A
time shift:      0.8000
half duration:   1.6000
latitude:       -8.1600
longitude:     -71.5200
depth:         614.6000
Mrr:      -2.800000e+24
Mtt:       3.010000e+23
Mpp:       2.500000e+24
Mrt:      -9.980000e+23
Mrp:       1.780000e+24
Mtp:      -6.540000e+23
