 PDE 2009  9  7 16 12 22.60 -10.2000  110.6300  23.0 6.1 6.2 SOUTH OF JAVA, INDONESIA
event name:     C200909071612A
time shift:      4.9000
half duration:   3.0000
latitude:      -10.3600
longitude:     110.7200
depth:          36.1000
Mrr:      -2.050000e+25
Mtt:       2.190000e+25
Mpp:      -1.410000e+24
Mrt:       3.000000e+23
Mrp:      -1.590000e+24
Mtp:      -7.400000e+24
