 PDE 2007 12 21  7 24 34.70  51.3600 -178.9800  30.0 6.1 6.3 ANDREANOF ISLANDS, ALEUTIAN IS.
event name:     C200712210724A
time shift:      3.8000
half duration:   3.3000
latitude:       51.0700
longitude:    -178.8800
depth:          31.9000
Mrr:       2.030000e+25
Mtt:      -2.040000e+25
Mpp:       1.400000e+23
Mrt:       1.930000e+25
Mrp:       1.110000e+25
Mtp:      -5.510000e+24
