 PDE 2006  4 21  4 32 43.80  60.5300  165.8200   9.0 6.3 6.1 EASTERN SIBERIA, RUSSIA
event name:     C200604210432A
time shift:      2.5000
half duration:   2.8000
latitude:       60.5000
longitude:     165.9800
depth:          23.4000
Mrr:       2.130000e+25
Mtt:      -8.530000e+24
Mpp:      -1.270000e+25
Mrt:       1.100000e+24
Mrp:      -6.700000e+23
Mtp:      -6.280000e+24
