 PDE 2007  7 12  5 23 49.30  -7.9300  -74.3800 152.1 5.9 6.1 PERU-BRAZIL BORDER REGION
event name:     C200707120523A
time shift:      3.3000
half duration:   2.6000
latitude:       -8.0000
longitude:     -74.4200
depth:         156.4000
Mrr:      -6.930000e+24
Mtt:      -5.910000e+24
Mpp:       1.280000e+25
Mrt:       6.490000e+24
Mrp:      -7.950000e+24
Mtp:      -9.000000e+22
