 PDE 2008  6 15  1 13 11.90 -17.7400 -179.7300 611.4 5.5 5.9 FIJI ISLANDS REGION
event name:     C200806150113A
time shift:      3.1000
half duration:   2.2000
latitude:      -17.7700
longitude:    -179.6600
depth:         623.6000
Mrr:      -2.120000e+24
Mtt:       2.520000e+24
Mpp:      -4.000000e+23
Mrt:       4.930000e+24
Mrp:      -7.860000e+24
Mtp:      -2.060000e+24
