 PDE 2008  6 27 13  7  8.20  10.8900   91.7800  17.0 5.7 5.8 ANDAMAN ISLANDS, INDIA REGION
event name:     C200806271307A
time shift:      6.5000
half duration:   2.1000
latitude:       11.0900
longitude:      91.9500
depth:          12.1000
Mrr:      -4.980000e+24
Mtt:      -6.000000e+23
Mpp:       5.580000e+24
Mrt:       3.120000e+24
Mrp:      -5.820000e+24
Mtp:       1.500000e+24
