 PDE 2006 12 30  8 30 49.80  13.3100   51.3700  15.0 5.9 6.6 EASTERN GULF OF ADEN
event name:     C200612300830A
time shift:     10.9000
half duration:   5.0000
latitude:       13.6700
longitude:      51.4400
depth:          16.0000
Mrr:      -1.370000e+25
Mtt:       9.050000e+25
Mpp:      -7.680000e+25
Mrt:       1.770000e+25
Mrp:       1.320000e+25
Mtp:       6.130000e+25
