 PDE 2007  4 18  1  8  8.00 -24.0800  -66.6300 172.2 5.2 0.0 SALTA PROVINCE, ARGENTINA
event name:     C200704180108A
time shift:      7.6000
half duration:   1.5000
latitude:      -24.2000
longitude:     -66.9000
depth:         218.1000
Mrr:      -1.590000e+24
Mtt:      -7.710000e+23
Mpp:       2.360000e+24
Mrt:       1.030000e+24
Mrp:      -1.760000e+24
Mtp:       1.180000e+24
