 PDE 2006  4 30 21 25 20.80 -27.0800  -71.1100  33.6 5.0 5.1 NEAR COAST OF NORTHERN CHILE
event name:     C200604302125A
time shift:      6.3000
half duration:   1.9000
latitude:      -27.0500
longitude:     -71.6200
depth:          30.1000
Mrr:       4.420000e+24
Mtt:      -6.680000e+23
Mpp:      -3.750000e+24
Mrt:      -2.380000e+23
Mrp:      -4.390000e+24
Mtp:       3.400000e+23
