 PDE 2007  4  7  7  9 25.40  37.3100  -24.4900   8.0 5.9 6.1 AZORES ISLANDS REGION
event name:     C200704070709A
time shift:      4.1000
half duration:   2.6000
latitude:       37.4000
longitude:     -24.3800
depth:          12.0000
Mrr:      -1.690000e+25
Mtt:       9.120000e+24
Mpp:       7.770000e+24
Mrt:       8.400000e+23
Mrp:       2.400000e+23
Mtp:      -4.730000e+24
