 PDE 2007  8 17 13 18 13.20 -13.6000  -76.6000  48.5 5.6 5.9 OFF COAST OF PERU
event name:     C200708171318A
time shift:     -0.8000
half duration:   2.1000
latitude:      -13.7800
longitude:     -77.0600
depth:          26.5000
Mrr:       3.710000e+24
Mtt:       9.070000e+23
Mpp:      -4.620000e+24
Mrt:      -5.100000e+24
Mrp:       2.160000e+23
Mtp:      -4.420000e+24
