 PDE 2007 10 23 19 56 47.40  -2.0000   99.9000  30.0 5.7 5.8 SOUTHERN SUMATRA, INDONESIA
event name:     C200710231956A
time shift:      2.7000
half duration:   1.9000
latitude:       -2.3000
longitude:      99.6000
depth:          32.9000
Mrr:       3.550000e+24
Mtt:      -2.110000e+24
Mpp:      -1.440000e+24
Mrt:       3.660000e+24
Mrp:      -2.510000e+24
Mtp:       2.350000e+24
