 PDE 2006 12 12 15 48  3.30   3.7300  124.6800 213.5 6.0 6.3 TALAUD ISLANDS, INDONESIA
event name:     C200612121548A
time shift:      3.2000
half duration:   3.5000
latitude:        3.8300
longitude:     125.1000
depth:         215.3000
Mrr:      -9.960000e+24
Mtt:       1.960000e+24
Mpp:       8.000000e+24
Mrt:      -1.130000e+24
Mrp:      -3.350000e+25
Mtp:      -1.370000e+25
