 PDE 2007  4  5  3 56 50.50  37.3100  -24.6200  14.0 6.1 6.3 AZORES ISLANDS REGION
event name:     C200704050356A
time shift:      5.8000
half duration:   3.6000
latitude:       37.4500
longitude:     -24.4400
depth:          12.0000
Mrr:      -4.270000e+25
Mtt:       2.530000e+25
Mpp:       1.730000e+25
Mrt:       1.290000e+24
Mrp:      -5.800000e+23
Mtp:      -1.710000e+25
