 PDE 2008  8 12  5 25 57.70 -11.4300  166.2300  38.0 5.2 5.9 SANTA CRUZ ISLANDS
event name:     C200808120526A
time shift:      4.0000
half duration:   1.9000
latitude:      -11.4900
longitude:     165.9900
depth:          47.1000
Mrr:       6.080000e+24
Mtt:      -2.870000e+23
Mpp:      -5.790000e+24
Mrt:      -8.500000e+22
Mrp:       4.600000e+23
Mtp:       1.750000e+24
