 PDE 2009 10  3 17 36  6.10  23.6300  121.4500  28.0 6.0 6.1 TAIWAN
event name:     C200910031736A
time shift:      3.1000
half duration:   2.3000
latitude:       23.5800
longitude:     121.6100
depth:          34.1000
Mrr:       6.990000e+24
Mtt:      -2.200000e+24
Mpp:      -4.780000e+24
Mrt:       1.300000e+23
Mrp:       5.540000e+24
Mtp:      -6.010000e+24
