 PDE 2006  5 17  3  6 16.20 -20.6400 -173.9500  10.0 5.8 6.0 TONGA ISLANDS
event name:     C200605170306A
time shift:      5.2000
half duration:   1.9000
latitude:      -20.7400
longitude:    -173.3900
depth:          12.0000
Mrr:      -1.400000e+24
Mtt:       5.650000e+23
Mpp:       8.360000e+23
Mrt:      -1.500000e+23
Mrp:       4.400000e+24
Mtp:       3.580000e+24
