 PDE 2006  4 19 20 36 48.30   2.6500   93.2400  30.0 5.5 6.2 OFF W COAST OF NORTHERN SUMATRA
event name:     C200604192036A
time shift:      2.4000
half duration:   3.1000
latitude:        2.7000
longitude:      93.2200
depth:          17.2000
Mrr:      -4.420000e+24
Mtt:      -1.290000e+25
Mpp:       1.730000e+25
Mrt:      -2.630000e+24
Mrp:      -9.440000e+24
Mtp:      -1.800000e+25
