 PDE 2005  3 13  3 31 23.10  27.1100   61.8900  54.0 5.9 5.4 SOUTHWESTERN PAKISTAN
event name:     C200503130331A
time shift:      3.2000
half duration:   2.4000
latitude:       26.7300
longitude:      62.0000
depth:          58.0000
Mrr:      -9.410000e+24
Mtt:       1.150000e+25
Mpp:      -2.050000e+24
Mrt:      -3.230000e+24
Mrp:      -1.060000e+24
Mtp:       4.760000e+24
