 PDE 2005  8 13  7 36 52.80  20.1300  145.8000  48.6 5.8 5.6 MARIANA ISLANDS
event name:     C200508130736A
time shift:      1.4000
half duration:   2.4000
latitude:       20.2900
longitude:     145.9800
depth:          32.0000
Mrr:       5.790000e+24
Mtt:      -7.560000e+24
Mpp:       1.760000e+24
Mrt:       3.400000e+24
Mrp:      -2.000000e+23
Mtp:      -9.800000e+24
