 PDE 2007  6 26 22 23  3.00 -10.4900  108.1500  10.0 5.8 6.0 SOUTH OF JAVA, INDONESIA
event name:     C200706262223A
time shift:      4.8000
half duration:   2.4000
latitude:      -10.6500
longitude:     108.1200
depth:          17.2000
Mrr:      -8.400000e+24
Mtt:       1.370000e+25
Mpp:      -5.250000e+24
Mrt:       3.730000e+24
Mrp:       6.600000e+23
Mtp:      -4.670000e+24
