 PDE 2005  8 11  9  8 46.80 -22.6800  169.5100  10.0 5.7 6.0 SOUTHEAST OF LOYALTY ISLANDS
event name:     C200508110908A
time shift:      9.0000
half duration:   2.8000
latitude:      -22.0600
longitude:     170.1400
depth:          12.0000
Mrr:      -6.190000e+24
Mtt:       2.880000e+24
Mpp:       3.310000e+24
Mrt:       2.140000e+24
Mrp:      -7.000000e+23
Mtp:       1.940000e+25
