 PDE 2005  3  6  5 21 43.40  84.9500   99.3900  10.0 6.1 6.1 NORTH OF SEVERNAYA ZEMLYA
event name:     C200503060521A
time shift:      1.2000
half duration:   3.3000
latitude:       84.9300
longitude:      98.6900
depth:          12.0000
Mrr:      -2.950000e+25
Mtt:       1.790000e+25
Mpp:       1.160000e+25
Mrt:      -2.480000e+24
Mrp:      -3.620000e+24
Mtp:      -1.530000e+25
