 PDE 2006 10 30  4 16  1.30 -15.2000  -70.4600 204.3 4.9 0.0 SOUTHERN PERU
event name:     C200610300415A
time shift:      2.0000
half duration:   1.4000
latitude:      -15.3200
longitude:     -70.8200
depth:         198.2000
Mrr:      -9.380000e+23
Mtt:       2.510000e+23
Mpp:       6.870000e+23
Mrt:       1.520000e+24
Mrp:      -1.940000e+24
Mtp:      -1.910000e+23
