 PDE 2007 11 25 16  2 17.90  -8.2800  118.3400  35.0 6.2 6.5 SUMBAWA REGION, INDONESIA
event name:     C200711251602A
time shift:      3.9000
half duration:   4.1000
latitude:       -8.2100
longitude:     118.4700
depth:          25.6000
Mrr:       4.030000e+25
Mtt:      -4.510000e+25
Mpp:       4.830000e+24
Mrt:      -4.080000e+25
Mrp:      -1.340000e+25
Mtp:      -8.890000e+24
