 PDE 2006  3 31 13 21  0.40 -29.6100 -176.8200  17.0 5.9 6.7 KERMADEC ISLANDS REGION
event name:     C200603311321A
time shift:      8.9000
half duration:   4.5000
latitude:      -29.4900
longitude:    -176.4100
depth:          12.0000
Mrr:       4.920000e+25
Mtt:      -2.540000e+24
Mpp:      -4.670000e+25
Mrt:       1.240000e+25
Mrp:       5.970000e+25
Mtp:      -1.690000e+25
