 PDE 2008  5 24 13 24  5.90  -7.1800  156.0700  29.0 5.8 5.9 SOLOMON ISLANDS
event name:     C200805241324A
time shift:      4.7000
half duration:   2.2000
latitude:       -7.3900
longitude:     156.0200
depth:          40.8000
Mrr:       4.700000e+24
Mtt:       2.800000e+23
Mpp:      -4.980000e+24
Mrt:      -1.710000e+24
Mrp:      -4.380000e+24
Mtp:       5.580000e+24
