 PDE 2008  4 26 23 34 49.40 -49.0900  164.1200  10.0 6.0 6.1 AUCKLAND ISLANDS, N.Z. REGION
event name:     C200804262334A
time shift:      5.9000
half duration:   2.3000
latitude:      -49.1200
longitude:     164.0300
depth:          12.0000
Mrr:       3.820000e+24
Mtt:       2.280000e+24
Mpp:      -6.100000e+24
Mrt:      -4.340000e+24
Mrp:      -7.060000e+24
Mtp:      -2.090000e+24
