 PDE 2008 12 13  8 45 36.30 -48.9800  123.4000  10.0 6.0 5.9 WESTERN INDIAN-ANTARCTIC RIDGE
event name:     C200812130845A
time shift:      0.8000
half duration:   2.3000
latitude:      -49.1200
longitude:     123.8600
depth:          12.0000
Mrr:      -9.570000e+24
Mtt:       1.010000e+25
Mpp:      -5.300000e+23
Mrt:      -1.400000e+24
Mrp:       3.400000e+23
Mtp:      -1.240000e+24
