 PDE 2007  3  1 23 11 52.10  26.5800  -44.5900  10.0 5.5 5.9 NORTHERN MID-ATLANTIC RIDGE
event name:     C200703012311A
time shift:      3.8000
half duration:   2.4000
latitude:       26.5400
longitude:     -44.5700
depth:          12.0000
Mrr:      -1.110000e+25
Mtt:      -4.000000e+23
Mpp:       1.150000e+25
Mrt:      -5.000000e+22
Mrp:      -4.000000e+23
Mtp:       2.900000e+24
