 PDE 2009  1 24  1 28 39.30 -28.2500 -176.7000  10.0 5.5 6.0 KERMADEC ISLANDS REGION
event name:     C200901240128A
time shift:      5.9000
half duration:   2.2000
latitude:      -28.1300
longitude:    -176.3200
depth:          14.1000
Mrr:       6.330000e+24
Mtt:       1.370000e+24
Mpp:      -7.700000e+24
Mrt:       1.490000e+24
Mrp:       5.500000e+24
Mtp:      -4.100000e+23
