 PDE 2007  4  2 12  2 23.30  -8.7100  157.6200  14.0 6.0 6.2 SOLOMON ISLANDS
event name:     C200704021202A
time shift:      4.6000
half duration:   3.1000
latitude:       -8.9100
longitude:     157.7000
depth:          12.0000
Mrr:       1.630000e+25
Mtt:      -2.240000e+24
Mpp:      -1.410000e+25
Mrt:       4.690000e+24
Mrp:      -1.630000e+25
Mtp:       1.380000e+25
