 PDE 2006  5 30  3 28 52.70  -3.7700  140.0600  29.9 5.5 5.9 IRIAN JAYA, INDONESIA
event name:     C200605300328A
time shift:      1.3000
half duration:   2.3000
latitude:       -3.7700
longitude:     140.1200
depth:          16.1000
Mrr:      -2.600000e+24
Mtt:      -4.850000e+24
Mpp:       7.450000e+24
Mrt:      -4.830000e+24
Mrp:       2.650000e+24
Mtp:       5.350000e+24
