 PDE 2008 11 15 23  3 16.80  13.0500  -88.7500  49.0 5.4 5.8 OFF COAST OF CENTRAL AMERICA
event name:     C200811152303A
time shift:      3.9000
half duration:   1.9000
latitude:       12.9700
longitude:     -89.0800
depth:          64.4000
Mrr:       1.870000e+23
Mtt:      -1.150000e+24
Mpp:       9.660000e+23
Mrt:       5.240000e+24
Mrp:      -3.520000e+24
Mtp:       9.440000e+23
