 PDE 2008  6  4 17  3  7.40  41.5300  139.0500 212.6 5.5 5.7 HOKKAIDO, JAPAN REGION
event name:     C200806041703A
time shift:      0.6000
half duration:   1.7000
latitude:       41.5900
longitude:     139.1500
depth:         204.3000
Mrr:       1.040000e+24
Mtt:      -1.060000e+24
Mpp:       2.600000e+22
Mrt:      -6.600000e+23
Mrp:      -3.150000e+24
Mtp:      -2.610000e+24
