 PDE 2007  7 16  1 13 22.40  37.5300  138.4500  12.0 6.5 6.6 NEAR WEST COAST OF HONSHU, JAPAN
event name:     C200707160113A
time shift:      7.2000
half duration:   5.0000
latitude:       37.5000
longitude:     138.4700
depth:          12.0000
Mrr:       9.250000e+25
Mtt:      -3.990000e+25
Mpp:      -5.260000e+25
Mrt:      -4.170000e+25
Mrp:      -3.620000e+25
Mtp:      -4.540000e+25
