 PDE 2006  3  5  8  7 56.60 -20.1200 -175.6600 205.8 6.0 0.0 TONGA ISLANDS
event name:     C200603050807A
time shift:      5.0000
half duration:   2.7000
latitude:      -20.0900
longitude:    -175.2200
depth:         213.9000
Mrr:      -3.530000e+24
Mtt:       1.520000e+25
Mpp:      -1.170000e+25
Mrt:      -4.680000e+24
Mrp:       6.580000e+24
Mtp:      -1.770000e+24
