 PDE 2007  4 20  1 45 56.10  25.7100  125.1100   9.0 5.9 6.3 SOUTHWESTERN RYUKYU ISL., JAPAN
event name:     C200704200145A
time shift:      3.9000
half duration:   3.3000
latitude:       25.5700
longitude:     125.1000
depth:          12.0000
Mrr:      -1.900000e+25
Mtt:       3.180000e+25
Mpp:      -1.280000e+25
Mrt:      -2.150000e+24
Mrp:       9.990000e+24
Mtp:       9.660000e+24
