 PDE 2007  9 28 11 16 39.20 -21.3300  169.1400  10.0 5.6 5.9 SOUTHEAST OF LOYALTY ISLANDS
event name:     C200709281116A
time shift:      5.9000
half duration:   2.1000
latitude:      -21.4500
longitude:     169.0800
depth:          14.1000
Mrr:       6.050000e+24
Mtt:      -1.290000e+24
Mpp:      -4.760000e+24
Mrt:       2.320000e+24
Mrp:      -4.040000e+24
Mtp:       2.890000e+24
