 PDE 2009 10 16  9 52 50.80  -6.5300  105.2200  38.0 5.9 6.1 JAVA, INDONESIA
event name:     C200910160952A
time shift:      4.6000
half duration:   2.7000
latitude:       -7.0700
longitude:     105.0900
depth:          45.2000
Mrr:       1.470000e+25
Mtt:      -1.380000e+25
Mpp:      -9.100000e+23
Mrt:       7.090000e+24
Mrp:      -5.800000e+23
Mtp:       7.200000e+24
