 PDE 2007  3 25  0 40  1.60 -20.6200  169.3600  34.0 6.5 7.1 VANUATU ISLANDS
event name:     C200703250040A
time shift:     11.4000
half duration:   9.0000
latitude:      -20.6000
longitude:     169.1200
depth:          41.2000
Mrr:       5.830000e+26
Mtt:      -1.020000e+26
Mpp:      -4.800000e+26
Mrt:       7.910000e+25
Mrp:      -1.750000e+26
Mtp:       2.490000e+26
