 PDE 2005  1 26 22  0 42.60   2.7000   94.6000  22.2 5.6 6.0 OFF W COAST OF NORTHERN SUMATRA
event name:     C200501262200A
time shift:      0.3000
half duration:   2.1000
latitude:        2.4700
longitude:      94.4700
depth:          12.0000
Mrr:       6.650000e+24
Mtt:      -3.940000e+24
Mpp:      -2.710000e+24
Mrt:       2.110000e+24
Mrp:      -3.530000e+24
Mtp:       3.990000e+24
