 PDE 2006  8 31  8  8 27.30  -0.2700  125.0600  35.0 6.1 5.8 SOUTHERN MOLUCCA SEA
event name:     C200608310808A
time shift:      3.5000
half duration:   2.0000
latitude:       -0.4000
longitude:     125.3100
depth:          26.5000
Mrr:       4.370000e+24
Mtt:      -3.010000e+24
Mpp:      -1.360000e+24
Mrt:       4.900000e+24
Mrp:       9.250000e+23
Mtp:      -2.880000e+24
