 PDE 2008  2  3  7 34 12.20  -2.3000   28.9000  10.0 6.1 5.9 LAKE TANGANYIKA REGION
event name:     C200802030734A
time shift:      2.8000
half duration:   2.3000
latitude:       -2.3800
longitude:      28.8200
depth:          12.0000
Mrr:      -8.730000e+24
Mtt:      -1.160000e+24
Mpp:       9.890000e+24
Mrt:      -6.800000e+23
Mrp:      -3.300000e+24
Mtp:       5.700000e+23
