 PDE 2007  1 28 12  9  5.50   1.0100  126.3100  10.0 5.7 5.8 NORTHERN MOLUCCA SEA
event name:     C200701281209A
time shift:      8.6000
half duration:   2.0000
latitude:        1.0200
longitude:     126.5200
depth:          21.0000
Mrr:       6.580000e+24
Mtt:      -1.670000e+24
Mpp:      -4.920000e+24
Mrt:       2.700000e+24
Mrp:       6.520000e+23
Mtp:      -3.280000e+24
