 PDE 2006  2  4  9 17  4.10   1.0900  -90.4600  10.0 5.4 5.4 GALAPAGOS ISLANDS REGION
event name:     C200602040917A
time shift:      3.5000
half duration:   2.2000
latitude:        1.0700
longitude:     -90.7200
depth:          12.0000
Mrr:      -6.370000e+23
Mtt:       3.390000e+24
Mpp:      -2.750000e+24
Mrt:      -1.230000e+24
Mrp:      -4.850000e+23
Mtp:      -7.440000e+24
