 PDE 2009  3 16  7 13 36.10 -55.1400 -129.7000  10.0 5.1 5.9 PACIFIC-ANTARCTIC RIDGE
event name:     C200903160713A
time shift:      5.7000
half duration:   2.1000
latitude:      -55.2300
longitude:    -129.5700
depth:          17.3000
Mrr:      -1.010000e+24
Mtt:       5.820000e+24
Mpp:      -4.800000e+24
Mrt:       3.530000e+23
Mrp:       3.360000e+23
Mtp:       5.960000e+24
