 PDE 2005  6  7  4 22  0.80 -29.5200 -179.1200 318.3 5.4 0.0 KERMADEC ISLANDS, NEW ZEALAND
event name:     C200506070422A
time shift:      3.2000
half duration:   1.8000
latitude:      -29.2000
longitude:    -178.9000
depth:         326.1000
Mrr:      -2.050000e+24
Mtt:      -2.440000e+24
Mpp:       4.490000e+24
Mrt:      -2.620000e+24
Mrp:       7.000000e+23
Mtp:       2.200000e+24
