 PDE 2006  7  8 20 40  1.00  51.2100 -179.3100  22.0 6.2 6.6 ANDREANOF ISLANDS, ALEUTIAN IS.
event name:     C200607082039A
time shift:      6.4000
half duration:   4.9000
latitude:       51.0400
longitude:    -179.1200
depth:          28.0000
Mrr:       6.200000e+25
Mtt:      -6.490000e+25
Mpp:       2.900000e+24
Mrt:       6.190000e+25
Mrp:       4.330000e+25
Mtp:      -2.080000e+25
