 PDE 2006  2 23  4  4  5.00 -54.6700    1.7600  10.0 5.5 5.5 BOUVET ISLAND REGION
event name:     C200602230404A
time shift:      6.1000
half duration:   2.6000
latitude:      -54.6400
longitude:       1.9500
depth:          12.0000
Mrr:      -1.300000e+24
Mtt:       1.410000e+25
Mpp:      -1.280000e+25
Mrt:      -1.320000e+24
Mrp:       3.120000e+24
Mtp:      -6.500000e+23
