 PDE 2009  3 11 17 24 36.60   8.5000  -83.2200  14.0 5.8 5.9 COSTA RICA
event name:     C200903111724A
time shift:      6.3000
half duration:   2.2000
latitude:        8.5500
longitude:     -83.1800
depth:          18.8000
Mrr:       6.890000e+24
Mtt:      -6.360000e+24
Mpp:      -5.300000e+23
Mrt:       5.320000e+24
Mrp:      -2.650000e+24
Mtp:       3.080000e+24
