 PDE 2006  8 16 18 39  0.40 -28.8200   61.7400  13.1 5.6 5.9 SOUTHWEST INDIAN RIDGE
event name:     C200608161838A
time shift:      3.1000
half duration:   2.1000
latitude:      -28.8500
longitude:      61.5400
depth:          12.0000
Mrr:      -8.040000e+24
Mtt:       7.610000e+24
Mpp:       4.300000e+23
Mrt:       1.040000e+24
Mrp:       7.500000e+23
Mtp:       2.390000e+24
