 PDE 2005  6  7  5 34 16.60 -62.4300 -161.5000  10.0 5.3 5.4 PACIFIC-ANTARCTIC RIDGE
event name:     C200506070534A
time shift:      6.0000
half duration:   1.9000
latitude:      -62.6900
longitude:    -161.6200
depth:          12.0000
Mrr:      -8.550000e+23
Mtt:       5.480000e+24
Mpp:      -4.630000e+24
Mrt:      -1.360000e+24
Mrp:       1.630000e+24
Mtp:       1.120000e+24
