 PDE 2005  9 10 16 57 47.30   4.8600   95.0400  41.0 5.8 5.5 OFF W COAST OF NORTHERN SUMATRA
event name:     C200509101657A
time shift:      4.0000
half duration:   1.9000
latitude:        4.6100
longitude:      94.9800
depth:          46.0000
Mrr:       3.840000e+24
Mtt:      -2.260000e+24
Mpp:      -1.580000e+24
Mrt:       3.040000e+24
Mrp:      -2.440000e+24
Mtp:       2.350000e+24
