 PDE 2008  9 27  3  9  4.60  13.4800  120.5400  10.0 5.7 5.9 MINDORO, PHILIPPINES
event name:     C200809270309A
time shift:      5.0000
half duration:   2.2000
latitude:       13.5600
longitude:     120.4600
depth:          12.0000
Mrr:      -8.210000e+24
Mtt:       3.340000e+24
Mpp:       4.870000e+24
Mrt:       2.940000e+24
Mrp:       1.630000e+24
Mtp:       4.100000e+24
