 PDE 2007  7  1  4 12  7.80  43.6600  144.7300 130.4 5.5 5.8 HOKKAIDO, JAPAN REGION
event name:     C200707010412A
time shift:      1.6000
half duration:   1.9000
latitude:       43.6400
longitude:     144.8100
depth:         130.2000
Mrr:      -1.610000e+24
Mtt:       3.600000e+24
Mpp:      -2.000000e+24
Mrt:       4.640000e+24
Mrp:       1.700000e+24
Mtp:      -5.140000e+23
