 PDE 2007 12 20  7 55 15.80 -39.0100  178.2900  20.0 6.3 6.6 OFF E. COAST OF N. ISLAND, N.Z.
event name:     C200712200755A
time shift:      7.1000
half duration:   4.7000
latitude:      -38.9200
longitude:     178.4000
depth:          30.4000
Mrr:      -7.580000e+25
Mtt:       5.680000e+25
Mpp:       1.900000e+25
Mrt:      -6.400000e+24
Mrp:       2.120000e+25
Mtp:       5.620000e+25
