 PDE 2007  4  2 23 20 23.30  -8.6200  157.3900  18.0 5.9 6.2 SOLOMON ISLANDS
event name:     C200704022320A
time shift:      5.6000
half duration:   3.2000
latitude:       -8.8800
longitude:     157.5500
depth:          12.0000
Mrr:       1.860000e+25
Mtt:      -1.470000e+25
Mpp:      -3.990000e+24
Mrt:       2.020000e+25
Mrp:       5.720000e+24
Mtp:       9.460000e+24
