 PDE 2006 10 16  0 35 33.10 -50.7800  162.1600  10.0 4.9 5.8 NORTH OF MACQUARIE ISLAND
event name:     C200610160035A
time shift:      7.3000
half duration:   2.0000
latitude:      -50.9400
longitude:     161.8300
depth:          27.9000
Mrr:       4.900000e+23
Mtt:       6.630000e+24
Mpp:      -7.120000e+24
Mrt:       1.470000e+24
Mrp:       1.370000e+24
Mtp:       1.970000e+24
