 PDE 2006  9 24 21  8 49.50 -32.2300  -67.6900 141.0 5.5 5.7 SAN JUAN PROVINCE, ARGENTINA
event name:     C200609242108A
time shift:     -6.0000
half duration:   1.6000
latitude:      -31.8900
longitude:     -67.1800
depth:         151.6000
Mrr:      -3.000000e+24
Mtt:       1.680000e+24
Mpp:       1.320000e+24
Mrt:      -9.570000e+23
Mrp:      -2.550000e+24
Mtp:      -9.250000e+23
