 PDE 2006  2  2 12 48 43.40 -17.7500 -178.3900 597.5 5.9 0.0 FIJI ISLANDS REGION
event name:     C200602021248A
time shift:      4.7000
half duration:   5.5000
latitude:      -17.7700
longitude:    -178.1300
depth:         611.6000
Mrr:      -8.930000e+25
Mtt:       1.560000e+25
Mpp:       7.360000e+25
Mrt:       1.520000e+25
Mrp:      -9.160000e+25
Mtp:       7.960000e+25
