 PDE 2005  5 18 10 27  6.40 -15.3200 -173.2400  10.0 5.6 6.0 SAMOA ISLANDS REGION
event name:     C200505181027A
time shift:      9.2000
half duration:   3.0000
latitude:      -15.2200
longitude:    -172.7300
depth:          15.0000
Mrr:       1.490000e+25
Mtt:       3.130000e+24
Mpp:      -1.810000e+25
Mrt:       3.560000e+24
Mrp:       1.650000e+25
Mtp:       4.960000e+24
