 PDE 2009  7 24  3 11 56.80  31.1600   85.9000  13.4 5.7 5.8 XIZANG
event name:     C200907240311A
time shift:      5.9000
half duration:   1.9000
latitude:       31.0500
longitude:      86.1000
depth:          28.1000
Mrr:      -6.450000e+23
Mtt:      -5.720000e+24
Mpp:       6.370000e+24
Mrt:       1.710000e+24
Mrp:       6.700000e+23
Mtp:       4.520000e+23
