 PDE 2006  3  7  7 10 50.20 -40.1300   78.5600  10.0 5.2 0.0 MID-INDIAN RIDGE
event name:     C200603070710A
time shift:      3.9000
half duration:   2.0000
latitude:      -40.0600
longitude:      78.2600
depth:          12.0000
Mrr:       3.570000e+23
Mtt:      -6.880000e+24
Mpp:       6.520000e+24
Mrt:      -3.640000e+23
Mrp:       7.740000e+23
Mtp:      -2.060000e+24
