 PDE 2009  1 21 17  8 43.00 -22.6900  171.0400  24.0 5.4 6.1 SOUTHEAST OF LOYALTY ISLANDS
event name:     C200901211708A
time shift:      7.7000
half duration:   2.9000
latitude:      -22.7600
longitude:     170.8600
depth:          19.3000
Mrr:       1.710000e+25
Mtt:      -1.640000e+25
Mpp:      -6.800000e+23
Mrt:       9.990000e+24
Mrp:      -1.700000e+24
Mtp:       4.890000e+24
