 PDE 2007  3 25  1  8 19.00 -20.7500  169.3500  35.0 5.9 7.1 LOYALTY ISLANDS
event name:     C200703250108A
time shift:      9.1000
half duration:   6.8000
latitude:      -20.8900
longitude:     168.9900
depth:          31.3000
Mrr:       2.310000e+26
Mtt:      -2.630000e+25
Mpp:      -2.050000e+26
Mrt:       3.850000e+25
Mrp:      -1.210000e+26
Mtp:       1.050000e+26
