 PDE 2009  5 24  0 58  2.10 -31.4800 -177.6800   4.0 5.6 6.0 KERMADEC ISLANDS REGION
event name:     C200905240058A
time shift:      5.8000
half duration:   1.9000
latitude:      -31.4100
longitude:    -177.3000
depth:          13.7000
Mrr:       3.620000e+24
Mtt:      -1.650000e+23
Mpp:      -3.450000e+24
Mrt:       1.050000e+24
Mrp:       4.360000e+24
Mtp:      -1.200000e+24
