 PDE 2007  9 13  9 48 46.40   3.8000  126.3300  35.0 6.2 6.3 TALAUD ISLANDS, INDONESIA
event name:     C200709130948A
time shift:      2.2000
half duration:   3.3000
latitude:        3.8600
longitude:     126.5000
depth:          22.5000
Mrr:       1.030000e+25
Mtt:       2.210000e+25
Mpp:      -3.240000e+25
Mrt:      -1.410000e+25
Mrp:       5.740000e+24
Mtp:       7.700000e+23
