 PDE 2005  9  5  7 37 31.30 -56.4100 -142.3900  10.0 5.7 5.8 PACIFIC-ANTARCTIC RIDGE
event name:     C200509050737A
time shift:      3.9000
half duration:   3.1000
latitude:      -56.5900
longitude:    -142.5400
depth:          12.0000
Mrr:      -6.700000e+23
Mtt:       1.870000e+25
Mpp:      -1.800000e+25
Mrt:       6.550000e+24
Mrp:       4.150000e+24
Mtp:       1.410000e+25
