 PDE 2007  1 30  4 54 50.60 -54.7400  146.3000  11.0 6.2 6.9 WEST OF MACQUARIE ISLAND
event name:     C200701300454A
time shift:      5.7000
half duration:   6.5000
latitude:      -55.1200
longitude:     146.2600
depth:          13.0000
Mrr:      -1.990000e+25
Mtt:       8.020000e+25
Mpp:      -6.020000e+25
Mrt:       5.220000e+25
Mrp:       1.040000e+25
Mtp:      -2.240000e+26
