 PDE 2008 12 25 22 40 23.60  23.4200   64.5000  13.0 5.8 5.8 OFF COAST OF PAKISTAN
event name:     C200812252240A
time shift:      2.9000
half duration:   2.0000
latitude:       23.2200
longitude:      64.3600
depth:          12.0000
Mrr:      -4.150000e+24
Mtt:       5.990000e+24
Mpp:      -1.850000e+24
Mrt:      -2.760000e+24
Mrp:       2.360000e+24
Mtp:       3.590000e+24
