 PDE 2008 10  2 23 28  9.10 -23.0200  169.8600  10.0 5.8 5.8 SOUTHEAST OF LOYALTY ISLANDS
event name:     C200810022328A
time shift:      6.9000
half duration:   1.9000
latitude:      -22.9800
longitude:     169.7800
depth:          12.0000
Mrr:      -5.040000e+24
Mtt:       4.020000e+24
Mpp:       1.020000e+24
Mrt:       3.320000e+24
Mrp:      -1.090000e+23
Mtp:      -2.930000e+24
