 PDE 2007 11  2 13 30 44.00 -15.5900 -173.0700  10.0 5.5 5.8 SAMOA ISLANDS REGION
event name:     C200711021330A
time shift:      8.4000
half duration:   2.0000
latitude:      -15.2400
longitude:    -172.7600
depth:          17.2000
Mrr:       4.130000e+24
Mtt:       1.630000e+24
Mpp:      -5.750000e+24
Mrt:       1.360000e+24
Mrp:       4.750000e+24
Mtp:       1.000000e+24
