 PDE 2006  9 16  2 22 50.60  41.3600  135.7000 367.2 5.4 5.9 SEA OF JAPAN
event name:     C200609160222A
time shift:      2.6000
half duration:   2.1000
latitude:       41.3300
longitude:     135.7100
depth:         382.2000
Mrr:       2.240000e+24
Mtt:      -1.140000e+24
Mpp:      -1.100000e+24
Mrt:      -5.510000e+23
Mrp:      -5.910000e+24
Mtp:      -4.710000e+24
