 PDE 2005  5  5 19 12 20.20   5.7200  -82.8400  10.0 5.9 5.8 SOUTH OF PANAMA
event name:     C200505051912A
time shift:     15.4000
half duration:   4.2000
latitude:        5.3400
longitude:     -82.4800
depth:          24.0000
Mrr:      -2.690000e+24
Mtt:       1.860000e+25
Mpp:      -1.590000e+25
Mrt:       5.300000e+24
Mrp:       1.200000e+24
Mtp:       6.080000e+25
