 PDE 2006  2  8  7 44 51.80  -7.1500  127.7400 239.5 5.2 0.0 BANDA SEA
event name:     C200602080744A
time shift:      2.2000
half duration:   1.3000
latitude:       -7.1800
longitude:     127.7400
depth:         244.2000
Mrr:      -1.880000e+23
Mtt:       1.210000e+23
Mpp:       6.800000e+22
Mrt:      -7.930000e+23
Mrp:       1.840000e+24
Mtp:      -1.930000e+23
