 PDE 2007 11 16  3 13  0.10  -2.3100  -77.8400 122.9 6.3 6.8 ECUADOR
event name:     C200711160312A
time shift:      4.8000
half duration:   5.9000
latitude:       -2.5000
longitude:     -78.0000
depth:         114.3000
Mrr:      -1.020000e+26
Mtt:       5.000000e+24
Mpp:       9.660000e+25
Mrt:       1.130000e+26
Mrp:      -6.340000e+25
Mtp:      -7.520000e+25
