 PDE 2007  6 18  6 18 48.30  -3.5700  150.9500  25.7 5.7 6.3 NEW IRELAND REGION, P.N.G.
event name:     C200706180618A
time shift:      4.8000
half duration:   3.5000
latitude:       -3.5400
longitude:     151.1700
depth:          14.3000
Mrr:       2.720000e+24
Mtt:       3.420000e+25
Mpp:      -3.690000e+25
Mrt:       1.050000e+24
Mrp:      -9.000000e+22
Mtp:       6.660000e+24
