 PDE 2006  6 22 10 53 11.60  45.4200  149.3400  95.0 6.1 6.0 KURIL ISLANDS
event name:     C200606221053A
time shift:      2.8000
half duration:   2.3000
latitude:       45.3700
longitude:     149.5200
depth:         104.8000
Mrr:      -2.090000e+24
Mtt:       3.880000e+24
Mpp:      -1.790000e+24
Mrt:       9.100000e+24
Mrp:       4.230000e+24
Mtp:      -4.700000e+23
