 PDE 2005  5  4  8 57  1.00 -19.4100 -173.8300  22.8 5.7 5.5 TONGA ISLANDS
event name:     C200505040857A
time shift:      5.0000
half duration:   2.1000
latitude:      -19.4600
longitude:    -173.3100
depth:          15.0000
Mrr:       5.020000e+24
Mtt:       5.340000e+23
Mpp:      -5.550000e+24
Mrt:       2.500000e+24
Mrp:       5.250000e+24
Mtp:      -1.340000e+24
