 PDE 2005  9 12 21 15  3.60 -17.4200 -177.3200 383.9 5.3 0.0 FIJI ISLANDS REGION
event name:     C200509122115A
time shift:      5.8000
half duration:   1.8000
latitude:      -17.5100
longitude:    -177.0900
depth:         415.7000
Mrr:      -1.630000e+23
Mtt:       6.530000e+23
Mpp:      -4.900000e+23
Mrt:      -2.500000e+24
Mrp:      -4.280000e+24
Mtp:       4.060000e+23
