 PDE 2009  4  4  7 19 41.70 -62.6000  155.1200  10.0 5.3 5.9 BALLENY ISLANDS REGION
event name:     C200904040719A
time shift:      4.5000
half duration:   2.2000
latitude:      -62.4900
longitude:     155.2300
depth:          12.0000
Mrr:      -6.400000e+23
Mtt:       7.880000e+24
Mpp:      -7.240000e+24
Mrt:      -4.900000e+23
Mrp:      -3.000000e+23
Mtp:      -5.660000e+24
