 PDE 2007  9 25  5 16  1.10 -30.9700  180.0000 416.7 5.2 6.2 KERMADEC ISLANDS REGION
event name:     C200709250515A
time shift:      4.0000
half duration:   3.0000
latitude:      -30.6900
longitude:    -179.8500
depth:         420.6000
Mrr:      -6.360000e+24
Mtt:      -1.360000e+25
Mpp:       1.990000e+25
Mrt:      -1.100000e+25
Mrp:      -9.110000e+24
Mtp:      -1.110000e+24
