 PDE 2008 11  7  7 19 35.70 -14.8300  168.0300  13.0 6.0 6.4 VANUATU ISLANDS
event name:     C200811070719A
time shift:      5.3000
half duration:   3.7000
latitude:      -14.9200
longitude:     168.1500
depth:          12.0000
Mrr:       3.980000e+25
Mtt:       5.700000e+23
Mpp:      -4.040000e+25
Mrt:       9.400000e+23
Mrp:       1.800000e+25
Mtp:       1.090000e+25
