 PDE 2007  6 15 18 49 53.40   1.7200   30.8300  24.0 5.6 5.9 UGANDA
event name:     C200706151849A
time shift:      2.3000
half duration:   2.0000
latitude:        1.7500
longitude:      30.7100
depth:          24.2000
Mrr:      -3.820000e+24
Mtt:      -1.610000e+24
Mpp:       5.430000e+24
Mrt:      -3.100000e+24
Mrp:       2.110000e+24
Mtp:       4.030000e+24
