 PDE 2009  9  3 19 51  8.00  24.3300   94.6800 104.6 5.7 5.9 MYANMAR-INDIA BORDER REGION
event name:     C200909031951A
time shift:      2.5000
half duration:   2.2000
latitude:       24.2900
longitude:      94.7300
depth:         115.5000
Mrr:       4.220000e+24
Mtt:      -6.890000e+24
Mpp:       2.670000e+24
Mrt:      -4.320000e+24
Mrp:      -2.840000e+24
Mtp:       3.770000e+24
