 PDE 2007  9  2  2 35 23.60 -11.7700  165.7000  36.7 5.2 0.0 SANTA CRUZ ISLANDS
event name:     C200709020234A
time shift:      2.1000
half duration:   3.3000
latitude:      -11.8600
longitude:     165.7800
depth:          32.0000
Mrr:       2.750000e+25
Mtt:      -4.550000e+24
Mpp:      -2.290000e+25
Mrt:       1.230000e+25
Mrp:      -1.140000e+25
Mtp:       8.200000e+24
