 PDE 2007  7 31 15  7 35.30  27.3400  126.9000  10.0 5.5 5.9 NORTHWEST OF RYUKYU ISLANDS
event name:     C200707311507A
time shift:      3.6000
half duration:   2.1000
latitude:       27.2700
longitude:     126.8100
depth:          12.0000
Mrr:      -1.830000e+24
Mtt:       2.130000e+24
Mpp:      -2.990000e+23
Mrt:       2.270000e+24
Mrp:       1.140000e+24
Mtp:       8.010000e+24
