 PDE 2005  7 23 14 40 25.00  36.3900   70.7200 209.1 5.3 0.0 HINDU KUSH REGION, AFGHANISTAN
event name:     C200507231440A
time shift:      1.6000
half duration:   1.4000
latitude:       36.4000
longitude:      70.6500
depth:         212.9000
Mrr:       1.540000e+24
Mtt:      -1.250000e+24
Mpp:      -2.890000e+23
Mrt:       1.000000e+24
Mrp:      -1.290000e+24
Mtp:       6.940000e+23
