 PDE 2007 10 15 12 29 36.00 -44.7800  167.5800  25.7 6.0 6.8 SOUTH ISLAND, NEW ZEALAND
event name:     C200710151229A
time shift:      9.5000
half duration:   6.1000
latitude:      -44.7100
longitude:     167.2400
depth:          18.8000
Mrr:       1.240000e+26
Mtt:      -1.480000e+25
Mpp:      -1.090000e+26
Mrt:       7.300000e+24
Mrp:      -1.340000e+26
Mtp:      -8.160000e+25
