 PDE 2005  7 11 23  6  1.70 -27.0000 -176.3200  10.0 5.5 5.7 KERMADEC ISLANDS REGION
event name:     C200507112306A
time shift:      4.6000
half duration:   2.1000
latitude:      -27.0000
longitude:    -175.8700
depth:          12.0000
Mrr:       5.420000e+24
Mtt:       9.500000e+22
Mpp:      -5.510000e+24
Mrt:       1.910000e+24
Mrp:       5.350000e+24
Mtp:      -1.240000e+24
