 PDE 2009 11 10  2 48 46.80   8.0800   91.9000  23.0 6.1 6.0 NICOBAR ISLANDS, INDIA REGION
event name:     C200911100248A
time shift:      1.0000
half duration:   2.4000
latitude:        8.0500
longitude:      91.8600
depth:          19.9000
Mrr:       1.060000e+24
Mtt:      -1.120000e+25
Mpp:       1.010000e+25
Mrt:       1.000000e+22
Mrp:      -3.340000e+24
Mtp:      -3.850000e+24
