 PDE 2006  9  9  4 13 12.00  -7.2100  120.1100 571.7 6.0 6.3 FLORES SEA
event name:     C200609090413A
time shift:      4.9000
half duration:   3.4000
latitude:       -7.2300
longitude:     120.2700
depth:         583.2000
Mrr:      -2.320000e+25
Mtt:       2.290000e+25
Mpp:       2.900000e+23
Mrt:      -2.260000e+25
Mrp:      -8.970000e+24
Mtp:      -4.020000e+24
