 PDE 2006  2  8  5  4 53.60 -54.5000  143.8100  10.0 5.3 5.6 WEST OF MACQUARIE ISLAND
event name:     C200602080504A
time shift:      3.1000
half duration:   2.1000
latitude:      -54.6000
longitude:     143.9500
depth:          12.0000
Mrr:      -2.510000e+23
Mtt:       1.780000e+24
Mpp:      -1.520000e+24
Mrt:       6.000000e+22
Mrp:      -1.940000e+23
Mtp:      -7.290000e+24
