 PDE 2005  8 26 18 16 33.60  14.4200   52.3700  10.0 5.7 5.9 EASTERN GULF OF ADEN
event name:     C200508261816A
time shift:      5.8000
half duration:   2.9000
latitude:       14.5700
longitude:      51.9600
depth:          14.0000
Mrr:      -2.160000e+24
Mtt:       1.620000e+25
Mpp:      -1.400000e+25
Mrt:      -2.790000e+24
Mrp:       1.680000e+24
Mtp:       1.350000e+25
