 PDE 2009  1 19  3 35 18.80 -22.6000  170.9100  12.0 5.7 6.5 SOUTHEAST OF LOYALTY ISLANDS
event name:     C200901190335A
time shift:      8.1000
half duration:   4.6000
latitude:      -22.7600
longitude:     170.7200
depth:          18.9000
Mrr:       7.280000e+25
Mtt:      -6.700000e+25
Mpp:      -5.700000e+24
Mrt:       4.220000e+25
Mrp:      -1.060000e+25
Mtp:       2.520000e+25
