 PDE 2007  6 18  6 28 43.00 -14.8600  166.8300  23.8 5.6 0.0 VANUATU ISLANDS
event name:     C200706180628A
time shift:      4.7000
half duration:   1.9000
latitude:      -14.9500
longitude:     166.7200
depth:          24.2000
Mrr:       5.950000e+24
Mtt:      -7.490000e+23
Mpp:      -5.200000e+24
Mrt:       3.840000e+23
Mrp:      -7.590000e+23
Mtp:       1.580000e+24
