 PDE 2005  9 30 23 15 19.70  -5.6700  151.6800  25.0 5.5 5.7 NEW BRITAIN REGION, P.N.G.
event name:     C200509302315A
time shift:      5.5000
half duration:   2.0000
latitude:       -5.7800
longitude:     151.9100
depth:          24.0000
Mrr:       3.930000e+24
Mtt:      -3.890000e+24
Mpp:      -4.400000e+22
Mrt:       4.990000e+24
Mrp:       2.760000e+24
Mtp:      -1.780000e+24
