 PDE 2005  9  4 23 58 34.90   3.0000  123.0700 443.9 5.8 0.0 CELEBES SEA
event name:     C200509042358A
time shift:      2.3000
half duration:   2.4000
latitude:        3.0500
longitude:     123.3200
depth:         454.4000
Mrr:       2.050000e+24
Mtt:       8.100000e+24
Mpp:      -1.010000e+25
Mrt:       5.130000e+24
Mrp:      -1.260000e+24
Mtp:      -3.080000e+24
