 PDE 2008  2 26 18 18 26.40  -3.8600  101.0600  13.3 5.5 5.9 SOUTHWEST OF SUMATRA, INDONESIA
event name:     C200802261818A
time shift:      5.7000
half duration:   2.5000
latitude:       -4.2800
longitude:     100.8100
depth:          19.0000
Mrr:       3.770000e+24
Mtt:      -2.480000e+24
Mpp:      -1.300000e+24
Mrt:       7.680000e+24
Mrp:      -3.130000e+24
Mtp:       3.330000e+24
