 PDE 2007  5 29  9 36  5.60  -1.0700  127.3400  24.0 6.0 6.1 HALMAHERA, INDONESIA
event name:     C200705290936A
time shift:      0.7000
half duration:   2.6000
latitude:       -1.0100
longitude:     127.5000
depth:          12.0000
Mrr:      -1.290000e+25
Mtt:       3.610000e+24
Mpp:       9.270000e+24
Mrt:       2.460000e+24
Mrp:      -2.120000e+24
Mtp:       8.660000e+24
