 PDE 2007  9  6 17 51 26.20  24.3400  122.2200  53.0 6.1 6.2 TAIWAN REGION
event name:     C200709061751A
time shift:      2.8000
half duration:   3.2000
latitude:       24.2300
longitude:     122.3500
depth:          60.7000
Mrr:       2.660000e+25
Mtt:      -2.300000e+23
Mpp:      -2.640000e+25
Mrt:       4.070000e+24
Mrp:       7.000000e+24
Mtp:      -1.010000e+25
