 PDE 2006  1  6  3 39 58.50   6.6400  -82.3400   7.4 5.9 5.5 SOUTH OF PANAMA
event name:     C200601060339A
time shift:      3.9000
half duration:   2.5000
latitude:        6.6000
longitude:     -82.3500
depth:          15.0000
Mrr:      -5.200000e+23
Mtt:       2.020000e+24
Mpp:      -1.500000e+24
Mrt:       3.040000e+24
Mrp:      -1.600000e+23
Mtp:       1.210000e+25
