 PDE 2006  8 15 23 53 47.20 -21.1900 -176.2500 158.0 5.9 6.1 TONGA ISLANDS
event name:     C200608152353A
time shift:      4.0000
half duration:   2.8000
latitude:      -21.1800
longitude:    -175.7000
depth:         162.5000
Mrr:       5.500000e+23
Mtt:       2.070000e+24
Mpp:      -2.620000e+24
Mrt:      -2.760000e+24
Mrp:      -1.740000e+25
Mtp:       6.290000e+24
