 PDE 2005  4 11 12 20  6.00  -3.4800  145.9100  11.4 5.9 6.7 BISMARCK SEA
event name:     C200504111220A
time shift:      7.5000
half duration:   5.0000
latitude:       -3.3300
longitude:     146.1800
depth:          14.0000
Mrr:      -5.300000e+24
Mtt:      -8.300000e+24
Mpp:       1.360000e+25
Mrt:       3.100000e+24
Mrp:      -2.300000e+25
Mtp:       1.070000e+26
