 PDE 2007  2 28 23 13 15.60 -55.2400  -29.1400  10.0 6.0 6.2 SOUTH SANDWICH ISLANDS REGION
event name:     C200702282313A
time shift:      6.6000
half duration:   2.8000
latitude:      -55.2800
longitude:     -29.1800
depth:          14.5000
Mrr:       8.240000e+24
Mtt:      -1.140000e+25
Mpp:       3.110000e+24
Mrt:      -7.840000e+24
Mrp:       8.820000e+24
Mtp:       1.150000e+25
