 PDE 2009  2 26 21  9 30.00  -7.4700  127.7700 144.7 5.4 5.5 BANDA SEA
event name:     C200902262109A
time shift:      3.9000
half duration:   1.4000
latitude:       -7.6200
longitude:     127.9000
depth:         160.3000
Mrr:       1.570000e+24
Mtt:      -6.680000e+23
Mpp:      -9.010000e+23
Mrt:      -1.540000e+24
Mrp:      -3.930000e+23
Mtp:      -8.810000e+23
