 PDE 2007 12  8  3 54 46.00 -60.5100  -52.3800  10.0 5.4 5.8 SOUTH SHETLAND ISLANDS
event name:     C200712080354A
time shift:      6.2000
half duration:   1.9000
latitude:      -60.6800
longitude:     -52.0000
depth:          12.0000
Mrr:       3.610000e+23
Mtt:      -5.320000e+24
Mpp:       4.960000e+24
Mrt:       1.420000e+24
Mrp:      -4.000000e+23
Mtp:       3.090000e+24
