 PDE 2005 11 23 19 33 45.30  50.0700  147.7000 631.9 5.4 0.0 SEA OF OKHOTSK
event name:     C200511231933A
time shift:      2.4000
half duration:   1.4000
latitude:       50.0400
longitude:     147.7900
depth:         638.8000
Mrr:       1.720000e+24
Mtt:       1.510000e+23
Mpp:      -1.870000e+24
Mrt:       3.960000e+23
Mrp:      -1.750000e+24
Mtp:       2.600000e+23
