 PDE 2006  4 15 23 50 14.70 -29.7700  -72.0000  19.8 5.6 6.0 OFF COAST OF CENTRAL CHILE
event name:     C200604152350B
time shift:      0.9000
half duration:   2.4000
latitude:      -29.7100
longitude:     -72.2900
depth:          12.0000
Mrr:       9.990000e+24
Mtt:       8.000000e+22
Mpp:      -1.010000e+25
Mrt:      -1.060000e+24
Mrp:      -7.280000e+24
Mtp:      -6.400000e+23
