 PDE 2005  2  9 13 27 25.30   4.8000   95.1200  44.5 5.7 5.5 NORTHERN SUMATRA, INDONESIA
event name:     C200502091327A
time shift:      3.6000
half duration:   2.3000
latitude:        4.5100
longitude:      95.0300
depth:          47.0000
Mrr:       7.830000e+24
Mtt:      -4.520000e+24
Mpp:      -3.310000e+24
Mrt:       5.190000e+24
Mrp:      -4.740000e+24
Mtp:       4.710000e+24
