 PDE 2008  5 19 14 26 45.00   1.6400   99.1500  10.0 5.8 6.0 NORTHERN SUMATRA, INDONESIA
event name:     C200805191426A
time shift:      3.9000
half duration:   2.5000
latitude:        1.6400
longitude:      99.1400
depth:          16.1000
Mrr:      -8.900000e+23
Mtt:      -1.030000e+25
Mpp:       1.120000e+25
Mrt:       8.900000e+23
Mrp:       2.690000e+24
Mtp:       6.740000e+24
