 PDE 2005  4 11 17  8 53.90 -21.9800  170.6100  68.0 6.0 0.0 SOUTHEAST OF LOYALTY ISLANDS
event name:     C200504111708A
time shift:      5.4000
half duration:   5.6000
latitude:      -22.0100
longitude:     170.5000
depth:          78.3000
Mrr:      -6.910000e+25
Mtt:      -2.370000e+25
Mpp:       9.280000e+25
Mrt:       8.910000e+25
Mrp:       4.490000e+25
Mtp:       7.350000e+25
