 PDE 2005  6 13  7  2 33.10   2.0900  126.5700  10.0 5.7 5.3 NORTHERN MOLUCCA SEA
event name:     C200506130702A
time shift:      9.3000
half duration:   2.3000
latitude:        2.2600
longitude:     126.5800
depth:          41.0000
Mrr:       9.290000e+24
Mtt:      -1.010000e+24
Mpp:      -8.290000e+24
Mrt:      -8.100000e+23
Mrp:      -2.280000e+24
Mtp:      -4.420000e+24
