 PDE 2005  2 22 11 20 25.30  33.1800  137.1500 369.5 5.3 0.0 NEAR S. COAST OF HONSHU, JAPAN
event name:     C200502221120A
time shift:      0.9000
half duration:   1.6000
latitude:       33.1500
longitude:     137.1600
depth:         372.2000
Mrr:       1.560000e+24
Mtt:       6.800000e+22
Mpp:      -1.630000e+24
Mrt:       1.970000e+23
Mrp:      -2.700000e+24
Mtp:      -1.130000e+24
