 PDE 2009 10  8 10 11  7.50 -11.2600  165.8200  44.7 5.3 0.0 SANTA CRUZ ISLANDS
event name:     C200910081011A
time shift:      2.3000
half duration:   2.6000
latitude:      -11.4000
longitude:     165.5700
depth:          31.1000
Mrr:       1.480000e+25
Mtt:      -3.410000e+24
Mpp:      -1.140000e+25
Mrt:       1.640000e+24
Mrp:      -6.590000e+24
Mtp:       3.630000e+24
