 PDE 2008 11 28  8 50 48.20  -4.7400  101.7500  27.0 5.7 5.9 SOUTHWEST OF SUMATRA, INDONESIA
event name:     C200811280850A
time shift:      3.4000
half duration:   2.1000
latitude:       -5.0900
longitude:     101.5500
depth:          23.0000
Mrr:       4.640000e+24
Mtt:      -2.920000e+24
Mpp:      -1.720000e+24
Mrt:       7.220000e+24
Mrp:      -3.780000e+24
Mtp:       2.620000e+24
