 PDE 2006 12 26 12 34 13.80  21.9700  120.4900  10.0 6.5 7.1 TAIWAN
event name:     C200612261234A
time shift:      8.5000
half duration:   6.9000
latitude:       22.0200
longitude:     120.4000
depth:          32.8000
Mrr:      -3.770000e+25
Mtt:       2.210000e+26
Mpp:      -1.830000e+26
Mrt:       2.110000e+26
Mrp:       1.450000e+25
Mtp:      -8.060000e+25
