 PDE 2005  3  2 10 42 12.20  -6.5300  129.9300 201.7 7.0 0.0 BANDA SEA
event name:     C200503021042A
time shift:      4.7000
half duration:   8.7000
latitude:       -6.5400
longitude:     129.9900
depth:         196.1000
Mrr:       3.370000e+25
Mtt:      -3.430000e+26
Mpp:       3.100000e+26
Mrt:       2.970000e+26
Mrp:       3.600000e+26
Mtp:      -5.950000e+25
