 PDE 2006 10 15 17  7 49.20  19.8800 -155.9300  38.9 6.2 6.7 HAWAII
event name:     C200610151707A
time shift:      6.0000
half duration:   5.5000
latitude:       19.8300
longitude:    -155.9400
depth:          48.0000
Mrr:      -8.160000e+25
Mtt:       8.690000e+25
Mpp:      -5.300000e+24
Mrt:       6.300000e+24
Mrp:      -8.180000e+25
Mtp:      -8.530000e+25
