 PDE 2006  9 30 17 56 16.10  46.1900  153.1700  10.0 5.7 6.0 KURIL ISLANDS
event name:     C200609301756A
time shift:      5.2000
half duration:   2.3000
latitude:       46.1800
longitude:     153.3700
depth:          19.1000
Mrr:       1.050000e+25
Mtt:      -3.490000e+24
Mpp:      -7.060000e+24
Mrt:       1.630000e+24
Mrp:       4.030000e+24
Mtp:      -4.360000e+24
