 PDE 2005  8  3 11  3 15.10  11.2500  -85.5400  14.0 6.0 6.5 NICARAGUA
event name:     C200508031103A
time shift:      4.0000
half duration:   3.3000
latitude:       11.3800
longitude:     -85.5600
depth:          12.0000
Mrr:       3.800000e+23
Mtt:      -2.360000e+25
Mpp:       2.320000e+25
Mrt:       1.200000e+24
Mrp:       7.900000e+23
Mtp:       1.890000e+25
