 PDE 2007  3 17 22 43  9.60   4.5500  -78.5400  10.0 6.0 6.0 SOUTH OF PANAMA
event name:     C200703172243A
time shift:      6.1000
half duration:   2.5000
latitude:        4.6100
longitude:     -78.5300
depth:          13.1000
Mrr:      -1.120000e+25
Mtt:       4.480000e+24
Mpp:       6.700000e+24
Mrt:       2.900000e+23
Mrp:       5.060000e+24
Mtp:       6.510000e+24
