 PDE 2008 11  6  9 11  6.00 -29.8500 -177.4400  19.4 5.6 5.9 KERMADEC ISLANDS REGION
event name:     C200811060911A
time shift:      3.7000
half duration:   2.1000
latitude:      -29.6600
longitude:    -176.9500
depth:          22.0000
Mrr:       6.230000e+24
Mtt:      -1.100000e+23
Mpp:      -6.120000e+24
Mrt:       1.010000e+24
Mrp:       5.420000e+24
Mtp:      -1.930000e+24
