 PDE 2007  8  2 15 11 43.00 -21.5600 -179.3600 617.7 5.4 5.6 FIJI ISLANDS REGION
event name:     C200708021511A
time shift:      3.9000
half duration:   1.6000
latitude:      -21.6100
longitude:    -179.0300
depth:         622.1000
Mrr:       7.470000e+23
Mtt:      -6.600000e+23
Mpp:      -8.700000e+22
Mrt:       5.340000e+23
Mrp:      -3.360000e+24
Mtp:      -1.070000e+24
