 PDE 2006  4  1 10  2 19.60  22.8700  121.2800   9.0 6.0 6.2 TAIWAN REGION
event name:     C200604011002A
time shift:      2.8000
half duration:   3.0000
latitude:       22.8900
longitude:     121.1000
depth:          15.1000
Mrr:       1.110000e+24
Mtt:      -9.790000e+24
Mpp:       8.680000e+24
Mrt:       7.720000e+24
Mrp:      -6.870000e+24
Mtp:      -1.450000e+25
