 PDE 2007  4 25 13 34 14.20 -14.2800  166.8600  55.0 5.7 6.3 VANUATU ISLANDS
event name:     C200704251334A
time shift:      5.8000
half duration:   3.7000
latitude:      -14.2800
longitude:     166.6500
depth:          62.9000
Mrr:       2.990000e+25
Mtt:      -1.690000e+25
Mpp:      -1.300000e+25
Mrt:      -2.560000e+25
Mrp:       3.610000e+24
Mtp:       2.280000e+25
