 PDE 2005  2  5 12 23 18.90   5.2900  123.3400 525.0 6.4 0.0 MINDANAO, PHILIPPINES
event name:     C200502051223A
time shift:      4.7000
half duration:   8.5000
latitude:        5.4700
longitude:     123.6700
depth:         530.6000
Mrr:      -2.350000e+26
Mtt:       9.400000e+24
Mpp:       2.260000e+26
Mrt:      -3.800000e+25
Mrp:      -4.660000e+26
Mtp:      -4.230000e+25
