 PDE 2009  4 18 17 49 39.50 -20.6100 -178.4800 566.1 5.0 5.7 FIJI ISLANDS REGION
event name:     C200904181749A
time shift:      2.6000
half duration:   1.8000
latitude:      -20.5800
longitude:    -178.4100
depth:         574.8000
Mrr:      -1.270000e+24
Mtt:       4.930000e+23
Mpp:       7.810000e+23
Mrt:      -2.780000e+24
Mrp:      -3.760000e+24
Mtp:       6.700000e+22
