 PDE 2006 11 30 21 20 11.60 -53.8400 -134.3600  10.0 5.5 6.2 PACIFIC-ANTARCTIC RIDGE
event name:     C200611302120A
time shift:      5.9000
half duration:   3.2000
latitude:      -54.0100
longitude:    -133.9500
depth:          12.0000
Mrr:      -6.700000e+23
Mtt:       1.470000e+25
Mpp:      -1.410000e+25
Mrt:       4.140000e+24
Mrp:       1.180000e+25
Mtp:       1.940000e+25
