 PDE 2008  9 22  7 31 59.20  41.5800  140.4500 149.0 5.3 5.7 HOKKAIDO, JAPAN REGION
event name:     C200809220731A
time shift:      2.5000
half duration:   1.6000
latitude:       41.4600
longitude:     140.5000
depth:         152.5000
Mrr:      -2.260000e+24
Mtt:       2.170000e+24
Mpp:       8.900000e+22
Mrt:      -5.510000e+23
Mrp:       1.740000e+24
Mtp:       2.340000e+24
