 PDE 2008  9 16  7 28 25.00   0.9000  -29.0000  10.0 5.2 5.8 CENTRAL MID-ATLANTIC RIDGE
event name:     C200809160728A
time shift:      5.9000
half duration:   1.9000
latitude:        0.9500
longitude:     -28.8000
depth:          20.8000
Mrr:      -2.170000e+23
Mtt:       1.190000e+24
Mpp:      -9.740000e+23
Mrt:      -4.150000e+23
Mrp:      -3.980000e+23
Mtp:      -5.680000e+24
