 PDE 2005  7  9 23 37 11.10  33.4200  140.8200  55.2 5.8 0.0 OFF EAST COAST OF HONSHU, JAPAN
event name:     C200507092337A
time shift:      1.0000
half duration:   1.9000
latitude:       33.3700
longitude:     141.2000
depth:          33.0000
Mrr:       4.040000e+24
Mtt:       1.700000e+24
Mpp:      -5.740000e+24
Mrt:      -2.390000e+24
Mrp:       1.200000e+23
Mtp:      -6.190000e+23
