 PDE 2007  7 15  9 27 34.50 -15.3800  168.6000   8.0 6.0 6.1 VANUATU ISLANDS
event name:     C200707150927A
time shift:      5.0000
half duration:   2.9000
latitude:      -15.4000
longitude:     168.6600
depth:          12.0000
Mrr:       1.840000e+25
Mtt:       1.160000e+24
Mpp:      -1.950000e+25
Mrt:       4.590000e+24
Mrp:      -2.880000e+24
Mtp:      -3.780000e+24
