 PDE 2009  1 17  2 57 31.90  15.7400  -92.7400 169.1 5.4 5.8 MEXICO-GUATEMALA BORDER REGION
event name:     C200901170257A
time shift:      1.6000
half duration:   2.0000
latitude:       15.9000
longitude:     -92.6900
depth:         169.2000
Mrr:       1.000000e+24
Mtt:      -3.630000e+24
Mpp:       2.620000e+24
Mrt:       3.330000e+24
Mrp:      -4.540000e+24
Mtp:       7.930000e+23
