 PDE 2009 12 14  8 54  1.80  -5.9600  154.4400  39.0 5.6 6.0 SOLOMON ISLANDS
event name:     C200912140854A
time shift:      5.0000
half duration:   2.3000
latitude:       -6.1300
longitude:     154.4100
depth:          54.7000
Mrr:       9.760000e+24
Mtt:      -5.330000e+24
Mpp:      -4.430000e+24
Mrt:      -1.380000e+24
Mrp:       8.600000e+23
Mtp:       5.790000e+24
