 PDE 2005  7  2  2 16 43.70  11.2400  -86.1700  27.0 5.6 6.4 NEAR COAST OF NICARAGUA
event name:     C200507020216A
time shift:     11.5000
half duration:   4.8000
latitude:       11.0600
longitude:     -86.7000
depth:          28.0000
Mrr:       6.460000e+25
Mtt:      -4.370000e+25
Mpp:      -2.080000e+25
Mrt:       6.060000e+25
Mrp:      -4.080000e+25
Mtp:       4.200000e+25
