 PDE 2008  8 27 21 52 38.10  32.3100   47.3500  10.0 5.3 5.8 IRAN-IRAQ BORDER REGION
event name:     C200808272152A
time shift:      5.3000
half duration:   1.9000
latitude:       32.2300
longitude:      47.3600
depth:          12.5000
Mrr:       1.190000e+24
Mtt:      -4.680000e+24
Mpp:       3.480000e+24
Mrt:       9.730000e+23
Mrp:      -4.280000e+23
Mtp:       4.030000e+24
