 PDE 2009  4 17  2  8  8.70 -19.5800  -70.4800  25.0 5.8 6.1 OFF COAST OF NORTHERN CHILE
event name:     C200904170208A
time shift:      6.3000
half duration:   2.7000
latitude:      -19.7200
longitude:     -71.1000
depth:          31.9000
Mrr:       1.090000e+25
Mtt:       1.030000e+24
Mpp:      -1.200000e+25
Mrt:       3.900000e+24
Mrp:      -1.030000e+25
Mtp:       3.070000e+24
