 PDE 2005 12  2 13 13  9.50  38.0900  142.1200  29.0 6.1 6.3 NEAR EAST COAST OF HONSHU, JAPAN
event name:     C200512021313A
time shift:      3.8000
half duration:   4.1000
latitude:       38.1100
longitude:     142.3800
depth:          34.0000
Mrr:       3.810000e+25
Mtt:      -1.020000e+24
Mpp:      -3.710000e+25
Mrt:       1.920000e+25
Mrp:       4.400000e+25
Mtp:      -1.520000e+25
