 PDE 2005  3 16  3 41 25.00 -24.3700  179.9200 507.1 5.1 0.0 SOUTH OF FIJI ISLANDS
event name:     C200503160341A
time shift:      3.3000
half duration:   1.4000
latitude:      -24.4200
longitude:    -179.9800
depth:         525.0000
Mrr:       7.440000e+23
Mtt:      -5.030000e+23
Mpp:      -2.410000e+23
Mrt:      -6.000000e+23
Mrp:      -1.980000e+24
Mtp:      -7.640000e+23
