 PDE 2007  3  7 10 53 37.60   1.9600   97.9100  35.0 5.7 5.9 NORTHERN SUMATRA, INDONESIA
event name:     C200703071053A
time shift:      4.6000
half duration:   2.2000
latitude:        1.8000
longitude:      97.7400
depth:          49.0000
Mrr:       6.010000e+24
Mtt:      -2.490000e+24
Mpp:      -3.520000e+24
Mrt:       5.070000e+24
Mrp:      -3.020000e+24
Mtp:       3.840000e+24
