 PDE 2005 10 17  9 46 53.90  38.2000   26.5000  10.4 5.4 5.7 AEGEAN SEA
event name:     C200510170946A
time shift:      6.1000
half duration:   1.9000
latitude:       38.1500
longitude:      26.6600
depth:          12.0000
Mrr:      -1.550000e+24
Mtt:       6.420000e+24
Mpp:      -4.880000e+24
Mrt:      -1.050000e+24
Mrp:       8.770000e+23
Mtp:      -1.280000e+24
