 PDE 2006  3 12 20 54 53.50  -5.0700  153.6600  47.3 5.9 5.1 NEW IRELAND REGION, P.N.G.
event name:     C200603122054A
time shift:      3.7000
half duration:   1.9000
latitude:       -5.3100
longitude:     153.5500
depth:          54.0000
Mrr:       2.190000e+24
Mtt:       1.040000e+23
Mpp:      -2.290000e+24
Mrt:      -1.090000e+24
Mrp:      -4.740000e+24
Mtp:       2.590000e+24
