 PDE 2009  5 13 21 31 18.00 -15.7500 -173.4900  85.0 5.3 5.8 SAMOA ISLANDS REGION
event name:     C200905132131A
time shift:      3.9000
half duration:   1.9000
latitude:      -15.7600
longitude:    -172.9300
depth:         101.7000
Mrr:      -3.370000e+24
Mtt:      -1.190000e+24
Mpp:       4.560000e+24
Mrt:       1.110000e+24
Mrp:       4.180000e+24
Mtp:      -6.230000e+23
