 PDE 2006 10 17  4  2 37.30 -21.0400  -68.2800 140.7 5.5 5.9 CHILE-BOLIVIA BORDER REGION
event name:     C200610170402A
time shift:      7.2000
half duration:   2.2000
latitude:      -21.0900
longitude:     -68.4700
depth:         149.9000
Mrr:      -2.550000e+24
Mtt:       3.420000e+24
Mpp:      -8.600000e+23
Mrt:       2.730000e+24
Mrp:       2.410000e+24
Mtp:      -8.530000e+24
