 PDE 2008  3 28  6 39 47.20 -32.8800  179.3600 365.0 5.3 5.6 SOUTH OF KERMADEC ISLANDS
event name:     C200803280639B
time shift:      1.3000
half duration:   1.7000
latitude:      -32.6000
longitude:     179.5700
depth:         360.3000
Mrr:      -1.250000e+24
Mtt:      -6.620000e+23
Mpp:       1.910000e+24
Mrt:      -2.150000e+24
Mrp:       2.910000e+24
Mtp:      -2.940000e+23
