 PDE 2005  5 29 21 44 27.30 -30.1100 -178.0100  18.6 5.9 5.6 KERMADEC ISLANDS, NEW ZEALAND
event name:     C200505292144A
time shift:      7.2000
half duration:   2.2000
latitude:      -30.0700
longitude:    -177.6700
depth:          40.0000
Mrr:       6.920000e+24
Mtt:       2.200000e+23
Mpp:      -7.140000e+24
Mrt:       9.400000e+23
Mrp:       3.970000e+24
Mtp:      -2.260000e+24
