 PDE 2008 10 26  1 28 56.10  36.4900   70.6800 210.0 5.5 5.7 HINDU KUSH REGION, AFGHANISTAN
event name:     C200810260128A
time shift:      2.1000
half duration:   1.8000
latitude:       36.4400
longitude:      70.4600
depth:         199.7000
Mrr:       2.820000e+24
Mtt:      -2.940000e+24
Mpp:       1.220000e+23
Mrt:       4.090000e+24
Mrp:      -4.960000e+23
Mtp:       2.760000e+23
