 PDE 2007 12 25 16 20 52.60 -19.4400  -69.0500 112.6 5.6 5.8 NORTHERN CHILE
event name:     C200712251620A
time shift:      3.0000
half duration:   2.0000
latitude:      -19.6400
longitude:     -69.4200
depth:         120.0000
Mrr:      -3.820000e+24
Mtt:      -5.840000e+23
Mpp:       4.410000e+24
Mrt:       9.020000e+23
Mrp:      -5.290000e+24
Mtp:       3.610000e+23
