 PDE 2007  3  9 21  1 37.80  13.2600  -87.3900 226.1 5.2 5.6 HONDURAS
event name:     C200703092101A
time shift:      2.7000
half duration:   1.4000
latitude:       13.2500
longitude:     -87.5900
depth:         217.2000
Mrr:       3.970000e+23
Mtt:      -6.560000e+23
Mpp:       2.590000e+23
Mrt:       1.940000e+24
Mrp:      -1.650000e+24
Mtp:      -4.600000e+22
