 PDE 2007  4  9 10 18  4.60  48.3000  154.7000  36.0 5.8 5.8 KURIL ISLANDS
event name:     C200704091018A
time shift:      2.1000
half duration:   1.9000
latitude:       48.1900
longitude:     155.1800
depth:          33.5000
Mrr:       4.850000e+24
Mtt:      -1.360000e+24
Mpp:      -3.480000e+24
Mrt:       2.060000e+24
Mrp:       2.200000e+24
Mtp:      -2.510000e+24
