 PDE 2007 10  5  7 17 52.80 -25.1900  179.4600 509.4 6.0 6.5 SOUTH OF FIJI ISLANDS
event name:     C200710050717A
time shift:      6.2000
half duration:   4.3000
latitude:      -25.2700
longitude:     179.5000
depth:         540.8000
Mrr:       3.540000e+25
Mtt:      -4.610000e+25
Mpp:       1.070000e+25
Mrt:      -2.510000e+24
Mrp:      -4.070000e+25
Mtp:      -3.460000e+25
