 PDE 2007  2 12 12 45 32.40   5.5600  126.0000  29.0 5.9 6.1 MINDANAO, PHILIPPINES
event name:     C200702121245A
time shift:      3.9000
half duration:   2.7000
latitude:        5.5800
longitude:     126.6100
depth:          32.0000
Mrr:       1.300000e+25
Mtt:       2.250000e+24
Mpp:      -1.520000e+25
Mrt:       4.810000e+24
Mrp:       7.640000e+24
Mtp:      -9.100000e+23
