 PDE 2005  3 15  0 15 21.10  11.2400  -86.0700  30.0 5.4 5.5 OFF COAST OF COSTA RICA
event name:     C200503150015A
time shift:      3.9000
half duration:   2.0000
latitude:       10.7100
longitude:     -86.6100
depth:          32.9000
Mrr:       4.520000e+24
Mtt:      -3.090000e+24
Mpp:      -1.440000e+24
Mrt:       3.350000e+24
Mrp:      -2.340000e+24
Mtp:       3.040000e+24
