 PDE 2009 10 23 15 14 13.10 -12.2000  166.0500  31.1 5.6 6.0 SANTA CRUZ ISLANDS
event name:     C200910231514A
time shift:      3.8000
half duration:   2.3000
latitude:      -12.2100
longitude:     165.9200
depth:          17.6000
Mrr:       7.220000e+24
Mtt:      -5.900000e+23
Mpp:      -6.630000e+24
Mrt:       3.700000e+24
Mrp:      -5.460000e+24
Mtp:       2.280000e+24
