 PDE 2005  3 29  5 16 29.90   2.6500   96.5800  30.0 5.8 5.9 NORTHERN SUMATRA, INDONESIA
event name:     C200503290516A
time shift:      1.1000
half duration:   2.1000
latitude:        2.3900
longitude:      96.3900
depth:          30.0000
Mrr:       4.360000e+24
Mtt:      -3.830000e+24
Mpp:      -5.300000e+23
Mrt:       6.280000e+24
Mrp:      -2.570000e+24
Mtp:       2.250000e+24
