 PDE 2005  6 20  2 44 54.20 -26.7200 -176.1700  10.0 5.5 5.6 SOUTH OF TONGA ISLANDS
event name:     C200506200244A
time shift:      6.1000
half duration:   1.9000
latitude:      -26.7000
longitude:    -175.6400
depth:          12.0000
Mrr:       3.690000e+24
Mtt:       2.720000e+23
Mpp:      -3.960000e+24
Mrt:       8.460000e+23
Mrp:       4.600000e+24
Mtp:      -3.450000e+23
