 PDE 2007 10  8 18 37 53.70 -20.7100 -177.4000 337.5 5.6 5.7 FIJI ISLANDS REGION
event name:     C200710081837A
time shift:      2.3000
half duration:   1.6000
latitude:      -20.6000
longitude:    -177.1000
depth:         338.1000
Mrr:      -2.160000e+24
Mtt:      -1.700000e+22
Mpp:       2.180000e+24
Mrt:      -3.040000e+24
Mrp:      -4.800000e+22
Mtp:      -1.270000e+23
