 PDE 2007  9 28  1  1 48.80 -21.2000  169.3600  10.0 5.8 6.4 SOUTHEAST OF LOYALTY ISLANDS
event name:     C200709280101A
time shift:      7.4000
half duration:   3.4000
latitude:      -21.3800
longitude:     169.2000
depth:          19.3000
Mrr:       1.870000e+25
Mtt:      -4.900000e+23
Mpp:      -1.820000e+25
Mrt:       8.720000e+24
Mrp:      -2.480000e+25
Mtp:       9.980000e+24
