 PDE 2009  5 29 19 51 18.00   5.9300  125.7800 160.1 5.5 5.7 MINDANAO, PHILIPPINES
event name:     C200905291951A
time shift:      1.1000
half duration:   1.8000
latitude:        5.8600
longitude:     125.9600
depth:         146.9000
Mrr:       8.110000e+23
Mtt:       2.420000e+24
Mpp:      -3.230000e+24
Mrt:      -1.610000e+24
Mrp:       2.680000e+24
Mtp:      -2.770000e+24
