 PDE 2006  4 30 23  4 41.00 -27.2300  -71.2000  37.3 5.3 5.8 NEAR COAST OF NORTHERN CHILE
event name:     C200604302304A
time shift:      7.2000
half duration:   1.9000
latitude:      -27.4200
longitude:     -71.6100
depth:          21.8000
Mrr:       3.260000e+24
Mtt:       1.650000e+23
Mpp:      -3.420000e+24
Mrt:       8.110000e+23
Mrp:      -4.630000e+24
Mtp:       4.020000e+23
