 PDE 2006  5  4  2  8 54.50 -58.2600  157.9300  10.0 5.5 5.6 MACQUARIE ISLAND REGION
event name:     C200605040209A
time shift:      7.7000
half duration:   2.1000
latitude:      -58.0900
longitude:     157.8000
depth:          32.4000
Mrr:       7.880000e+24
Mtt:      -2.410000e+24
Mpp:      -5.470000e+24
Mrt:      -1.000000e+22
Mrp:       1.300000e+24
Mtp:       3.780000e+24
