 PDE 2005  4  2 12 52 36.60  78.6100    6.1000  10.0 5.5 5.8 SVALBARD REGION
event name:     C200504021252A
time shift:      4.7000
half duration:   3.0000
latitude:       78.7300
longitude:       5.5100
depth:          13.0000
Mrr:       1.300000e+23
Mtt:      -1.980000e+25
Mpp:       1.970000e+25
Mrt:      -2.060000e+24
Mrp:      -8.300000e+23
Mtp:      -6.050000e+24
