 PDE 2006 11 24 12 31  9.40  -6.0000  150.4800  23.3 5.5 5.9 NEW BRITAIN REGION, P.N.G.
event name:     C200611241231A
time shift:      6.3000
half duration:   2.2000
latitude:       -6.4300
longitude:     150.6200
depth:          31.8000
Mrr:       7.180000e+24
Mtt:      -8.540000e+24
Mpp:       1.360000e+24
Mrt:       5.040000e+24
Mrp:       1.800000e+23
Mtp:      -9.600000e+23
