 PDE 2007  9  1 19 14 22.80  24.9100 -109.6900  10.0 5.5 6.3 GULF OF CALIFORNIA
event name:     C200709011914A
time shift:      3.6000
half duration:   2.8000
latitude:       24.7600
longitude:    -109.8900
depth:          14.9000
Mrr:      -2.490000e+24
Mtt:      -1.380000e+25
Mpp:       1.630000e+25
Mrt:      -2.800000e+24
Mrp:       6.700000e+23
Mtp:      -1.130000e+25
