 PDE 2005  6 27 11 35 45.60  18.7800 -107.3000  20.0 5.8 5.9 OFF COAST OF JALISCO, MEXICO
event name:     C200506271135A
time shift:      0.6000
half duration:   2.9000
latitude:       18.8900
longitude:    -107.3800
depth:          16.0000
Mrr:      -2.330000e+24
Mtt:      -1.180000e+25
Mpp:       1.410000e+25
Mrt:      -2.700000e+24
Mrp:       5.050000e+24
Mtp:      -1.570000e+25
