 PDE 2009  9 18  6 23 53.50  12.6200  120.4300  12.0 6.0 6.0 MINDORO, PHILIPPINES
event name:     C200909180624A
time shift:      2.3000
half duration:   2.3000
latitude:       12.6500
longitude:     120.3800
depth:          12.0000
Mrr:      -1.310000e+24
Mtt:       1.040000e+25
Mpp:      -9.110000e+24
Mrt:      -8.000000e+23
Mrp:      -1.880000e+24
Mtp:      -2.430000e+24
