 PDE 2009  1 27  6 29 13.00 -17.8400 -178.6800 601.0 5.1 5.9 FIJI ISLANDS REGION
event name:     C200901270629A
time shift:      3.0000
half duration:   2.1000
latitude:      -17.8100
longitude:    -178.5100
depth:         612.7000
Mrr:      -1.630000e+24
Mtt:       6.250000e+24
Mpp:      -4.620000e+24
Mrt:       2.240000e+24
Mrp:      -3.100000e+24
Mtp:       3.680000e+24
