 PDE 2008  1  8 19 23 31.80  -3.9100  131.3700   1.6 5.8 5.8 IRIAN JAYA REGION, INDONESIA
event name:     C200801081923A
time shift:      6.7000
half duration:   1.9000
latitude:       -3.6700
longitude:     131.6500
depth:          14.2000
Mrr:       3.770000e+24
Mtt:      -3.660000e+23
Mpp:      -3.410000e+24
Mrt:      -2.070000e+24
Mrp:       4.340000e+24
Mtp:       1.020000e+24
