 PDE 2006  9 30 16 26 56.10 -15.5900  -73.1600 106.6 5.6 6.0 SOUTHERN PERU
event name:     C200609301626A
time shift:      3.7000
half duration:   2.3000
latitude:      -15.7200
longitude:     -73.3400
depth:         120.4000
Mrr:      -5.790000e+24
Mtt:      -5.170000e+24
Mpp:       1.100000e+25
Mrt:       4.000000e+24
Mrp:      -9.500000e+23
Mtp:      -2.110000e+24
