 PDE 2006  9  5  4 53  2.10   7.6800  126.4300 135.2 5.5 5.8 MINDANAO, PHILIPPINES
event name:     C200609050453A
time shift:      1.1000
half duration:   1.9000
latitude:        7.6800
longitude:     126.6200
depth:         120.4000
Mrr:       1.630000e+24
Mtt:       1.660000e+24
Mpp:      -3.290000e+24
Mrt:       1.430000e+24
Mrp:       4.340000e+24
Mtp:       2.390000e+24
