 PDE 2006 10  9 11  8 28.10  20.7100  119.9800  10.0 5.8 5.9 PHILIPPINE ISLANDS REGION
event name:     C200610091108A
time shift:      5.2000
half duration:   2.1000
latitude:       20.7100
longitude:     119.9800
depth:          12.0000
Mrr:      -6.830000e+24
Mtt:       4.400000e+23
Mpp:       6.380000e+24
Mrt:       8.000000e+22
Mrp:      -4.460000e+24
Mtp:      -1.240000e+24
