 PDE 2006  3  6 18 13  8.40 -40.1000   78.4900  10.0 5.5 6.1 MID-INDIAN RIDGE
event name:     C200603061813A
time shift:      4.9000
half duration:   3.0000
latitude:      -40.1700
longitude:      78.3300
depth:          13.0000
Mrr:      -1.840000e+24
Mtt:      -2.300000e+25
Mpp:       2.480000e+25
Mrt:      -1.350000e+24
Mrp:       8.100000e+23
Mtp:      -1.440000e+24
