 PDE 2005  3  6  4 39 59.40 -11.0500  163.0400  10.0 5.6 5.7 SOLOMON ISLANDS
event name:     C200503060439A
time shift:      4.3000
half duration:   2.5000
latitude:      -11.0400
longitude:     163.0600
depth:          13.3000
Mrr:      -4.200000e+23
Mtt:      -2.290000e+24
Mpp:       2.710000e+24
Mrt:      -6.600000e+23
Mrp:      -4.920000e+24
Mtp:       1.240000e+25
