 PDE 2008  9 10 13  8 14.90   8.0900  -38.7200  10.0 6.3 6.6 CENTRAL MID-ATLANTIC RIDGE
event name:     C200809101308A
time shift:      6.7000
half duration:   4.9000
latitude:        8.1800
longitude:     -38.5400
depth:          15.3000
Mrr:       3.400000e+24
Mtt:      -1.210000e+25
Mpp:       8.700000e+24
Mrt:       3.800000e+24
Mrp:       2.550000e+25
Mtp:      -1.010000e+26
