 PDE 2007  2 10  6  3  2.50 -42.9800  -71.5600 157.3 5.0 0.0 SOUTHERN CHILE
event name:     C200702100603A
time shift:      2.6000
half duration:   1.4000
latitude:      -43.2600
longitude:     -72.2600
depth:         162.3000
Mrr:       2.310000e+23
Mtt:       5.170000e+23
Mpp:      -7.480000e+23
Mrt:       1.500000e+22
Mrp:       2.410000e+24
Mtp:      -1.240000e+23
