 PDE 2008  5 29 15 46  0.50  64.0000  -21.0100  10.0 6.0 6.3 ICELAND REGION
event name:     C200805291546A
time shift:      5.7000
half duration:   3.4000
latitude:       63.9200
longitude:     -21.1700
depth:          12.0000
Mrr:      -7.040000e+24
Mtt:       7.100000e+23
Mpp:       6.320000e+24
Mrt:       2.260000e+24
Mrp:      -6.110000e+24
Mtp:       3.290000e+25
