 PDE 2005  3  6  1 39  6.90 -11.0600  163.2100  10.0 5.5 5.7 SOLOMON ISLANDS
event name:     C200503060139A
time shift:      4.6000
half duration:   2.3000
latitude:      -11.0100
longitude:     163.1200
depth:          15.1000
Mrr:       1.020000e+24
Mtt:      -3.670000e+24
Mpp:       2.650000e+24
Mrt:       2.160000e+24
Mrp:      -5.630000e+24
Mtp:       7.560000e+24
