 PDE 2007  1  8 20 52 20.60 -18.5800 -177.8500 406.8 5.6 6.3 FIJI ISLANDS REGION
event name:     C200701082052A
time shift:      5.7000
half duration:   3.3000
latitude:      -18.4600
longitude:    -177.6800
depth:         423.7000
Mrr:       1.480000e+25
Mtt:      -2.520000e+25
Mpp:       1.050000e+25
Mrt:      -9.000000e+24
Mrp:       1.460000e+25
Mtp:      -1.530000e+25
