 PDE 2008  2  5  5 56 47.00  -3.5200  118.0700  13.0 5.7 5.9 SULAWESI, INDONESIA
event name:     C200802050556A
time shift:      5.7000
half duration:   1.9000
latitude:       -3.4400
longitude:     118.1200
depth:          18.8000
Mrr:       4.430000e+24
Mtt:      -3.240000e+24
Mpp:      -1.190000e+24
Mrt:      -1.780000e+24
Mrp:       2.270000e+24
Mtp:      -3.020000e+24
