 PDE 2007  9 14  6  1 32.30  -4.0700  101.1700  23.0 5.9 6.3 SOUTHWEST OF SUMATRA, INDONESIA
event name:     C200709140601A
time shift:      3.7000
half duration:   4.4000
latitude:       -4.4600
longitude:     100.8800
depth:          15.0000
Mrr:       1.180000e+25
Mtt:      -6.160000e+24
Mpp:      -5.600000e+24
Mrt:       3.550000e+25
Mrp:      -2.140000e+25
Mtp:       8.180000e+24
