 PDE 2008  6 12  5 30 43.90 -50.1600 -114.1700  10.0 5.3 5.9 SOUTHERN EAST PACIFIC RISE
event name:     C200806120530A
time shift:      4.1000
half duration:   2.2000
latitude:      -50.0300
longitude:    -114.5000
depth:          15.0000
Mrr:      -5.830000e+23
Mtt:       3.080000e+24
Mpp:      -2.490000e+24
Mrt:       6.500000e+23
Mrp:       1.290000e+24
Mtp:       8.220000e+24
