 PDE 2009  8 17  0  5 49.00  23.5000  123.5000  20.0 6.2 6.7 SOUTHWESTERN RYUKYU ISL., JAPAN
event name:     C200908170005A
time shift:      4.1000
half duration:   5.2000
latitude:       23.2900
longitude:     123.5700
depth:          24.3000
Mrr:      -4.400000e+24
Mtt:       1.170000e+26
Mpp:      -1.130000e+26
Mrt:       3.520000e+25
Mrp:       8.400000e+24
Mtp:       6.600000e+24
