 PDE 2007  4  4  0 39 44.00  -7.1400  156.0500  10.0 5.9 6.0 SOLOMON ISLANDS
event name:     C200704040039A
time shift:      9.3000
half duration:   2.3000
latitude:       -7.3000
longitude:     156.0700
depth:          52.7000
Mrr:       9.560000e+24
Mtt:      -6.270000e+24
Mpp:      -3.290000e+24
Mrt:      -1.750000e+24
Mrp:      -3.200000e+23
Mtp:       5.650000e+24
