 PDE 2007 11 15 15  5 58.30 -22.9200  -70.2400  26.0 6.1 6.8 NEAR COAST OF NORTHERN CHILE
event name:     C200711151506A
time shift:     11.4000
half duration:   6.2000
latitude:      -22.9800
longitude:     -70.9400
depth:          20.7000
Mrr:       1.040000e+26
Mtt:       2.400000e+24
Mpp:      -1.060000e+26
Mrt:       2.660000e+25
Mrp:      -1.710000e+26
Mtp:       8.300000e+24
