 PDE 2005  7 23 20  9  5.40  12.0800  -85.9700 167.9 5.1 0.0 NEAR COAST OF NICARAGUA
event name:     C200507232009A
time shift:      2.7000
half duration:   1.5000
latitude:       11.9400
longitude:     -86.3100
depth:         166.5000
Mrr:       1.840000e+24
Mtt:      -1.010000e+24
Mpp:      -8.350000e+23
Mrt:       1.040000e+24
Mrp:      -2.250000e+24
Mtp:       7.370000e+23
