 PDE 2005  6 14 17 10 16.60  51.2300  179.4100  51.1 6.0 0.0 RAT ISLANDS, ALEUTIAN ISLANDS
event name:     C200506141710A
time shift:      1.3000
half duration:   5.9000
latitude:       51.1500
longitude:     179.5200
depth:          18.0000
Mrr:       1.000000e+26
Mtt:      -1.030000e+26
Mpp:       2.600000e+24
Mrt:       1.200000e+26
Mrp:       7.260000e+25
Mtp:      -3.360000e+25
