 PDE 2009 10 18 23 50 10.50  13.7000  120.6500 155.6 5.3 5.7 MINDORO, PHILIPPINES
event name:     C200910182350A
time shift:      0.5000
half duration:   1.7000
latitude:       13.7100
longitude:     120.6000
depth:         145.9000
Mrr:       2.670000e+24
Mtt:      -3.840000e+23
Mpp:      -2.290000e+24
Mrt:      -4.120000e+23
Mrp:      -2.540000e+24
Mtp:       1.630000e+24
