 PDE 2005 12 20 18 34 37.40 -25.4800  179.4800 527.7 5.1 0.0 SOUTH OF FIJI ISLANDS
event name:     C200512201834A
time shift:      1.5000
half duration:   1.4000
latitude:      -25.5200
longitude:     179.4800
depth:         529.4000
Mrr:       1.530000e+24
Mtt:      -1.160000e+24
Mpp:      -3.700000e+23
Mrt:      -6.500000e+22
Mrp:      -1.360000e+24
Mtp:      -1.320000e+24
