 PDE 2006  3 25  7 28 57.70  27.5700   55.6900  18.0 5.7 5.5 SOUTHERN IRAN
event name:     C200603250728A
time shift:      3.5000
half duration:   2.1000
latitude:       27.4300
longitude:      55.6000
depth:          14.0000
Mrr:       5.590000e+24
Mtt:      -7.130000e+24
Mpp:       1.540000e+24
Mrt:       4.430000e+24
Mrp:      -6.300000e+23
Mtp:       5.800000e+23
