 PDE 2006  3 10 10 12 18.60 -60.4200  -46.5100  10.0 5.6 5.5 SCOTIA SEA
event name:     C200603101012A
time shift:      3.6000
half duration:   1.9000
latitude:      -60.6700
longitude:     -46.6200
depth:          16.0000
Mrr:      -6.040000e+23
Mtt:       4.330000e+23
Mpp:       1.700000e+23
Mrt:       1.620000e+24
Mrp:       1.740000e+24
Mtp:       5.510000e+24
