 PDE 2006  9 28  6 22  9.70 -16.5900 -172.0300  28.0 6.5 6.9 SAMOA ISLANDS REGION
event name:     C200609280622A
time shift:      7.0000
half duration:   6.8000
latitude:      -16.6300
longitude:    -171.6600
depth:          15.5000
Mrr:      -2.540000e+26
Mtt:      -5.500000e+24
Mpp:       2.590000e+26
Mrt:       3.840000e+25
Mrp:       4.090000e+25
Mtp:       6.140000e+25
