 PDE 2005  7  6  6 22 32.50 -35.7900 -102.8100  10.0 5.2 5.1 SOUTHEAST OF EASTER ISLAND
event name:     C200507060622A
time shift:      6.2000
half duration:   2.1000
latitude:      -35.9100
longitude:    -103.1300
depth:          12.0000
Mrr:      -4.930000e+23
Mtt:      -1.460000e+24
Mpp:       1.950000e+24
Mrt:       3.350000e+23
Mrp:      -1.630000e+24
Mtp:      -7.110000e+24
