 PDE 2007  8 16 11 35 30.30 -14.3500  -76.1300  35.0 5.7 6.0 NEAR COAST OF PERU
event name:     C200708161135A
time shift:     12.0000
half duration:   2.3000
latitude:      -14.4400
longitude:     -76.3900
depth:          21.1000
Mrr:       7.260000e+24
Mtt:      -1.470000e+24
Mpp:      -5.790000e+24
Mrt:       2.350000e+24
Mrp:      -7.590000e+24
Mtp:       3.610000e+24
