 PDE 2007 11 27  4 27  0.60  16.0800  119.8500  52.5 5.9 5.9 LUZON, PHILIPPINES
event name:     C200711270427A
time shift:      1.6000
half duration:   2.1000
latitude:       16.2300
longitude:     119.7900
depth:          42.9000
Mrr:       6.830000e+24
Mtt:       6.000000e+23
Mpp:      -7.430000e+24
Mrt:      -1.050000e+24
Mrp:       4.450000e+24
Mtp:      -1.000000e+24
