 PDE 2007  9 13  2 30  3.30  -1.6900   99.6700  28.9 5.9 0.0 SOUTHERN SUMATRA, INDONESIA
event name:     C200709130230A
time shift:      1.5000
half duration:   4.5000
latitude:       -1.9400
longitude:      99.5400
depth:          34.8000
Mrr:       8.450000e+25
Mtt:      -5.920000e+25
Mpp:      -2.530000e+25
Mrt:       2.220000e+25
Mrp:      -2.310000e+25
Mtp:       1.540000e+25
