 PDE 2006  6 11 20  1 26.30  33.1300  131.1400 139.8 5.9 6.3 KYUSHU, JAPAN
event name:     C200606112001A
time shift:      4.8000
half duration:   3.7000
latitude:       33.1500
longitude:     131.3400
depth:         144.5000
Mrr:       2.850000e+25
Mtt:      -8.000000e+23
Mpp:      -2.770000e+25
Mrt:       2.380000e+25
Mrp:       1.560000e+25
Mtp:      -1.340000e+25
