 PDE 2007  7  1 14 34 12.00  -5.9300  130.5600 134.6 5.8 5.9 BANDA SEA
event name:     C200707011434A
time shift:      2.0000
half duration:   2.2000
latitude:       -5.9700
longitude:     130.5500
depth:         142.4000
Mrr:       2.960000e+24
Mtt:      -7.500000e+24
Mpp:       4.540000e+24
Mrt:       3.920000e+24
Mrp:       3.370000e+24
Mtp:       2.210000e+24
