 PDE 2007  3 12  9 59  3.20 -21.0500  169.8300  68.7 5.4 5.8 SOUTHEAST OF LOYALTY ISLANDS
event name:     C200703120959A
time shift:      3.6000
half duration:   1.9000
latitude:      -21.0700
longitude:     169.7300
depth:          61.4000
Mrr:      -2.700000e+24
Mtt:       2.340000e+24
Mpp:       3.650000e+23
Mrt:      -1.090000e+24
Mrp:       3.110000e+24
Mtp:       4.570000e+24
