 PDE 2007 10  1 13 50 24.70  -3.1600  148.2200  10.0 5.4 5.9 BISMARCK SEA
event name:     C200710011350A
time shift:      4.3000
half duration:   2.1000
latitude:       -3.0500
longitude:     148.2900
depth:          12.0000
Mrr:       2.800000e+23
Mtt:       5.540000e+24
Mpp:      -5.820000e+24
Mrt:      -7.200000e+23
Mrp:       3.500000e+23
Mtp:       6.250000e+24
