 PDE 2008 12 21  9 16 44.70  36.5400  142.3200  13.0 5.6 5.9 OFF EAST COAST OF HONSHU, JAPAN
event name:     C200812210916A
time shift:      4.3000
half duration:   2.1000
latitude:       36.6300
longitude:     142.4100
depth:          12.0000
Mrr:      -6.050000e+24
Mtt:      -8.300000e+23
Mpp:       6.880000e+24
Mrt:       2.050000e+24
Mrp:      -3.430000e+24
Mtp:       2.080000e+24
