 PDE 2005  5  3 19 11 39.80 -14.9200  -74.6200  31.4 5.6 5.4 NEAR COAST OF PERU
event name:     C200505031911A
time shift:      5.1000
half duration:   2.1000
latitude:      -15.1100
longitude:     -74.6500
depth:          42.1000
Mrr:      -9.980000e+23
Mtt:       1.980000e+24
Mpp:      -9.820000e+23
Mrt:      -6.250000e+23
Mrp:      -4.470000e+24
Mtp:       6.110000e+24
