 PDE 2005  5 18  9 10 53.70 -56.4100  -26.8600 102.2 5.8 0.0 SOUTH SANDWICH ISLANDS REGION
event name:     C200505180910A
time shift:      4.3000
half duration:   2.4000
latitude:      -56.4300
longitude:     -26.5000
depth:         107.4000
Mrr:       7.900000e+23
Mtt:       8.810000e+24
Mpp:      -9.600000e+24
Mrt:      -3.260000e+24
Mrp:       4.050000e+24
Mtp:       3.810000e+24
