 PDE 2008 12 18 21 19 28.40 -32.4600  -71.7300  18.0 5.8 6.2 OFF COAST OF CENTRAL CHILE
event name:     C200812182119A
time shift:      5.2000
half duration:   2.8000
latitude:      -32.6300
longitude:     -72.1300
depth:          22.5000
Mrr:       1.130000e+25
Mtt:       1.180000e+24
Mpp:      -1.250000e+25
Mrt:       1.330000e+24
Mrp:      -1.540000e+25
Mtp:       6.200000e+23
