 PDE 2007 11 15 17 18 21.20 -23.0000 -175.0000  37.1 5.8 5.8 TONGA ISLANDS REGION
event name:     C200711151718A
time shift:      3.2000
half duration:   1.9000
latitude:      -23.0300
longitude:    -174.3700
depth:          70.3000
Mrr:       1.540000e+24
Mtt:       2.470000e+24
Mpp:      -4.010000e+24
Mrt:       2.350000e+24
Mrp:       3.530000e+24
Mtp:       1.460000e+24
