 PDE 2005  5 19  1 54 52.80   1.9900   97.0400  30.0 6.2 6.9 OFF W COAST OF NORTHERN SUMATRA
event name:     C200505190154A
time shift:      9.8000
half duration:   6.6000
latitude:        1.8800
longitude:      96.7400
depth:          12.0000
Mrr:       5.570000e+25
Mtt:      -4.100000e+25
Mpp:      -1.460000e+25
Mrt:       1.600000e+26
Mrp:      -1.630000e+26
Mtp:       3.190000e+25
