 PDE 2006 10 17  1 25 12.20  -5.8800  150.9800  32.0 6.4 6.9 NEW BRITAIN REGION, P.N.G.
event name:     C200610170125A
time shift:      6.8000
half duration:   5.4000
latitude:       -6.0900
longitude:     151.2600
depth:          31.5000
Mrr:       1.390000e+26
Mtt:      -5.420000e+25
Mpp:      -8.510000e+25
Mrt:      -2.300000e+24
Mrp:      -5.260000e+25
Mtp:      -4.470000e+25
