 PDE 2007 12  6 21 43 47.00  12.2600  125.3900  37.4 5.4 5.9 SAMAR, PHILIPPINES
event name:     C200712062143A
time shift:      2.7000
half duration:   2.2000
latitude:       12.4200
longitude:     125.6000
depth:          20.4000
Mrr:       5.200000e+24
Mtt:       1.600000e+23
Mpp:      -5.360000e+24
Mrt:      -3.500000e+23
Mrp:       6.920000e+24
Mtp:       1.620000e+24
