 PDE 2006  4 30 19 17 17.20 -27.0100  -70.9600  26.7 6.0 6.7 NEAR COAST OF NORTHERN CHILE
event name:     C200604301917A
time shift:      8.2000
half duration:   4.9000
latitude:      -27.1700
longitude:     -71.5200
depth:          15.4000
Mrr:       4.550000e+25
Mtt:       3.300000e+24
Mpp:      -4.880000e+25
Mrt:       9.800000e+24
Mrp:      -8.860000e+25
Mtp:      -2.100000e+24
