 PDE 2007  9 10  1 49 14.20   2.9800  -77.9700  31.0 6.1 6.8 SOUTH OF PANAMA
event name:     C200709100149A
time shift:      6.9000
half duration:   5.8000
latitude:        3.0800
longitude:     -78.1200
depth:          18.9000
Mrr:      -1.130000e+26
Mtt:       8.390000e+25
Mpp:       2.940000e+25
Mrt:       1.010000e+26
Mrp:       5.800000e+25
Mtp:       6.180000e+25
