 PDE 2008  1 15 17 52 15.70 -21.9800 -179.5400 597.6 5.8 6.5 SOUTH OF FIJI ISLANDS
event name:     C200801151752A
time shift:      4.9000
half duration:   4.4000
latitude:      -22.0500
longitude:    -179.3400
depth:         603.3000
Mrr:       9.480000e+24
Mtt:      -2.020000e+25
Mpp:       1.070000e+25
Mrt:      -2.660000e+25
Mrp:      -6.290000e+25
Mtp:      -1.920000e+25
