 PDE 2005  3 26 15 40 34.50  -4.8900  129.9400  10.0 5.8 5.8 BANDA SEA
event name:     C200503261540A
time shift:      6.0000
half duration:   2.9000
latitude:       -4.8600
longitude:     129.8900
depth:          19.4000
Mrr:       3.150000e+24
Mtt:      -2.000000e+25
Mpp:       1.690000e+25
Mrt:       1.830000e+24
Mrp:      -4.000000e+23
Mtp:       9.600000e+24
