 PDE 2007 10 24 21  2 50.50  -3.9000  101.0200  20.0 6.1 6.9 SOUTHWEST OF SUMATRA, INDONESIA
event name:     C200710242102A
time shift:      7.3000
half duration:   8.0000
latitude:       -4.4000
longitude:     100.8100
depth:          20.0000
Mrr:       8.770000e+25
Mtt:      -4.830000e+25
Mpp:      -3.940000e+25
Mrt:       1.770000e+26
Mrp:      -1.130000e+26
Mtp:       4.490000e+25
