 PDE 2005  2  1 10 28 39.80 -20.4000 -175.9800 172.5 5.2 0.0 TONGA ISLANDS
event name:     C200502011028A
time shift:      7.2000
half duration:   1.4000
latitude:      -20.5500
longitude:    -175.4700
depth:         228.7000
Mrr:       7.000000e+21
Mtt:      -4.990000e+23
Mpp:       4.920000e+23
Mrt:       1.140000e+24
Mrp:       1.900000e+24
Mtp:      -4.580000e+23
