 PDE 2007  2 13 14 56 43.50  -1.4200  -77.7800 174.8 5.2 5.2 ECUADOR
event name:     C200702131456A
time shift:      2.4000
half duration:   1.5000
latitude:       -1.6000
longitude:     -78.0500
depth:         175.8000
Mrr:      -1.930000e+24
Mtt:       5.710000e+23
Mpp:       1.360000e+24
Mrt:       9.980000e+23
Mrp:      -1.480000e+24
Mtp:      -1.410000e+24
