 PDE 2008 12 29  3 37 41.80  36.4000   71.0700 157.8 5.9 5.8 HINDU KUSH REGION, AFGHANISTAN
event name:     C200812290337A
time shift:      1.3000
half duration:   2.0000
latitude:       36.4800
longitude:      70.9100
depth:         154.7000
Mrr:       5.520000e+24
Mtt:      -5.840000e+24
Mpp:       3.210000e+23
Mrt:      -3.450000e+24
Mrp:      -3.090000e+23
Mtp:      -1.020000e+23
