 PDE 2005 12 11 14 20 43.80  -6.5700  152.2000  10.0 6.2 6.2 NEW BRITAIN REGION, P.N.G.
event name:     C200512111420A
time shift:      8.4000
half duration:   4.8000
latitude:       -6.7300
longitude:     152.3600
depth:          12.0000
Mrr:      -1.020000e+26
Mtt:       8.760000e+25
Mpp:       1.480000e+25
Mrt:       7.500000e+24
Mrp:      -1.480000e+25
Mtp:       1.570000e+25
