 PDE 2009  3  5 19 33 14.90 -17.5100 -179.0600 532.2 5.4 5.9 FIJI ISLANDS REGION
event name:     C200903051933A
time shift:      3.6000
half duration:   2.1000
latitude:      -17.4600
longitude:    -178.9000
depth:         553.3000
Mrr:       1.210000e+24
Mtt:       4.640000e+24
Mpp:      -5.850000e+24
Mrt:       4.010000e+24
Mrp:      -6.130000e+23
Mtp:       4.840000e+24
