 PDE 2007  4  3  3 35  7.30  36.4500   70.6900 222.1 5.7 6.2 HINDU KUSH REGION, AFGHANISTAN
event name:     C200704030335A
time shift:      3.5000
half duration:   3.2000
latitude:       36.5300
longitude:      70.6200
depth:         223.2000
Mrr:       1.710000e+25
Mtt:       4.770000e+24
Mpp:      -2.190000e+25
Mrt:       1.390000e+25
Mrp:      -1.660000e+25
Mtp:      -1.870000e+24
