 PDE 2006 11 12 18 21 26.10  -6.2200  151.0500  12.0 6.0 6.2 NEW BRITAIN REGION, P.N.G.
event name:     C200611121821A
time shift:      5.0000
half duration:   3.1000
latitude:       -6.4000
longitude:     151.2600
depth:          20.2000
Mrr:       1.740000e+25
Mtt:       9.280000e+24
Mpp:      -2.660000e+25
Mrt:       6.830000e+24
Mrp:       1.980000e+24
Mtp:       7.020000e+24
