 PDE 2008 10 30 15 15 41.10  -9.0200 -108.2500  10.0 5.5 6.0 CENTRAL EAST PACIFIC RISE
event name:     C200810301515A
time shift:      5.3000
half duration:   2.6000
latitude:       -9.0800
longitude:    -108.3000
depth:          18.1000
Mrr:       4.500000e+23
Mtt:      -9.800000e+23
Mpp:       5.300000e+23
Mrt:      -1.350000e+24
Mrp:      -1.800000e+23
Mtp:       1.500000e+25
