 PDE 2008 11  5  3 41 43.20 -17.3200 -174.3600 187.6 5.1 5.7 TONGA ISLANDS
event name:     C200811050341A
time shift:      2.8000
half duration:   1.8000
latitude:      -17.2200
longitude:    -174.0600
depth:         185.6000
Mrr:      -5.270000e+23
Mtt:       3.890000e+24
Mpp:      -3.370000e+24
Mrt:       2.010000e+24
Mrp:       1.980000e+24
Mtp:      -7.670000e+23
