 PDE 2009 12 17 20  1 21.60  51.4000  179.9600  35.0 6.2 5.8 ANDREANOF ISLANDS, ALEUTIAN IS.
event name:     C200912172001A
time shift:      2.8000
half duration:   2.0000
latitude:       51.2800
longitude:    -179.8700
depth:          44.5000
Mrr:       5.390000e+24
Mtt:      -4.890000e+24
Mpp:      -4.960000e+23
Mrt:       2.580000e+24
Mrp:       2.190000e+24
Mtp:      -2.360000e+24
