 PDE 2009  8 15 23 30 19.30 -19.8300 -178.2400 608.4 5.2 5.6 FIJI ISLANDS REGION
event name:     C200908152330A
time shift:      1.1000
half duration:   1.5000
latitude:      -19.8300
longitude:    -178.1700
depth:         608.4000
Mrr:      -9.850000e+23
Mtt:       8.400000e+23
Mpp:       1.440000e+23
Mrt:      -1.940000e+24
Mrp:      -1.910000e+24
Mtp:       2.130000e+23
