 PDE 2007  9 26  4 43 17.60  -3.9200  -79.2100  99.8 6.1 5.9 PERU-ECUADOR BORDER REGION
event name:     C200709260443A
time shift:      2.2000
half duration:   2.2000
latitude:       -4.0600
longitude:     -79.4300
depth:         106.0000
Mrr:      -6.480000e+24
Mtt:      -2.910000e+24
Mpp:       9.390000e+24
Mrt:      -3.480000e+24
Mrp:       1.550000e+24
Mtp:      -3.350000e+24
