 PDE 2008 12 11 21 40 52.30   0.0600  123.4300 133.2 6.1 5.9 MINAHASSA PENINSULA, SULAWESI
event name:     C200812112140A
time shift:      1.7000
half duration:   2.2000
latitude:        0.0000
longitude:     123.6400
depth:         134.9000
Mrr:       3.330000e+24
Mtt:      -3.110000e+24
Mpp:      -2.210000e+23
Mrt:       8.230000e+24
Mrp:       1.050000e+24
Mtp:       2.120000e+24
