 PDE 2009  9  5  3 58 39.50 -15.1200  -70.2500 210.2 5.2 5.8 SOUTHERN PERU
event name:     C200909050358A
time shift:      2.1000
half duration:   1.9000
latitude:      -15.4600
longitude:     -70.6800
depth:         209.8000
Mrr:      -3.000000e+24
Mtt:       3.720000e+24
Mpp:      -7.190000e+23
Mrt:       3.400000e+24
Mrp:      -2.870000e+24
Mtp:      -7.390000e+23
