 PDE 2007  6 24  0 25 18.40 -55.6500   -2.6300  10.0 5.7 6.5 BOUVET ISLAND REGION
event name:     C200706240025A
time shift:     10.2000
half duration:   4.3000
latitude:      -55.7800
longitude:      -1.7200
depth:          15.0000
Mrr:      -4.560000e+24
Mtt:      -1.560000e+25
Mpp:       2.020000e+25
Mrt:       2.310000e+25
Mrp:      -1.710000e+25
Mtp:       5.820000e+25
