 PDE 2005  3 30 16 19 41.10   2.9900   95.4100  22.0 5.9 6.2 OFF W COAST OF NORTHERN SUMATRA
event name:     C200503301619A
time shift:      3.5000
half duration:   3.7000
latitude:        2.6700
longitude:      95.2100
depth:          24.0000
Mrr:       1.250000e+25
Mtt:      -8.050000e+24
Mpp:      -4.480000e+24
Mrt:       1.740000e+25
Mrp:      -1.910000e+25
Mtp:       8.190000e+24
