 PDE 2007 11 25  2 51 57.20  -2.8100  101.1600  55.9 5.9 5.9 SOUTHERN SUMATRA, INDONESIA
event name:     C200711250251A
time shift:      2.9000
half duration:   2.1000
latitude:       -3.0900
longitude:     100.8100
depth:          50.3000
Mrr:       5.970000e+24
Mtt:      -3.280000e+24
Mpp:      -2.690000e+24
Mrt:       3.810000e+24
Mrp:      -2.330000e+24
Mtp:       3.870000e+24
