 PDE 2008  4 16 19 19 36.30  39.0300  140.0100 166.0 5.6 5.8 EASTERN HONSHU, JAPAN
event name:     C200804161919A
time shift:      2.2000
half duration:   1.9000
latitude:       39.0800
longitude:     140.1800
depth:         169.9000
Mrr:      -1.010000e+23
Mtt:       9.530000e+23
Mpp:      -8.520000e+23
Mrt:       1.990000e+24
Mrp:       5.730000e+24
Mtp:       1.740000e+24
