 PDE 2008  4 12  0 30 12.60 -55.6600  158.4500  16.0 6.8 7.1 MACQUARIE ISLAND REGION
event name:     C200804120030A
time shift:      8.6000
half duration:   8.6000
latitude:      -55.5600
longitude:     158.4900
depth:          22.0000
Mrr:       5.420000e+26
Mtt:       1.000000e+23
Mpp:      -5.420000e+26
Mrt:       8.600000e+25
Mrp:      -3.610000e+25
Mtp:       4.930000e+25
