 PDE 2005  8  7 11 35 26.10 -14.4500 -177.2900  10.0 5.7 5.9 FIJI ISLANDS REGION
event name:     C200508071135A
time shift:      5.0000
half duration:   2.3000
latitude:      -14.2600
longitude:    -177.1000
depth:          12.0000
Mrr:      -6.300000e+23
Mtt:       1.740000e+24
Mpp:      -1.110000e+24
Mrt:      -5.200000e+23
Mrp:      -6.800000e+23
Mtp:       1.010000e+25
