 PDE 2006  6 27  2 39 35.30  52.2100  176.1800  33.6 5.6 6.2 RAT ISLANDS, ALEUTIAN ISLANDS
event name:     C200606270239A
time shift:      4.0000
half duration:   3.2000
latitude:       52.1900
longitude:     176.1800
depth:          18.2000
Mrr:      -9.900000e+23
Mtt:      -2.280000e+25
Mpp:       2.380000e+25
Mrt:       4.100000e+23
Mrp:      -7.210000e+24
Mtp:      -1.360000e+25
