 PDE 2007  9 20  8 31 14.50  -2.0000  100.1400  30.0 6.3 6.8 SOUTHERN SUMATRA, INDONESIA
event name:     C200709200831A
time shift:     10.3000
half duration:   5.4000
latitude:       -2.2400
longitude:      99.8500
depth:          32.3000
Mrr:       7.890000e+25
Mtt:      -5.160000e+25
Mpp:      -2.730000e+25
Mrt:       8.860000e+25
Mrp:      -5.580000e+25
Mtp:       4.690000e+25
