 PDE 2008  2  1 12 10  6.40 -21.5000 -179.3500 604.2 5.6 6.0 FIJI ISLANDS REGION
event name:     C200802011210A
time shift:      4.4000
half duration:   2.4000
latitude:      -21.5300
longitude:    -179.2700
depth:         629.5000
Mrr:       4.600000e+23
Mtt:      -1.070000e+24
Mpp:       6.100000e+23
Mrt:      -9.910000e+24
Mrp:      -7.830000e+24
Mtp:      -1.500000e+23
