 PDE 2009 10  7 22 50 15.80 -12.3900  166.0900  21.0 5.8 0.0 SANTA CRUZ ISLANDS
event name:     C200910072250A
time shift:     11.2000
half duration:   6.1000
latitude:      -12.5900
longitude:     165.8900
depth:          17.8000
Mrr:       1.720000e+26
Mtt:      -2.650000e+25
Mpp:      -1.460000e+26
Mrt:       2.520000e+25
Mrp:      -1.130000e+26
Mtp:       3.460000e+25
