 PDE 2006  7 16 11 42 41.40 -28.7200  -72.5400  10.0 5.9 6.2 OFF COAST OF CENTRAL CHILE
event name:     C200607161142A
time shift:      4.4000
half duration:   3.0000
latitude:      -28.7100
longitude:     -72.8400
depth:          12.0000
Mrr:      -2.000000e+25
Mtt:      -6.040000e+24
Mpp:       2.600000e+25
Mrt:       3.620000e+24
Mrp:      -1.000000e+23
Mtp:       6.390000e+24
