 PDE 2006 10 23 21 17 20.00  29.3500  140.2700  11.0 6.1 6.4 SOUTHEAST OF HONSHU, JAPAN
event name:     C200610232117A
time shift:      4.5000
half duration:   3.7000
latitude:       29.3400
longitude:     140.3800
depth:          12.0000
Mrr:      -3.890000e+25
Mtt:       1.220000e+25
Mpp:       2.670000e+25
Mrt:       5.140000e+24
Mrp:       1.940000e+25
Mtp:      -1.960000e+25
