 PDE 2005  2  5 17 35 46.90   8.1100   94.1800  30.0 5.5 5.8 NICOBAR ISLANDS, INDIA REGION
event name:     C200502051735A
time shift:      0.2000
half duration:   2.2000
latitude:        8.0800
longitude:      94.2700
depth:          15.0000
Mrr:      -1.140000e+24
Mtt:       1.270000e+24
Mpp:      -1.250000e+23
Mrt:       8.580000e+23
Mrp:       6.900000e+23
Mtp:       8.720000e+24
