 PDE 2008  8  8  6 37 41.90  -3.9400  101.0800  23.0 5.5 5.8 SOUTHWEST OF SUMATRA, INDONESIA
event name:     C200808080637A
time shift:      1.5000
half duration:   1.9000
latitude:       -4.2900
longitude:     100.7500
depth:          16.0000
Mrr:       1.780000e+24
Mtt:      -9.340000e+23
Mpp:      -8.510000e+23
Mrt:       5.130000e+24
Mrp:      -3.360000e+24
Mtp:       9.680000e+23
