 PDE 2009  8 13  9 37 35.30   7.9500  -85.6300  10.0 5.3 5.8 OFF COAST OF COSTA RICA
event name:     C200908130937A
time shift:      3.6000
half duration:   2.0000
latitude:        7.8400
longitude:     -85.8300
depth:          26.6000
Mrr:       8.000000e+22
Mtt:       2.270000e+24
Mpp:      -2.350000e+24
Mrt:       1.420000e+23
Mrp:      -1.180000e+24
Mtp:       5.990000e+24
