 PDE 2007  4  2  2 49 35.90 -45.3800  -73.0600   4.9 5.5 5.4 SOUTHERN CHILE
event name:     C200704020249A
time shift:      6.6000
half duration:   2.9000
latitude:      -45.4100
longitude:     -73.0400
depth:          30.4000
Mrr:      -1.590000e+25
Mtt:       1.140000e+25
Mpp:       4.500000e+24
Mrt:       1.150000e+24
Mrp:       1.320000e+24
Mtp:       1.710000e+25
