 PDE 2005 12  7 23 32 51.50 -30.0100 -177.6400  21.0 6.0 6.4 KERMADEC ISLANDS, NEW ZEALAND
event name:     C200512072332A
time shift:      5.3000
half duration:   3.8000
latitude:      -29.9900
longitude:    -177.1200
depth:          20.0000
Mrr:       3.230000e+25
Mtt:       8.200000e+23
Mpp:      -3.320000e+25
Mrt:       1.260000e+25
Mrp:       3.400000e+25
Mtp:      -9.670000e+24
