 PDE 2010  2  4 20 20 22.00  40.4100 -124.9600  23.6 6.0 5.9 OFF COAST OF NORTHERN CALIFORNIA
event name:     C201002042020A
time shift:      2.1000
half duration:   2.2000
latitude:       40.3700
longitude:    -125.0800
depth:          18.5000
Mrr:      -4.300000e+23
Mtt:      -8.210000e+24
Mpp:       8.630000e+24
Mrt:       1.590000e+24
Mrp:      -1.100000e+23
Mtp:      -3.100000e+24
