 PDE 2014  2  3 22 36 37.10  -7.1900  128.1700   7.1 0.0 5.8 BANDA SEA
event name:     C201402032236A
time shift:      5.3000
half duration:   2.1000
latitude:       -7.1200
longitude:     128.2000
depth:          12.0000
Mrr:       6.840000e+24
Mtt:      -7.490000e+24
Mpp:       6.500000e+23
Mrt:      -3.040000e+24
Mrp:      -9.200000e+23
Mtp:      -1.170000e+24
