 PDE 2010  5 20  8  6 28.80 -39.0700  -92.1500  10.0 5.5 5.9 SOUTHEAST OF EASTER ISLAND
event name:     C201005200806A
time shift:      2.0000
half duration:   2.2000
latitude:      -39.0400
longitude:     -92.3300
depth:          12.0000
Mrr:      -1.810000e+24
Mtt:       1.630000e+24
Mpp:       1.790000e+23
Mrt:       6.000000e+21
Mrp:      -1.420000e+24
Mtp:      -9.100000e+24
