 PDE 2011  8  2 19 18 46.80 -23.9800  179.0100 528.9 5.4 5.8 SOUTH OF FIJI ISLANDS
event name:     C201108021918A
time shift:      3.9000
half duration:   1.8000
latitude:      -23.9600
longitude:     179.1600
depth:         546.4000
Mrr:      -4.720000e+24
Mtt:       3.270000e+24
Mpp:       1.450000e+24
Mrt:       1.160000e+24
Mrp:      -1.820000e+23
Mtp:      -2.490000e+24
