 PDE 2013  9 21  1 39 14.80  -7.2600  119.9600 536.8 0.0 6.1 FLORES SEA
event name:     C201309210139A
time shift:      1.8000
half duration:   2.6000
latitude:       -7.3200
longitude:     119.9200
depth:         550.7000
Mrr:      -9.970000e+24
Mtt:       1.340000e+25
Mpp:      -3.410000e+24
Mrt:       5.290000e+24
Mrp:       8.170000e+24
Mtp:       9.000000e+23
