 PDE 2011  6  5 16 35  4.30 -15.1100 -177.8900  12.6 5.5 5.9 FIJI ISLANDS REGION
event name:     C201106051635A
time shift:      6.4000
half duration:   2.3000
latitude:      -14.9600
longitude:    -177.8400
depth:          15.0000
Mrr:      -4.500000e+23
Mtt:      -1.800000e+24
Mpp:       2.240000e+24
Mrt:      -2.700000e+23
Mrp:      -1.040000e+24
Mtp:       9.690000e+24
