 PDE 2010 10  9  1 54  4.60  10.2100  -84.2900  91.0 5.5 5.8 COSTA RICA
event name:     C201010090154A
time shift:      4.8000
half duration:   2.0000
latitude:       10.2100
longitude:     -84.2800
depth:          95.8000
Mrr:       4.370000e+23
Mtt:       1.220000e+24
Mpp:      -1.650000e+24
Mrt:       6.310000e+24
Mrp:      -1.340000e+24
Mtp:       1.100000e+24
