 PDE 2010  6 28 18 19  7.70  -8.9500  160.8600  35.0 5.4 5.8 SOLOMON ISLANDS
event name:     C201006281819A
time shift:      0.5000
half duration:   1.9000
latitude:       -8.7500
longitude:     161.2400
depth:          25.7000
Mrr:       3.370000e+24
Mtt:      -1.530000e+24
Mpp:      -1.840000e+24
Mrt:      -3.270000e+24
Mrp:       3.160000e+24
Mtp:       1.930000e+24
