 PDE 2013  2  7 19 48 18.20 -10.8500  165.7900  10.0 5.5 5.8 SANTA CRUZ ISLANDS
event name:     C201302071948A
time shift:      6.7000
half duration:   1.9000
latitude:      -10.9300
longitude:     165.7100
depth:          15.0000
Mrr:      -1.420000e+24
Mtt:       1.980000e+24
Mpp:      -5.570000e+23
Mrt:      -3.520000e+24
Mrp:       2.260000e+24
Mtp:      -5.260000e+24
