 PDE 2012  5 19  8 35 10.70 -25.7300  -70.5600  28.0 5.7 5.9 OFF COAST OF NORTHERN CHILE
event name:     C201205190835A
time shift:      4.6000
half duration:   2.1000
latitude:      -25.8400
longitude:     -71.1400
depth:          32.6000
Mrr:       6.880000e+24
Mtt:       7.400000e+23
Mpp:      -7.610000e+24
Mrt:       3.300000e+24
Mrp:      -1.610000e+24
Mtp:      -3.200000e+23
