 PDE 2014  3 18 21 26 45.40 -19.9300  -70.8000   3.3 0.0 5.8 OFF COAST OF NORTHERN CHILE
event name:     C201403182126A
time shift:      8.1000
half duration:   2.0000
latitude:      -20.0100
longitude:     -71.0200
depth:          13.6000
Mrr:       3.780000e+24
Mtt:       4.600000e+22
Mpp:      -3.830000e+24
Mrt:      -1.030000e+23
Mrp:      -5.870000e+24
Mtp:      -5.190000e+23
