 PDE 2012  3 14 12  5  4.50  35.6900  140.7000  10.0 5.7 6.0 NEAR EAST COAST OF HONSHU, JAPAN
event name:     C201203141205A
time shift:      4.1000
half duration:   2.4000
latitude:       35.8300
longitude:     140.8900
depth:          22.7000
Mrr:      -1.170000e+25
Mtt:       2.040000e+24
Mpp:       9.700000e+24
Mrt:       4.570000e+24
Mrp:       3.600000e+23
Mtp:       2.270000e+24
