 PDE 2012  3 16  7 58  2.50  10.0400  125.6300  18.0 5.8 5.8 MINDANAO, PHILIPPINES
event name:     C201203160758A
time shift:      2.1000
half duration:   2.0000
latitude:        9.9700
longitude:     125.5600
depth:          20.7000
Mrr:      -5.720000e+24
Mtt:       6.000000e+24
Mpp:      -2.810000e+23
Mrt:       3.800000e+23
Mrp:       5.600000e+23
Mtp:       3.880000e+24
