 PDE 2010  1 28  8  4 14.20 -23.3600  -66.7100 208.4 5.8 5.9 JUJUY PROVINCE, ARGENTINA
event name:     C201001280804A
time shift:      2.7000
half duration:   2.1000
latitude:      -23.6400
longitude:     -66.9600
depth:         204.5000
Mrr:      -3.310000e+24
Mtt:      -1.940000e+24
Mpp:       5.250000e+24
Mrt:       4.240000e+24
Mrp:      -5.630000e+24
Mtp:      -1.320000e+24
