 PDE 2014  9 25  9 13 50.00  -9.4600  156.4100   4.0 0.0 6.1 SOLOMON ISLANDS
event name:     C201409250913A
time shift:      4.0000
half duration:   2.6000
latitude:       -9.4600
longitude:     156.3500
depth:          15.3000
Mrr:      -7.800000e+23
Mtt:       1.160000e+24
Mpp:      -3.800000e+23
Mrt:       1.890000e+24
Mrp:      -6.400000e+23
Mtp:       1.560000e+25
