 PDE 2010  7 14  8 32 21.50 -38.0700  -73.3100  22.0 5.9 6.6 NEAR COAST OF CENTRAL CHILE
event name:     C201007140832A
time shift:      6.1000
half duration:   5.0000
latitude:      -38.3500
longitude:     -73.8900
depth:          15.3000
Mrr:       3.150000e+25
Mtt:       1.100000e+24
Mpp:      -3.260000e+25
Mrt:       5.000000e+23
Mrp:      -1.030000e+26
Mtp:      -2.000000e+24
