 PDE 2011  4  7 20 41 51.50  17.1100  -85.0800   7.0 5.3 5.9 NORTH OF HONDURAS
event name:     C201104072041A
time shift:      6.5000
half duration:   2.1000
latitude:       17.2200
longitude:     -85.1700
depth:          15.0000
Mrr:       3.530000e+23
Mtt:      -4.190000e+24
Mpp:       3.830000e+24
Mrt:      -6.130000e+23
Mrp:       3.390000e+24
Mtp:       5.930000e+24
