 PDE 2011  3 24 13 55 11.90  20.6900   99.8400   8.0 6.4 7.1 LAOS
event name:     C201103241355A
time shift:      5.7000
half duration:   6.4000
latitude:       20.6200
longitude:     100.0200
depth:          13.2000
Mrr:       1.120000e+25
Mtt:      -1.500000e+26
Mpp:       1.390000e+26
Mrt:       3.370000e+25
Mrp:       3.190000e+25
Mtp:       1.670000e+26
