 PDE 2014  3 19 16  0 23.20 -27.8800 -177.1300  30.7 0.0 5.8 KERMADEC ISLANDS REGION
event name:     C201403191600A
time shift:      4.3000
half duration:   1.9000
latitude:      -27.9800
longitude:    -176.6900
depth:          36.6000
Mrr:       2.630000e+24
Mtt:       1.220000e+24
Mpp:      -3.850000e+24
Mrt:      -1.280000e+24
Mrp:       4.500000e+24
Mtp:      -3.800000e+22
