 PDE 2013 12 28 15 21  4.00  36.0400   31.3100  39.3 0.0 5.9 EASTERN MEDITERRANEAN SEA
event name:     C201312281521A
time shift:      2.6000
half duration:   2.2000
latitude:       35.8200
longitude:      30.9700
depth:          52.6000
Mrr:       7.500000e+24
Mtt:      -2.900000e+24
Mpp:      -4.600000e+24
Mrt:       3.610000e+24
Mrp:      -3.620000e+24
Mtp:       5.460000e+24
