 PDE 2010 12  1  0 50 21.70   2.6900   99.0400 159.6 5.4 5.5 NORTHERN SUMATRA, INDONESIA
event name:     C201012010050A
time shift:      1.7000
half duration:   1.5000
latitude:        2.7000
longitude:      98.8600
depth:         164.4000
Mrr:      -9.200000e+22
Mtt:      -2.340000e+23
Mpp:       3.250000e+23
Mrt:       1.160000e+24
Mrp:      -2.400000e+24
Mtp:       9.300000e+22
