 PDE 2010  2 28  1  8 23.20 -34.1600  -71.9500  31.9 5.5 5.9 NEAR COAST OF CENTRAL CHILE
event name:     C201002280108A
time shift:      4.9000
half duration:   2.2000
latitude:      -34.2500
longitude:     -72.4600
depth:          31.5000
Mrr:       7.360000e+24
Mtt:      -5.700000e+23
Mpp:      -6.790000e+24
Mrt:      -6.500000e+23
Mrp:      -6.530000e+24
Mtp:      -1.170000e+24
