 PDE 2011  7 11  7 15 43.80 -29.4900 -176.5800  11.0 5.5 6.1 KERMADEC ISLANDS REGION
event name:     C201107110715A
time shift:      6.9000
half duration:   2.2000
latitude:      -29.1400
longitude:    -176.2400
depth:          12.0000
Mrr:       6.360000e+24
Mtt:       2.200000e+23
Mpp:      -6.580000e+24
Mrt:       1.240000e+24
Mrp:       6.790000e+24
Mtp:      -1.520000e+24
