 PDE 2010 12 17 13 22 45.40  -6.4800  130.0000 154.9 5.4 5.5 BANDA SEA
event name:     C201012171322A
time shift:      4.1000
half duration:   1.3000
latitude:       -6.5100
longitude:     130.1600
depth:         170.1000
Mrr:      -8.410000e+23
Mtt:      -4.080000e+23
Mpp:       1.250000e+24
Mrt:       7.010000e+23
Mrp:       1.470000e+24
Mtp:      -4.070000e+23
