 PDE 2013  2 18 12 19 18.10 -30.7700 -178.1200  35.0 5.8 5.9 KERMADEC ISLANDS, NEW ZEALAND
event name:     C201302181219A
time shift:      4.9000
half duration:   2.0000
latitude:      -30.6600
longitude:    -177.8800
depth:          50.5000
Mrr:       6.240000e+24
Mtt:      -7.390000e+23
Mpp:      -5.500000e+24
Mrt:       6.910000e+23
Mrp:       1.560000e+24
Mtp:      -2.230000e+24
