 PDE 2014  4 17  4 38 17.70   4.5200  122.9300 572.9 0.0 5.8 CELEBES SEA
event name:     C201404170438A
time shift:      2.3000
half duration:   1.8000
latitude:        4.5500
longitude:     122.8200
depth:         575.0000
Mrr:      -1.290000e+24
Mtt:       1.190000e+24
Mpp:       9.400000e+22
Mrt:      -1.970000e+24
Mrp:      -4.740000e+24
Mtp:       1.340000e+24
