 PDE 2010 12  5 21 44 35.90 -36.3000 -101.0200  12.5 0.0 5.9 SOUTHEAST OF EASTER ISLAND
event name:     C201012052144A
time shift:      1.4000
half duration:   2.2000
latitude:      -36.2200
longitude:    -101.0800
depth:          18.6000
Mrr:      -9.790000e+23
Mtt:      -8.950000e+23
Mpp:       1.870000e+24
Mrt:       8.630000e+23
Mrp:      -4.310000e+23
Mtp:      -9.640000e+24
