 PDE 2011  6  8  3  6 22.60 -17.0800  -69.5200 145.7 5.8 5.9 PERU-BOLIVIA BORDER REGION
event name:     C201106080306A
time shift:      1.8000
half duration:   2.3000
latitude:      -17.3700
longitude:     -69.8400
depth:         150.4000
Mrr:      -4.030000e+24
Mtt:      -3.180000e+24
Mpp:       7.220000e+24
Mrt:       5.620000e+24
Mrp:      -5.450000e+24
Mtp:      -1.240000e+24
