 PDE 2014 12 24  1 58  1.70 -56.4000  147.3400   4.0 0.0 5.9 WEST OF MACQUARIE ISLAND
event name:     C201412240158A
time shift:      5.4000
half duration:   2.2000
latitude:      -56.4600
longitude:     147.1000
depth:          12.0000
Mrr:      -7.400000e+23
Mtt:       4.850000e+24
Mpp:      -4.110000e+24
Mrt:      -5.600000e+23
Mrp:      -4.400000e+23
Mtp:      -8.590000e+24
