 PDE 2011  4  5  4 10  7.20 -17.6600 -178.6000 552.4 5.0 5.8 FIJI ISLANDS REGION
event name:     C201104050410A
time shift:      4.2000
half duration:   1.7000
latitude:      -17.6800
longitude:    -178.3900
depth:         567.9000
Mrr:       5.740000e+23
Mtt:      -2.230000e+23
Mpp:      -3.510000e+23
Mrt:      -5.230000e+23
Mrp:      -4.210000e+24
Mtp:       3.120000e+23
