 PDE 2011  1 15  6  9 10.30 -14.5900  167.2900 198.5 5.4 5.8 VANUATU ISLANDS
event name:     C201101150609A
time shift:      0.0000
half duration:   2.0000
latitude:      -14.6700
longitude:     167.1700
depth:         169.3000
Mrr:       4.890000e+24
Mtt:       1.000000e+21
Mpp:      -4.890000e+24
Mrt:      -3.430000e+24
Mrp:      -5.960000e+23
Mtp:       3.770000e+24
