 PDE 2012  9  3  6 49 49.70   6.6100  123.8800  12.0 5.7 5.8 MINDANAO, PHILIPPINES
event name:     C201209030649A
time shift:      3.2000
half duration:   2.1000
latitude:        6.6800
longitude:     123.7600
depth:          12.4000
Mrr:       4.960000e+24
Mtt:       2.090000e+23
Mpp:      -5.170000e+24
Mrt:      -1.110000e+24
Mrp:      -6.160000e+24
Mtp:      -2.940000e+23
