 PDE 2011 11  2 14 59 27.90 -55.2900 -128.8400  10.0 5.5 6.2 PACIFIC-ANTARCTIC RIDGE
event name:     C201111021459A
time shift:      4.5000
half duration:   3.0000
latitude:      -55.3400
longitude:    -129.0800
depth:          15.0000
Mrr:      -2.450000e+24
Mtt:       1.450000e+25
Mpp:      -1.200000e+25
Mrt:      -3.270000e+24
Mrp:       3.000000e+23
Mtp:       1.760000e+25
