 PDE 2010  1  4 11 28 20.30  -8.3800  157.0900  15.0 5.9 5.8 SOLOMON ISLANDS
event name:     C201001041128A
time shift:      4.2000
half duration:   2.0000
latitude:       -8.6200
longitude:     157.2300
depth:          12.6000
Mrr:       4.810000e+24
Mtt:      -3.120000e+24
Mpp:      -1.680000e+24
Mrt:       4.070000e+24
Mrp:      -1.190000e+24
Mtp:       3.010000e+24
