 PDE 2014 11 24 21  2 19.50  -5.9600  154.9600 170.0 0.0 5.6 SOLOMON ISLANDS
event name:     C201411242102A
time shift:      2.7000
half duration:   1.7000
latitude:       -6.0400
longitude:     154.9800
depth:         178.9000
Mrr:       9.070000e+23
Mtt:      -1.570000e+24
Mpp:       6.600000e+23
Mrt:      -1.960000e+24
Mrp:      -3.100000e+24
Mtp:      -1.080000e+24
