 PDE 2010  6 13  3 32 57.20  37.3700  141.6200  27.0 6.3 5.9 NEAR EAST COAST OF HONSHU, JAPAN
event name:     C201006130332A
time shift:      3.2000
half duration:   2.3000
latitude:       37.4200
longitude:     141.7600
depth:          33.2000
Mrr:       8.800000e+24
Mtt:      -9.750000e+24
Mpp:       9.500000e+23
Mrt:       2.200000e+23
Mrp:      -2.960000e+24
Mtp:      -1.610000e+24
