 PDE 2014  8 28 19 14 35.60  32.0900  132.0900  20.0 0.0 5.8 SHIKOKU, JAPAN
event name:     C201408281914A
time shift:      2.8000
half duration:   2.1000
latitude:       32.0700
longitude:     132.1100
depth:          27.6000
Mrr:       5.190000e+24
Mtt:      -2.020000e+24
Mpp:      -3.170000e+24
Mrt:       2.940000e+24
Mrp:       5.410000e+24
Mtp:      -3.190000e+24
