 PDE 2011  8 22 11 23 35.30  36.0800  141.7000  12.0 5.5 6.0 NEAR EAST COAST OF HONSHU, JAPAN
event name:     C201108221123A
time shift:      3.7000
half duration:   2.2000
latitude:       36.0100
longitude:     141.9900
depth:          18.1000
Mrr:       5.540000e+24
Mtt:      -9.800000e+23
Mpp:      -4.560000e+24
Mrt:       3.220000e+24
Mrp:       6.870000e+24
Mtp:      -2.240000e+24
