 PDE 2010  5 19 10 51  3.10 -54.8400 -135.4000  10.0 5.4 6.0 PACIFIC-ANTARCTIC RIDGE
event name:     C201005191051A
time shift:      5.6000
half duration:   2.5000
latitude:      -54.7100
longitude:    -135.5400
depth:          15.4000
Mrr:      -8.300000e+23
Mtt:       9.200000e+24
Mpp:      -8.370000e+24
Mrt:       1.100000e+24
Mrp:       1.560000e+24
Mtp:       8.700000e+24
