 PDE 2013  4 17 12  3 31.80  38.4700  141.6300  50.5 5.7 6.0 NEAR EAST COAST OF HONSHU, JAPAN
event name:     C201304171203A
time shift:      2.9000
half duration:   2.2000
latitude:       38.5100
longitude:     141.7000
depth:          55.9000
Mrr:       7.690000e+24
Mtt:      -6.700000e+23
Mpp:      -7.020000e+24
Mrt:       2.000000e+24
Mrp:       5.900000e+24
Mtp:      -1.840000e+24
