 PDE 2010  4 10 16 54 24.20 -20.1100 -176.2200 272.9 5.5 6.0 TONGA ISLANDS
event name:     C201004101654A
time shift:      3.2000
half duration:   2.2000
latitude:      -20.1200
longitude:    -175.7400
depth:         278.2000
Mrr:      -1.370000e+23
Mtt:       1.720000e+24
Mpp:      -1.590000e+24
Mrt:       1.790000e+24
Mrp:       9.060000e+24
Mtp:       2.550000e+24
