 PDE 2013  3  5  6  6 34.00  -5.2100  152.5600  22.0 5.4 5.8 NEW BRITAIN REGION, P.N.G.
event name:     C201303050606A
time shift:      5.8000
half duration:   1.9000
latitude:       -5.4600
longitude:     152.5500
depth:          27.4000
Mrr:       4.720000e+24
Mtt:      -4.410000e+24
Mpp:      -3.060000e+23
Mrt:       4.290000e+24
Mrp:       3.050000e+23
Mtp:      -6.490000e+23
