 PDE 2014  4 11 20 29 13.00  11.6400  -85.8800 135.0 0.0 6.6 NEAR COAST OF NICARAGUA
event name:     C201404112029A
time shift:      6.0000
half duration:   4.9000
latitude:       11.7000
longitude:     -86.2200
depth:         141.8000
Mrr:       4.910000e+25
Mtt:      -2.550000e+25
Mpp:      -2.370000e+25
Mrt:       5.280000e+25
Mrp:      -7.900000e+25
Mtp:       8.000000e+24
