 PDE 2014  3  2 19 38 56.40  -6.2900  154.8400  45.0 0.0 5.8 SOLOMON ISLANDS
event name:     C201403021938A
time shift:      3.9000
half duration:   1.9000
latitude:       -6.4700
longitude:     154.7200
depth:          55.5000
Mrr:       5.660000e+24
Mtt:      -2.900000e+24
Mpp:      -2.760000e+24
Mrt:      -1.550000e+23
Mrp:       2.170000e+23
Mtp:       3.330000e+24
