 PDE 2014  7 30 16  0 58.50  -7.1600  154.8500  10.0 0.0 5.9 SOLOMON ISLANDS
event name:     C201407301600A
time shift:      7.5000
half duration:   2.2000
latitude:       -7.4200
longitude:     154.9900
depth:          12.0000
Mrr:       6.530000e+24
Mtt:      -4.220000e+24
Mpp:      -2.310000e+24
Mrt:       4.630000e+24
Mrp:      -4.110000e+24
Mtp:       3.370000e+24
