 PDE 2013 10  6 16 38  8.80  12.3100  141.6900 104.0 0.0 6.0 SOUTH OF MARIANA ISLANDS
event name:     C201310061638A
time shift:      4.5000
half duration:   2.5000
latitude:       12.1400
longitude:     141.7200
depth:         115.6000
Mrr:       5.320000e+24
Mtt:      -5.460000e+24
Mpp:       1.400000e+23
Mrt:       1.060000e+25
Mrp:      -8.020000e+24
Mtp:      -6.300000e+23
