 PDE 2013 11  3  2 42 54.20  -5.8600  148.8500  88.7 0.0 5.8 NEW BRITAIN REGION, P.N.G.
event name:     C201311030242A
time shift:      3.3000
half duration:   2.0000
latitude:       -5.9900
longitude:     148.9400
depth:          94.1000
Mrr:       2.620000e+24
Mtt:       4.900000e+24
Mpp:      -7.530000e+24
Mrt:      -1.850000e+24
Mrp:      -2.310000e+24
Mtp:      -1.200000e+22
