 PDE 2010 11 22 16 18 43.40 -33.6200 -178.9200  10.0 5.6 5.9 SOUTH OF KERMADEC ISLANDS
event name:     C201011221618A
time shift:      4.6000
half duration:   2.1000
latitude:      -33.5000
longitude:    -178.3800
depth:          16.8000
Mrr:       4.130000e+24
Mtt:      -3.730000e+23
Mpp:      -3.760000e+24
Mrt:       1.100000e+24
Mrp:       6.380000e+24
Mtp:      -1.320000e+24
