 PDE 2011 10 30 18 53 43.00 -25.7400  -70.9600  47.1 5.7 5.8 OFF COAST OF NORTHERN CHILE
event name:     C201110301853A
time shift:      7.6000
half duration:   1.9000
latitude:      -25.8200
longitude:     -71.0100
depth:          34.3000
Mrr:       4.140000e+24
Mtt:       5.950000e+23
Mpp:      -4.730000e+24
Mrt:       1.170000e+24
Mrp:      -3.750000e+24
Mtp:       1.700000e+22
