 PDE 2014  1 23  4 59 49.80  13.3600  146.1300   7.0 0.0 5.8 SOUTH OF MARIANA ISLANDS
event name:     C201401230459A
time shift:      8.6000
half duration:   1.9000
latitude:       13.2800
longitude:     146.3000
depth:          12.2000
Mrr:       5.000000e+24
Mtt:      -1.370000e+24
Mpp:      -3.630000e+24
Mrt:      -2.900000e+23
Mrp:       2.080000e+24
Mtp:      -2.810000e+24
