 PDE 2013  8  8  4 57 58.40 -20.2300 -176.4800 251.9 5.0 0.0 FIJI ISLANDS REGION
event name:     C201308080457A
time shift:      3.0000
half duration:   1.3000
latitude:      -20.3700
longitude:    -176.2200
depth:         262.9000
Mrr:       2.290000e+23
Mtt:      -4.790000e+23
Mpp:       2.500000e+23
Mrt:      -1.110000e+24
Mrp:      -1.650000e+24
Mtp:       2.810000e+23
