 PDE 2014  5 14 20 56 13.20   6.4500  144.9200  10.0 0.0 6.1 E. CAROLINE ISLANDS, MICRONESIA
event name:     C201405142056A
time shift:      3.9000
half duration:   3.0000
latitude:        6.5500
longitude:     144.9100
depth:          19.7000
Mrr:      -1.110000e+24
Mtt:       1.720000e+25
Mpp:      -1.610000e+25
Mrt:       8.900000e+23
Mrp:      -1.940000e+24
Mtp:       1.750000e+25
