 PDE 2012  4 11 22 55 10.20  18.2300 -102.6900  20.0 5.8 6.7 MICHOACAN, MEXICO
event name:     C201204112255A
time shift:      7.1000
half duration:   5.2000
latitude:       18.1000
longitude:    -102.9700
depth:          20.5000
Mrr:       8.620000e+25
Mtt:      -8.190000e+25
Mpp:      -4.400000e+24
Mrt:       6.970000e+25
Mrp:      -3.860000e+25
Mtp:       3.110000e+25
