 PDE 2011  7  9  6 53 46.90 -21.2100 -174.5400  16.0 5.5 5.9 TONGA ISLANDS
event name:     C201107090653A
time shift:      3.6000
half duration:   2.0000
latitude:      -21.4300
longitude:    -173.9400
depth:          18.2000
Mrr:       5.690000e+24
Mtt:      -6.590000e+23
Mpp:      -5.030000e+24
Mrt:       1.950000e+24
Mrp:       3.150000e+24
Mtp:      -2.650000e+24
