 PDE 2012  4 16  2 17 50.30  -2.6400  121.8600  13.0 5.6 5.8 SULAWESI, INDONESIA
event name:     C201204160217A
time shift:      2.2000
half duration:   2.1000
latitude:       -2.6200
longitude:     121.9100
depth:          15.0000
Mrr:       2.490000e+23
Mtt:       4.610000e+24
Mpp:      -4.860000e+24
Mrt:       2.430000e+24
Mrp:       5.430000e+24
Mtp:       3.170000e+24
