 PDE 2010  5  8  3 22  9.60  -8.0900  118.2600  12.0 5.6 5.9 SUMBAWA REGION, INDONESIA
event name:     C201005080322A
time shift:      5.1000
half duration:   2.1000
latitude:       -8.0700
longitude:     118.2700
depth:          12.0000
Mrr:       5.800000e+24
Mtt:      -6.200000e+24
Mpp:       4.000000e+23
Mrt:      -5.670000e+24
Mrp:      -1.510000e+24
Mtp:      -7.600000e+23
