 PDE 2013  2  7  8  3 40.80 -11.0300  164.7800  11.0 5.5 5.8 SANTA CRUZ ISLANDS REGION
event name:     C201302070803A
time shift:      3.5000
half duration:   2.0000
latitude:      -11.1700
longitude:     164.7000
depth:          12.0000
Mrr:      -6.590000e+24
Mtt:       8.350000e+23
Mpp:       5.760000e+24
Mrt:      -2.390000e+24
Mrp:       7.280000e+23
Mtp:       5.390000e+23
