 PDE 2010  3 11 14 39 44.00 -34.2900  -71.8900  11.0 6.7 7.0 NEAR COAST OF CENTRAL CHILE
event name:     C201003111439A
time shift:      8.1000
half duration:   6.5000
latitude:      -34.5400
longitude:     -72.1100
depth:          12.9000
Mrr:      -2.330000e+26
Mtt:       8.580000e+25
Mpp:       1.470000e+26
Mrt:      -4.690000e+25
Mrp:       6.430000e+25
Mtp:      -9.550000e+25
