 PDE 2011 11  5  1 49 19.00 -18.2400  168.3000  35.0 5.8 5.9 VANUATU ISLANDS
event name:     C201111050149A
time shift:      3.2000
half duration:   2.2000
latitude:      -18.3100
longitude:     168.0600
depth:          45.4000
Mrr:       8.560000e+24
Mtt:      -5.000000e+22
Mpp:      -8.510000e+24
Mrt:       9.900000e+23
Mrp:      -1.390000e+24
Mtp:       3.700000e+24
