 PDE 2011  9  5 11 21 36.90   6.5600  -82.3600  24.6 5.3 5.8 SOUTH OF PANAMA
event name:     C201109051121A
time shift:      4.2000
half duration:   2.0000
latitude:        6.6300
longitude:     -82.4000
depth:          23.6000
Mrr:      -3.310000e+23
Mtt:       1.560000e+24
Mpp:      -1.230000e+24
Mrt:       6.710000e+23
Mrp:      -7.000000e+21
Mtp:       6.950000e+24
