 PDE 2012  5 23 23 19 18.00 -50.3500  139.5400   6.6 5.6 5.9 WESTERN INDIAN-ANTARCTIC RIDGE
event name:     C201205232319A
time shift:      4.8000
half duration:   2.2000
latitude:      -50.4000
longitude:     139.4700
depth:          14.1000
Mrr:      -4.640000e+23
Mtt:       8.470000e+23
Mpp:      -3.830000e+23
Mrt:       1.390000e+24
Mrp:       8.070000e+23
Mtp:      -9.450000e+24
