 PDE 2011 11  1 12 32  0.40  19.8300 -109.2000  10.0 5.6 6.3 REVILLA GIGEDO ISLANDS REGION
event name:     C201111011232A
time shift:      3.8000
half duration:   3.2000
latitude:       19.9300
longitude:    -109.3200
depth:          17.4000
Mrr:       3.900000e+23
Mtt:      -2.340000e+25
Mpp:       2.300000e+25
Mrt:      -1.470000e+24
Mrp:      -1.400000e+24
Mtp:      -1.410000e+25
