 PDE 2011  6 18 11 31  5.90  37.6600  141.6600  20.0 5.9 5.8 NEAR EAST COAST OF HONSHU, JAPAN
event name:     C201106181131A
time shift:      2.1000
half duration:   2.0000
latitude:       37.6800
longitude:     141.7600
depth:          16.1000
Mrr:      -1.890000e+24
Mtt:       3.020000e+24
Mpp:      -1.130000e+24
Mrt:      -1.900000e+24
Mrp:       5.860000e+24
Mtp:      -1.170000e+24
