 PDE 2010  1 27 18 49 33.60  13.6400  125.4900  29.1 5.6 5.9 PHILIPPINE ISLANDS REGION
event name:     C201001271849A
time shift:     -0.7000
half duration:   2.1000
latitude:       13.7400
longitude:     125.5300
depth:          18.5000
Mrr:      -1.620000e+24
Mtt:       1.740000e+24
Mpp:      -1.250000e+23
Mrt:      -5.040000e+23
Mrp:      -1.230000e+23
Mtp:      -8.080000e+24
