 PDE 2013  2 23  8 59  8.70 -10.6600  165.3000  12.0 5.6 6.1 SANTA CRUZ ISLANDS
event name:     C201302230859A
time shift:      4.8000
half duration:   2.1000
latitude:      -10.5800
longitude:     165.1900
depth:          23.7000
Mrr:       6.790000e+24
Mtt:       2.330000e+24
Mpp:      -9.120000e+24
Mrt:      -1.760000e+24
Mrp:      -1.090000e+24
Mtp:      -1.070000e+24
