 PDE 2011  3 16  3 52  3.00  35.7500  140.7100  10.0 6.0 5.8 NEAR EAST COAST OF HONSHU, JAPAN
event name:     C201103160352A
time shift:      2.3000
half duration:   2.0000
latitude:       35.7800
longitude:     140.8300
depth:          12.0000
Mrr:      -5.920000e+24
Mtt:      -8.710000e+23
Mpp:       6.790000e+24
Mrt:       1.020000e+23
Mrp:       2.540000e+24
Mtp:      -4.150000e+23
