 PDE 2010  4  2 22 58  7.60 -36.2300  -72.8800  24.0 6.1 6.0 NEAR COAST OF CENTRAL CHILE
event name:     C201004022258A
time shift:      4.5000
half duration:   2.4000
latitude:      -36.3300
longitude:     -73.2000
depth:          30.4000
Mrr:       5.220000e+24
Mtt:       5.100000e+23
Mpp:      -5.730000e+24
Mrt:      -9.300000e+23
Mrp:      -9.790000e+24
Mtp:      -1.220000e+24
