 PDE 2011  9 12 22 44 28.10  -3.6300  144.1800  14.0 5.8 6.0 NEAR N COAST OF NEW GUINEA, PNG.
event name:     C201109122244A
time shift:      5.1000
half duration:   2.2000
latitude:       -3.4800
longitude:     144.1800
depth:          12.0000
Mrr:       7.860000e+24
Mtt:      -8.070000e+24
Mpp:       2.100000e+23
Mrt:      -2.730000e+24
Mrp:       3.220000e+24
Mtp:       3.270000e+24
