 PDE 2014  5 16 11  1 40.00  17.0900  -60.3700   5.3 0.0 5.9 LEEWARD ISLANDS
event name:     C201405161101A
time shift:      7.5000
half duration:   2.1000
latitude:       17.1800
longitude:     -60.2400
depth:          12.0000
Mrr:      -4.280000e+24
Mtt:       6.260000e+23
Mpp:       3.660000e+24
Mrt:      -2.980000e+23
Mrp:       4.870000e+24
Mtp:      -4.940000e+24
