 PDE 2013  3 27  2  3 19.80  23.8300  121.2100  19.0 5.8 5.9 TAIWAN
event name:     C201303270203A
time shift:      1.7000
half duration:   2.4000
latitude:       23.9100
longitude:     120.8400
depth:          22.7000
Mrr:       8.590000e+24
Mtt:       9.000000e+22
Mpp:      -8.680000e+24
Mrt:      -1.670000e+24
Mrp:      -7.710000e+24
Mtp:      -6.800000e+23
