 PDE 2011  4 17  1 58 49.30 -27.6000  -63.2000 556.6 5.6 5.9 SANTIAGO DEL ESTERO PROV., ARG.
event name:     C201104170158A
time shift:      2.0000
half duration:   1.9000
latitude:      -27.6100
longitude:     -63.1100
depth:         573.9000
Mrr:      -3.780000e+24
Mtt:      -9.830000e+23
Mpp:       4.770000e+24
Mrt:      -2.270000e+24
Mrp:       3.350000e+24
Mtp:       6.000000e+21
