 PDE 2012  6 16 22 18 47.50  15.5900  119.5600  28.0 6.1 5.9 LUZON, PHILIPPINES
event name:     C201206162218A
time shift:      3.2000
half duration:   2.3000
latitude:       15.6600
longitude:     119.4800
depth:          28.2000
Mrr:       8.860000e+24
Mtt:      -3.460000e+24
Mpp:      -5.390000e+24
Mrt:       1.780000e+24
Mrp:      -6.610000e+24
Mtp:       2.070000e+24
