 PDE 2012  7 12 14  0 34.30  36.5300   70.9100 198.0 5.6 5.8 HINDU KUSH REGION, AFGHANISTAN
event name:     C201207121400A
time shift:      1.0000
half duration:   1.9000
latitude:       36.4700
longitude:      70.7600
depth:         192.2000
Mrr:       4.670000e+24
Mtt:      -4.260000e+24
Mpp:      -4.120000e+23
Mrt:      -3.290000e+24
Mrp:       2.150000e+23
Mtp:      -7.000000e+23
