 PDE 2011  4  2 10 59 37.40 -19.5800  -69.0700  83.4 6.0 5.9 NORTHERN CHILE
event name:     C201104021059A
time shift:      4.7000
half duration:   2.1000
latitude:      -19.7500
longitude:     -69.5100
depth:         117.8000
Mrr:      -3.320000e+24
Mtt:      -5.950000e+23
Mpp:       3.910000e+24
Mrt:       1.590000e+24
Mrp:      -6.270000e+24
Mtp:       2.040000e+24
