 PDE 2011 11 15  7 56  2.20  -7.4800  127.8500 166.0 5.8 5.6 BANDA SEA
event name:     C201111150756A
time shift:      2.3000
half duration:   1.5000
latitude:       -7.7100
longitude:     127.9200
depth:         176.8000
Mrr:       7.130000e+23
Mtt:      -1.520000e+24
Mpp:       8.090000e+23
Mrt:       2.190000e+24
Mrp:       1.310000e+24
Mtp:       6.020000e+23
