 PDE 2010  9  3 11 16  6.60  51.4500 -175.8700  23.5 6.1 6.5 ANDREANOF ISLANDS, ALEUTIAN IS.
event name:     C201009031116A
time shift:      4.2000
half duration:   4.2000
latitude:       51.4100
longitude:    -175.9700
depth:          38.7000
Mrr:       4.590000e+25
Mtt:      -4.270000e+25
Mpp:      -3.240000e+24
Mrt:       3.110000e+25
Mrp:       2.520000e+25
Mtp:      -1.760000e+25
