 PDE 2011 12 15 10 10  7.20 -32.7200 -179.1000  32.0 5.8 6.0 SOUTH OF KERMADEC ISLANDS
event name:     C201112151010A
time shift:      5.2000
half duration:   2.2000
latitude:      -32.5400
longitude:    -178.7200
depth:          50.4000
Mrr:       9.130000e+24
Mtt:      -1.070000e+24
Mpp:      -8.060000e+24
Mrt:       5.500000e+23
Mrp:       3.660000e+24
Mtp:      -2.890000e+24
