 PDE 2011  9 14  7  3 51.00 -32.7000  -71.8000  37.0 5.4 5.9 NEAR COAST OF CENTRAL CHILE
event name:     C201109140703A
time shift:      4.9000
half duration:   2.1000
latitude:      -32.8000
longitude:     -71.8800
depth:          26.2000
Mrr:       3.820000e+24
Mtt:       4.460000e+23
Mpp:      -4.260000e+24
Mrt:      -5.990000e+23
Mrp:      -6.390000e+24
Mtp:      -1.950000e+23
