 PDE 2012  2 14  6 22  1.20  36.2100  141.3900  28.0 5.6 5.8 NEAR EAST COAST OF HONSHU, JAPAN
event name:     C201202140621A
time shift:      2.7000
half duration:   2.0000
latitude:       36.1700
longitude:     141.7300
depth:          26.4000
Mrr:       4.560000e+24
Mtt:      -8.070000e+23
Mpp:      -3.750000e+24
Mrt:       2.480000e+24
Mrp:       5.220000e+24
Mtp:      -1.820000e+24
