 PDE 2014  4 30 15 52 40.80  -1.1700  -13.4600  10.0 0.0 5.7 NORTH OF ASCENSION ISLAND
event name:     C201404301552A
time shift:      8.1000
half duration:   1.9000
latitude:       -0.6900
longitude:     -13.5300
depth:          14.9000
Mrr:      -8.730000e+23
Mtt:       2.780000e+24
Mpp:      -1.910000e+24
Mrt:       5.560000e+23
Mrp:       9.850000e+23
Mtp:      -5.200000e+24
