 PDE 2010  5 16  0 33  6.30   0.5100  124.6600 123.0 5.7 5.8 MINAHASSA PENINSULA, SULAWESI
event name:     C201005160033A
time shift:      4.2000
half duration:   1.9000
latitude:        0.4800
longitude:     124.7000
depth:         133.8000
Mrr:      -1.100000e+24
Mtt:       2.410000e+24
Mpp:      -1.310000e+24
Mrt:       4.290000e+24
Mrp:       3.080000e+24
Mtp:      -2.890000e+24
