 PDE 2010 11 12  2 14 46.20  -6.5500  130.0400 168.7 5.7 5.5 BANDA SEA
event name:     C201011120214A
time shift:      2.5000
half duration:   1.4000
latitude:       -6.6300
longitude:     130.1500
depth:         172.6000
Mrr:      -1.320000e+24
Mtt:      -1.740000e+23
Mpp:       1.500000e+24
Mrt:       1.140000e+23
Mrp:       1.670000e+24
Mtp:      -4.300000e+23
