 PDE 2010  7 10 11 43 32.80  11.1400  146.0000  13.0 6.2 6.3 SOUTH OF MARIANA ISLANDS
event name:     C201007101143A
time shift:      3.6000
half duration:   3.3000
latitude:       11.0900
longitude:     146.0900
depth:          13.7000
Mrr:       2.000000e+23
Mtt:       7.900000e+24
Mpp:      -8.090000e+24
Mrt:       5.670000e+24
Mrp:       6.920000e+24
Mtp:       2.940000e+25
