 PDE 2010  6 16  3 58  8.50  -2.3300  136.4800  10.5 6.2 6.6 IRIAN JAYA REGION, INDONESIA
event name:     C201006160358A
time shift:      6.5000
half duration:   4.6000
latitude:       -2.1000
longitude:     136.5600
depth:          14.6000
Mrr:      -7.700000e+24
Mtt:      -7.920000e+25
Mpp:       8.690000e+25
Mrt:      -8.400000e+24
Mrp:       1.330000e+25
Mtp:      -9.700000e+24
