 PDE 2012  4  1 21 44  4.10  -4.5200  153.4300 117.9 5.4 5.8 NEW IRELAND REGION, P.N.G.
event name:     C201204012144A
time shift:      0.0000
half duration:   1.9000
latitude:       -4.6100
longitude:     153.5500
depth:          96.0000
Mrr:       5.380000e+24
Mtt:      -1.790000e+24
Mpp:      -3.590000e+24
Mrt:      -1.630000e+24
Mrp:       1.830000e+24
Mtp:       3.020000e+24
