 PDE 2011  7 16 18  9 40.80 -18.8700  169.3600 246.4 5.5 5.7 VANUATU ISLANDS
event name:     C201107161809A
time shift:      3.5000
half duration:   1.7000
latitude:      -18.9000
longitude:     169.2700
depth:         254.4000
Mrr:       1.810000e+24
Mtt:      -4.500000e+23
Mpp:      -1.360000e+24
Mrt:       7.030000e+23
Mrp:      -2.600000e+24
Mtp:      -2.370000e+24
