 PDE 2014  2 18 10 12 15.60  -4.9200  153.7800 112.2 0.0 5.8 NEW IRELAND REGION, P.N.G.
event name:     C201402181012A
time shift:     -0.9000
half duration:   1.9000
latitude:       -5.0300
longitude:     153.7500
depth:          91.3000
Mrr:       4.500000e+24
Mtt:      -1.600000e+24
Mpp:      -2.910000e+24
Mrt:      -1.710000e+24
Mrp:       2.800000e+24
Mtp:       3.050000e+24
