 PDE 2012  6  2  7 52 54.00 -22.0600  -63.5600 527.0 5.8 6.0 SALTA PROVINCE, ARGENTINA
event name:     C201206020752A
time shift:      2.0000
half duration:   2.4000
latitude:      -22.0800
longitude:     -63.5900
depth:         549.5000
Mrr:      -1.060000e+25
Mtt:      -1.400000e+23
Mpp:       1.070000e+25
Mrt:      -7.600000e+23
Mrp:       4.670000e+24
Mtp:       1.020000e+24
