 PDE 2011  9 15 11 59 52.80 -14.9600 -177.9600 378.4 5.6 5.6 FIJI ISLANDS REGION
event name:     C201109151159A
time shift:      2.1000
half duration:   1.5000
latitude:      -14.8900
longitude:    -177.7700
depth:         375.5000
Mrr:      -2.170000e+24
Mtt:      -2.340000e+23
Mpp:       2.410000e+24
Mrt:       1.460000e+24
Mrp:       1.590000e+24
Mtp:       2.530000e+23
