 PDE 2013  1 30 20 15 43.30 -28.0900  -70.6500  45.0 6.5 6.8 NEAR COAST OF CENTRAL CHILE
event name:     C201301302015A
time shift:      7.5000
half duration:   6.0000
latitude:      -28.0900
longitude:     -71.1800
depth:          45.8000
Mrr:       1.350000e+26
Mtt:       6.500000e+24
Mpp:      -1.420000e+26
Mrt:       2.330000e+25
Mrp:      -1.090000e+26
Mtp:      -3.940000e+25
