 PDE 2011  8 20 18 19 23.50 -18.3100  168.2200  28.0 6.4 7.1 VANUATU ISLANDS
event name:     C201108201819A
time shift:     11.9000
half duration:   8.1000
latitude:      -18.2600
longitude:     167.9400
depth:          36.0000
Mrr:       4.080000e+26
Mtt:      -2.810000e+25
Mpp:      -3.800000e+26
Mrt:       7.940000e+25
Mrp:      -1.750000e+26
Mtp:       1.430000e+26
