 PDE 2011 11 17  1 57  5.70  -1.7000  -81.5500  26.6 5.7 6.0 OFF COAST OF ECUADOR
event name:     C201111170157A
time shift:     -0.8000
half duration:   2.4000
latitude:       -1.8800
longitude:     -81.7500
depth:          15.5000
Mrr:      -1.620000e+24
Mtt:      -6.200000e+23
Mpp:       2.240000e+24
Mrt:       5.300000e+23
Mrp:       1.870000e+24
Mtp:       1.160000e+25
