 PDE 2012  7 20 14  3 13.80 -21.2200 -179.2900 625.3 5.6 5.6 FIJI ISLANDS REGION
event name:     C201207201403A
time shift:      2.2000
half duration:   1.4000
latitude:      -21.2600
longitude:    -179.3000
depth:         639.3000
Mrr:      -8.000000e+22
Mtt:      -1.600000e+22
Mpp:       9.700000e+22
Mrt:      -6.380000e+23
Mrp:      -2.170000e+24
Mtp:       1.130000e+23
