 PDE 2011  3 17  8  3  0.80 -17.2700  167.9000  10.0 5.6 5.9 VANUATU ISLANDS
event name:     C201103170803A
time shift:      5.7000
half duration:   2.1000
latitude:      -17.3400
longitude:     167.6900
depth:          30.0000
Mrr:       6.680000e+24
Mtt:       3.300000e+23
Mpp:      -7.010000e+24
Mrt:       1.690000e+24
Mrp:      -4.000000e+24
Mtp:       1.590000e+24
