 PDE 2011  3 22  9 44 28.40  39.8500  143.4400   7.3 5.9 6.4 OFF EAST COAST OF HONSHU, JAPAN
event name:     C201103220944A
time shift:      6.8000
half duration:   3.5000
latitude:       39.8400
longitude:     143.8100
depth:          12.6000
Mrr:       2.140000e+25
Mtt:       5.400000e+23
Mpp:      -2.200000e+25
Mrt:       1.120000e+25
Mrp:       2.860000e+25
Mtp:      -5.740000e+24
