 PDE 2012  6  7  9  1 51.10 -20.1900 -176.3400 266.0 5.6 5.9 TONGA ISLANDS
event name:     C201206070901A
time shift:      3.6000
half duration:   2.1000
latitude:      -20.3700
longitude:    -175.9600
depth:         276.7000
Mrr:       2.190000e+24
Mtt:       7.950000e+23
Mpp:      -2.980000e+24
Mrt:       5.350000e+24
Mrp:       4.520000e+24
Mtp:      -1.630000e+24
