 PDE 2011  5  5 16 15 25.10 -25.1900 -177.5500 184.7 5.3 5.6 SOUTH OF FIJI ISLANDS
event name:     C201105051615A
time shift:      2.2000
half duration:   1.6000
latitude:      -25.1200
longitude:    -177.1600
depth:         186.3000
Mrr:       3.350000e+24
Mtt:      -3.420000e+24
Mpp:       6.300000e+22
Mrt:      -8.900000e+23
Mrp:      -1.740000e+23
Mtp:       1.190000e+23
