 PDE 2010  1 27 17 42 45.20 -14.1000  -14.5500  10.0 6.0 5.8 SOUTHERN MID-ATLANTIC RIDGE
event name:     C201001271742A
time shift:      4.4000
half duration:   1.9000
latitude:      -14.0400
longitude:     -14.4300
depth:          12.0000
Mrr:      -5.960000e+24
Mtt:       5.010000e+23
Mpp:       5.460000e+24
Mrt:      -7.100000e+22
Mrp:       3.680000e+23
Mtp:      -2.460000e+24
