 PDE 2010  3 13 10 34 43.40 -37.5500  -73.4600  35.0 5.2 5.8 NEAR COAST OF CENTRAL CHILE
event name:     C201003131034A
time shift:      2.0000
half duration:   1.9000
latitude:      -37.7800
longitude:     -73.9500
depth:          20.0000
Mrr:       3.560000e+24
Mtt:       1.160000e+23
Mpp:      -3.670000e+24
Mrt:       5.390000e+23
Mrp:      -4.620000e+24
Mtp:      -6.100000e+22
