 PDE 2012 10 18  1 27 16.00 -54.2200  144.0100   7.5 5.6 5.9 WEST OF MACQUARIE ISLAND
event name:     C201210180127A
time shift:      3.0000
half duration:   2.3000
latitude:      -54.2800
longitude:     143.8700
depth:          15.0000
Mrr:      -1.170000e+24
Mtt:       3.030000e+24
Mpp:      -1.850000e+24
Mrt:      -7.300000e+23
Mrp:      -1.060000e+24
Mtp:      -9.610000e+24
