 PDE 2014  5 15 10 16 42.00   9.3800  122.0600  15.5 0.0 6.3 SULU SEA
event name:     C201405151016A
time shift:      5.5000
half duration:   3.3000
latitude:        9.4000
longitude:     121.9200
depth:          24.0000
Mrr:       2.340000e+25
Mtt:       6.030000e+24
Mpp:      -2.940000e+25
Mrt:       1.060000e+25
Mrp:      -3.390000e+24
Mtp:       7.340000e+24
