 PDE 2010  3  2  2 51 21.30  18.1800  122.4000  17.0 5.7 5.8 LUZON, PHILIPPINES
event name:     C201003020251A
time shift:      3.3000
half duration:   1.9000
latitude:       18.3100
longitude:     122.4800
depth:          19.4000
Mrr:       8.340000e+23
Mtt:       3.750000e+24
Mpp:      -4.580000e+24
Mrt:      -1.060000e+24
Mrp:       3.850000e+24
Mtp:      -2.290000e+24
