 PDE 2011  8 10  0 53 24.70  27.7200   65.0800  37.0 5.7 5.8 SOUTHWESTERN PAKISTAN
event name:     C201108100053A
time shift:      1.9000
half duration:   1.9000
latitude:       27.5600
longitude:      64.9900
depth:          58.5000
Mrr:      -1.010000e+24
Mtt:       2.110000e+24
Mpp:      -1.100000e+24
Mrt:       1.470000e+24
Mrp:      -1.790000e+24
Mtp:       5.230000e+24
