 PDE 2010 12  2  3 12  9.80  -6.0000  149.9800  33.0 5.9 6.7 NEW BRITAIN REGION, P.N.G.
event name:     C201012020312A
time shift:      9.8000
half duration:   4.9000
latitude:       -6.3000
longitude:     149.9000
depth:          48.6000
Mrr:       9.580000e+25
Mtt:      -1.030000e+26
Mpp:       7.600000e+24
Mrt:       2.360000e+25
Mrp:      -5.000000e+23
Mtp:      -6.800000e+24
