 PDE 2011  5  4 16 13 28.60 -20.4000 -178.5500 583.6 5.2 5.6 FIJI ISLANDS REGION
event name:     C201105041613A
time shift:      3.3000
half duration:   1.5000
latitude:      -20.2500
longitude:    -178.4000
depth:         597.2000
Mrr:      -9.430000e+23
Mtt:       1.070000e+24
Mpp:      -1.220000e+23
Mrt:      -2.130000e+24
Mrp:      -9.670000e+23
Mtp:      -1.680000e+24
