 PDE 2011  4 15  2  6 26.80 -15.2800 -173.2300   7.0 5.8 5.8 SAMOA ISLANDS REGION
event name:     C201104150206A
time shift:      7.8000
half duration:   2.0000
latitude:      -15.0700
longitude:    -172.9700
depth:          29.5000
Mrr:       2.800000e+23
Mtt:       4.350000e+24
Mpp:      -4.630000e+24
Mrt:      -4.460000e+24
Mrp:       1.090000e+24
Mtp:       3.020000e+24
