 PDE 2013  8 12  0 53 44.00  -7.1500  129.8100  95.0 0.0 6.1 BANDA SEA
event name:     C201308120053A
time shift:      1.9000
half duration:   2.7000
latitude:       -7.2400
longitude:     129.8300
depth:         105.2000
Mrr:       1.300000e+25
Mtt:      -1.410000e+25
Mpp:       1.180000e+24
Mrt:       1.020000e+25
Mrp:       4.800000e+24
Mtp:       2.180000e+24
