 PDE 2010  2 27 19  0  6.90 -33.4200  -71.8300  31.1 5.9 6.3 OFF COAST OF CENTRAL CHILE
event name:     C201002271900A
time shift:      5.7000
half duration:   3.2000
latitude:      -33.6200
longitude:     -72.2900
depth:          24.2000
Mrr:       2.420000e+25
Mtt:      -3.430000e+24
Mpp:      -2.080000e+25
Mrt:       2.610000e+24
Mrp:      -1.700000e+25
Mtp:       9.000000e+22
