 PDE 2010  5 28  4 25 58.60 -14.0500  166.6100  34.0 5.3 5.8 VANUATU ISLANDS
event name:     C201005280425A
time shift:      3.7000
half duration:   1.9000
latitude:      -14.0800
longitude:     166.5700
depth:          30.1000
Mrr:       5.340000e+24
Mtt:       4.000000e+23
Mpp:      -5.740000e+24
Mrt:       1.370000e+24
Mrp:      -1.220000e+24
Mtp:       1.800000e+24
