 PDE 2011  7  9 13 54 23.60 -29.3900 -177.1200  19.0 5.6 5.8 KERMADEC ISLANDS REGION
event name:     C201107091354A
time shift:     -2.1000
half duration:   2.1000
latitude:      -29.1200
longitude:    -176.7700
depth:          25.1000
Mrr:       4.680000e+24
Mtt:      -4.380000e+23
Mpp:      -4.240000e+24
Mrt:       1.920000e+24
Mrp:       7.100000e+24
Mtp:      -7.480000e+23
