 PDE 2012 12  8 16 35 16.80  -7.2100  143.9700  10.0 5.7 5.6 NEAR S COAST OF NEW GUINEA, PNG.
event name:     C201212081635A
time shift:      4.4000
half duration:   1.9000
latitude:       -7.2900
longitude:     143.9800
depth:          12.0000
Mrr:       5.830000e+24
Mtt:      -4.050000e+24
Mpp:      -1.790000e+24
Mrt:       1.080000e+24
Mrp:      -9.480000e+23
Mtp:       2.970000e+24
