 PDE 2011  8 19  5 36 33.00  37.6700  141.6500  47.0 6.3 6.3 NEAR EAST COAST OF HONSHU, JAPAN
event name:     C201108190536A
time shift:      3.0000
half duration:   3.4000
latitude:       37.6900
longitude:     141.7100
depth:          48.5000
Mrr:       3.190000e+25
Mtt:      -7.400000e+23
Mpp:      -3.120000e+25
Mrt:      -1.710000e+24
Mrp:      -1.190000e+25
Mtp:      -6.070000e+24
