 PDE 2013  8  1 20  1 43.20 -15.2400 -173.5000  31.6 6.1 6.0 TONGA ISLANDS
event name:     C201308012001A
time shift:      7.8000
half duration:   2.4000
latitude:      -15.1600
longitude:    -173.2900
depth:          56.2000
Mrr:       2.500000e+23
Mtt:       2.590000e+24
Mpp:      -2.840000e+24
Mrt:      -1.030000e+25
Mrp:       4.780000e+24
Mtp:       8.800000e+23
