 PDE 2012 11 29 11 10 21.70  -3.4200  145.5600  10.0 5.7 5.9 NEAR N COAST OF NEW GUINEA, PNG.
event name:     C201211291110A
time shift:      8.1000
half duration:   2.5000
latitude:       -3.3800
longitude:     145.7100
depth:          12.0000
Mrr:       1.400000e+23
Mtt:      -8.300000e+23
Mpp:       7.000000e+23
Mrt:       2.520000e+24
Mrp:      -5.300000e+23
Mtp:       1.360000e+25
