 PDE 2011  2 28  1 29 25.00 -37.3600  -73.6900  31.5 5.7 5.8 NEAR COAST OF CENTRAL CHILE
event name:     C201102280129A
time shift:      4.7000
half duration:   2.0000
latitude:      -37.4600
longitude:     -73.6900
depth:          25.3000
Mrr:       3.430000e+24
Mtt:       1.310000e+23
Mpp:      -3.560000e+24
Mrt:       1.680000e+23
Mrp:      -5.620000e+24
Mtp:      -1.620000e+23
