 PDE 2012 12 11  6 18 27.30   0.5300  126.2300  30.0 6.0 6.0 NORTHERN MOLUCCA SEA
event name:     C201212110618A
time shift:      4.6000
half duration:   2.5000
latitude:        0.6500
longitude:     126.2000
depth:          31.4000
Mrr:       8.860000e+24
Mtt:       2.830000e+24
Mpp:      -1.170000e+25
Mrt:      -4.600000e+23
Mrp:      -6.160000e+24
Mtp:      -7.190000e+24
