 PDE 2012  3 17 19 50 20.60 -34.9000 -107.6400  11.8 5.1 5.8 SOUTHERN EAST PACIFIC RISE
event name:     C201203171950A
time shift:      5.7000
half duration:   2.1000
latitude:      -35.0900
longitude:    -107.7900
depth:          18.2000
Mrr:      -3.570000e+23
Mtt:      -2.360000e+24
Mpp:       2.720000e+24
Mrt:       6.700000e+23
Mrp:      -1.870000e+24
Mtp:      -7.470000e+24
