 PDE 2011  7 22  6 56 40.90 -20.3300 -178.6000 612.1 5.9 6.0 FIJI ISLANDS REGION
event name:     C201107220656A
time shift:      1.1000
half duration:   2.2000
latitude:      -20.1800
longitude:    -178.5100
depth:         604.7000
Mrr:      -4.160000e+24
Mtt:      -5.100000e+23
Mpp:       4.670000e+24
Mrt:      -7.150000e+24
Mrp:      -5.020000e+24
Mtp:      -2.200000e+23
