 PDE 2012  4 14 19 26 43.20  -6.8100  105.4600  62.7 5.9 5.8 JAVA, INDONESIA
event name:     C201204141926A
time shift:      1.8000
half duration:   2.1000
latitude:       -7.1600
longitude:     105.2500
depth:          41.1000
Mrr:       4.920000e+24
Mtt:      -1.880000e+24
Mpp:      -3.040000e+24
Mrt:       4.640000e+24
Mrp:      -4.540000e+24
Mtp:       2.290000e+24
