 PDE 2011  5  5 16 57 36.60  55.0200 -160.6900  36.0 6.1 5.8 ALASKA PENINSULA
event name:     C201105051657A
time shift:      3.6000
half duration:   2.0000
latitude:       54.7900
longitude:    -160.3400
depth:          56.1000
Mrr:       5.750000e+24
Mtt:      -5.530000e+24
Mpp:      -2.220000e+23
Mrt:       3.270000e+24
Mrp:       2.100000e+24
Mtp:      -2.800000e+24
