 PDE 2011  9 23 19  2 48.20  -9.0500 -109.4400  10.0 5.4 5.8 CENTRAL EAST PACIFIC RISE
event name:     C201109231902A
time shift:      3.9000
half duration:   2.1000
latitude:       -9.0700
longitude:    -109.6600
depth:          16.1000
Mrr:       3.540000e+23
Mtt:      -2.630000e+24
Mpp:       2.280000e+24
Mrt:      -1.400000e+24
Mrp:       7.760000e+23
Mtp:       6.880000e+24
