 PDE 2012 11 14 19  2  6.10 -29.1200  -71.1900  63.0 6.2 6.2 NEAR COAST OF CENTRAL CHILE
event name:     C201211141902A
time shift:      1.6000
half duration:   3.0000
latitude:      -29.3200
longitude:     -71.6600
depth:          69.4000
Mrr:      -8.230000e+24
Mtt:       1.870000e+24
Mpp:       6.360000e+24
Mrt:       6.100000e+23
Mrp:      -2.060000e+25
Mtp:       8.560000e+24
