 PDE 2012  3 25 22 37  6.00 -35.2000  -72.2200  40.7 6.5 7.1 NEAR COAST OF CENTRAL CHILE
event name:     C201203252237A
time shift:     14.9000
half duration:   8.8000
latitude:      -35.3100
longitude:     -72.4100
depth:          33.8000
Mrr:       2.920000e+26
Mtt:      -3.800000e+24
Mpp:      -2.880000e+26
Mrt:       4.150000e+25
Mrp:      -5.190000e+26
Mtp:      -4.740000e+25
