 PDE 2012  1 19  6 48 48.80 -46.6900  165.7800  20.0 6.0 5.9 OFF W. COAST OF S. ISLAND, N.Z.
event name:     C201201190648A
time shift:      4.1000
half duration:   2.3000
latitude:      -46.6200
longitude:     165.3800
depth:          18.9000
Mrr:       3.300000e+24
Mtt:       1.990000e+24
Mpp:      -5.290000e+24
Mrt:       4.450000e+24
Mrp:      -7.530000e+24
Mtp:      -2.100000e+23
