 PDE 2012  2 13 10 55  9.40   9.1800  -84.1200  16.0 5.6 5.9 COSTA RICA
event name:     C201202131055A
time shift:      4.7000
half duration:   2.1000
latitude:        9.0100
longitude:     -84.1400
depth:          22.5000
Mrr:       6.450000e+24
Mtt:      -5.540000e+24
Mpp:      -9.100000e+23
Mrt:       4.030000e+24
Mrp:      -2.370000e+24
Mtp:       3.000000e+24
