 PDE 2013  8 28  2 54 41.60 -27.7500  179.6200 480.3 5.9 6.2 KERMADEC ISLANDS REGION
event name:     C201308280254A
time shift:      4.2000
half duration:   3.2000
latitude:      -27.7300
longitude:     179.8400
depth:         492.0000
Mrr:       6.250000e+24
Mtt:      -1.240000e+25
Mpp:       6.190000e+24
Mrt:       1.020000e+25
Mrp:      -4.610000e+24
Mtp:      -2.410000e+25
