 PDE 2014  4 20  4 17 31.60  -6.8300  154.5500  11.0 0.0 5.8 SOLOMON ISLANDS
event name:     C201404200417A
time shift:      6.5000
half duration:   1.9000
latitude:       -7.0000
longitude:     154.7100
depth:          17.7000
Mrr:       3.940000e+24
Mtt:      -2.620000e+24
Mpp:      -1.320000e+24
Mrt:       3.310000e+24
Mrp:      -2.370000e+24
Mtp:       1.980000e+24
