 PDE 2012  5 29  3 33 25.50 -22.1300 -179.6100 602.0 5.6 5.9 SOUTH OF FIJI ISLANDS
event name:     C201205290333A
time shift:      2.5000
half duration:   2.0000
latitude:      -22.1200
longitude:    -179.3700
depth:         596.4000
Mrr:       7.650000e+24
Mtt:      -3.790000e+24
Mpp:      -3.870000e+24
Mrt:      -1.890000e+24
Mrp:      -3.950000e+24
Mtp:      -1.500000e+23
