 PDE 2013  2 11  9 40 19.60 -11.0500  166.8000  10.0 5.7 5.7 SANTA CRUZ ISLANDS
event name:     C201302110940A
time shift:      3.9000
half duration:   1.9000
latitude:      -11.0100
longitude:     166.9400
depth:          12.0000
Mrr:      -6.030000e+24
Mtt:       2.300000e+24
Mpp:       3.740000e+24
Mrt:      -1.330000e+24
Mrp:      -4.860000e+23
Mtp:      -2.750000e+24
