 PDE 2010  8  5  6  1 47.40 -37.4400  -73.2800  18.0 5.4 5.9 NEAR COAST OF CENTRAL CHILE
event name:     C201008050601A
time shift:      4.7000
half duration:   2.2000
latitude:      -37.7000
longitude:     -73.6900
depth:          17.7000
Mrr:       3.630000e+24
Mtt:       1.480000e+23
Mpp:      -3.780000e+24
Mrt:       2.100000e+23
Mrp:      -7.940000e+24
Mtp:      -1.640000e+23
