 PDE 2011  5 21  0 16 25.60 -56.0700  -27.1100  48.0 5.7 5.9 SOUTH SANDWICH ISLANDS REGION
event name:     C201105210016A
time shift:      2.7000
half duration:   2.1000
latitude:      -56.0400
longitude:     -26.9200
depth:          46.3000
Mrr:       2.220000e+24
Mtt:       4.970000e+24
Mpp:      -7.190000e+24
Mrt:      -3.300000e+24
Mrp:       1.070000e+24
Mtp:      -4.350000e+24
