 PDE 2013  2  8 18  7 46.90 -10.8700  166.6300  10.0 5.6 5.7 SANTA CRUZ ISLANDS
event name:     C201302081807A
time shift:      3.4000
half duration:   2.2000
latitude:      -10.9300
longitude:     166.9000
depth:          21.4000
Mrr:      -1.070000e+25
Mtt:       3.310000e+24
Mpp:       7.420000e+24
Mrt:      -2.220000e+24
Mrp:      -2.280000e+24
Mtp:      -2.110000e+24
