 PDE 2011 11 19 18  6 24.30  53.1300 -174.1300 214.9 0.0 5.6 ANDREANOF ISLANDS, ALEUTIAN IS.
event name:     C201111191806A
time shift:      3.4000
half duration:   1.6000
latitude:       53.0200
longitude:    -174.1400
depth:         232.0000
Mrr:      -1.300000e+24
Mtt:      -1.990000e+23
Mpp:       1.500000e+24
Mrt:       2.710000e+24
Mrp:      -8.470000e+23
Mtp:      -1.570000e+24
