 PDE 2013 12 28 19  6 16.80 -18.2000 -174.3200  95.8 0.0 5.9 TONGA ISLANDS
event name:     C201312281906A
time shift:      4.8000
half duration:   2.1000
latitude:      -18.1500
longitude:    -174.0000
depth:         108.4000
Mrr:       1.330000e+24
Mtt:       3.960000e+23
Mpp:      -1.730000e+24
Mrt:      -6.280000e+23
Mrp:      -7.460000e+24
Mtp:      -2.430000e+23
