 PDE 2013 10 12  2 10 27.30  10.9000  -62.3100  63.0 0.0 6.0 NEAR COAST OF VENEZUELA
event name:     C201310120210A
time shift:      4.9000
half duration:   2.4000
latitude:       10.8600
longitude:     -62.1500
depth:          78.4000
Mrr:       3.260000e+24
Mtt:      -2.730000e+24
Mpp:      -5.200000e+23
Mrt:       1.010000e+25
Mrp:       3.580000e+24
Mtp:       3.960000e+24
