 PDE 2012 11 15  8 21 48.50  -3.1100  148.2700  10.0 5.4 5.9 BISMARCK SEA
event name:     C201211150821A
time shift:      4.2000
half duration:   2.3000
latitude:       -3.0600
longitude:     148.3800
depth:          12.0000
Mrr:      -4.600000e+23
Mtt:       6.730000e+24
Mpp:      -6.280000e+24
Mrt:       1.690000e+24
Mrp:       1.820000e+24
Mtp:       7.030000e+24
