 PDE 2012  4 30 18 11 44.40  -5.6900  128.5100 356.1 5.4 5.6 BANDA SEA
event name:     C201204301811A
time shift:      1.7000
half duration:   1.5000
latitude:       -5.6500
longitude:     128.4100
depth:         362.5000
Mrr:      -8.700000e+22
Mtt:       4.560000e+23
Mpp:      -3.690000e+23
Mrt:       9.600000e+22
Mrp:       1.640000e+24
Mtp:       2.230000e+24
