 PDE 2011  6 20 18 13 21.40 -13.2900  167.2100 207.1 5.4 0.0 VANUATU ISLANDS
event name:     C201106201813A
time shift:      5.1000
half duration:   1.7000
latitude:      -13.3800
longitude:     166.9100
depth:         205.0000
Mrr:       1.930000e+24
Mtt:       2.040000e+24
Mpp:      -3.960000e+24
Mrt:      -3.620000e+23
Mrp:      -1.250000e+24
Mtp:       2.330000e+24
