 PDE 2011  3  9 21 24 49.80  -5.9900  149.7600  29.0 5.9 6.5 NEW BRITAIN REGION, P.N.G.
event name:     C201103092124A
time shift:      6.8000
half duration:   3.6000
latitude:       -6.2600
longitude:     149.7500
depth:          51.0000
Mrr:       3.750000e+25
Mtt:      -3.960000e+25
Mpp:       2.030000e+24
Mrt:       3.910000e+24
Mrp:      -2.100000e+24
Mtp:      -2.810000e+24
