 PDE 2010  1 29  9 19 54.40 -18.9500  169.6600  10.0 5.6 5.8 VANUATU ISLANDS
event name:     C201001290919A
time shift:      5.4000
half duration:   1.9000
latitude:      -18.8400
longitude:     169.7000
depth:          12.0000
Mrr:      -5.260000e+24
Mtt:       2.230000e+24
Mpp:       3.030000e+24
Mrt:       1.770000e+24
Mrp:      -1.340000e+23
Mtp:      -3.020000e+24
