 PDE 2010 11 21  4 36 31.40 -54.9700 -131.4800  10.0 5.7 6.0 PACIFIC-ANTARCTIC RIDGE
event name:     C201011210436A
time shift:      3.9000
half duration:   2.3000
latitude:      -54.7000
longitude:    -131.5300
depth:          15.0000
Mrr:      -8.600000e+23
Mtt:       7.930000e+24
Mpp:      -7.070000e+24
Mrt:       3.200000e+23
Mrp:       1.930000e+24
Mtp:       8.110000e+24
