 PDE 2011  9 16 19 26 41.00  40.2700  142.7800  35.0 6.0 6.7 OFF EAST COAST OF HONSHU, JAPAN
event name:     C201109161926A
time shift:      9.6000
half duration:   5.3000
latitude:       40.2000
longitude:     143.2200
depth:          22.5000
Mrr:       7.140000e+25
Mtt:      -1.000000e+23
Mpp:      -7.120000e+25
Mrt:       4.350000e+25
Mrp:       9.380000e+25
Mtp:      -1.340000e+25
