 PDE 2014 10  9  2 32  5.10 -32.1000 -110.8600  10.0 0.0 6.6 SOUTHERN EAST PACIFIC RISE
event name:     C201410090232A
time shift:      9.3000
half duration:   4.7000
latitude:      -32.3800
longitude:    -111.0700
depth:          17.8000
Mrr:       7.300000e+24
Mtt:      -8.580000e+25
Mpp:       7.850000e+25
Mrt:      -2.980000e+25
Mrp:      -8.500000e+24
Mtp:      -9.700000e+24
