 PDE 2011  8 11 18 22  4.90  37.0300  140.8900  44.0 6.0 5.9 NEAR EAST COAST OF HONSHU, JAPAN
event name:     C201108111822A
time shift:      2.3000
half duration:   2.2000
latitude:       37.0200
longitude:     141.2500
depth:          50.2000
Mrr:       6.590000e+24
Mtt:      -1.010000e+24
Mpp:      -5.580000e+24
Mrt:       3.670000e+24
Mrp:       4.310000e+24
Mtp:      -2.660000e+24
