 PDE 2010  4 21 17 20 29.10 -15.2700 -173.2200  35.0 5.9 6.1 SAMOA ISLANDS REGION
event name:     C201004211720A
time shift:      7.4000
half duration:   2.7000
latitude:      -15.2100
longitude:    -172.8300
depth:          45.3000
Mrr:      -9.730000e+24
Mtt:       2.280000e+24
Mpp:       7.460000e+24
Mrt:      -1.100000e+25
Mrp:       4.020000e+24
Mtp:      -7.180000e+24
