 PDE 2013 11 19 15 16 48.00   8.9100  138.5300  10.0 0.0 5.9 W. CAROLINE ISLANDS, MICRONESIA
event name:     C201311191516A
time shift:      4.4000
half duration:   2.3000
latitude:        8.9800
longitude:     138.5200
depth:          12.0000
Mrr:      -9.120000e+24
Mtt:      -2.100000e+23
Mpp:       9.330000e+24
Mrt:       1.900000e+24
Mrp:       2.630000e+24
Mtp:       3.390000e+24
