 PDE 2014 11 15  2 31 41.70   1.9000  126.5200  45.0 0.0 7.1 NORTHERN MOLUCCA SEA
event name:     C201411150231A
time shift:      8.1000
half duration:   8.2000
latitude:        1.9800
longitude:     126.3700
depth:          38.1000
Mrr:       4.120000e+26
Mtt:      -8.330000e+25
Mpp:      -3.290000e+26
Mrt:      -6.100000e+24
Mrp:      -2.050000e+26
Mtp:      -2.030000e+26
