 PDE 2014  6 29 18 24 32.40 -15.3500 -175.6600  10.0 0.0 5.9 TONGA ISLANDS
event name:     C201406291824A
time shift:      7.4000
half duration:   2.2000
latitude:      -15.1500
longitude:    -175.6000
depth:          15.1000
Mrr:      -6.300000e+23
Mtt:       4.900000e+24
Mpp:      -4.270000e+24
Mrt:      -5.700000e+23
Mrp:      -2.130000e+24
Mtp:       7.460000e+24
