 PDE 2014  2 12 11 43 10.00 -22.3500  -68.8100  99.9 0.0 5.6 NORTHERN CHILE
event name:     C201402121143A
time shift:      9.6000
half duration:   2.0000
latitude:      -22.2000
longitude:     -68.7100
depth:         131.0000
Mrr:      -5.610000e+24
Mtt:      -1.850000e+24
Mpp:       7.460000e+24
Mrt:       2.060000e+24
Mrp:      -1.650000e+24
Mtp:      -2.040000e+24
