 PDE 2010  9 26 18 27 57.80  52.4400  179.7300 225.8 5.5 5.8 RAT ISLANDS, ALEUTIAN ISLANDS
event name:     C201009261827A
time shift:      2.9000
half duration:   1.8000
latitude:       52.5400
longitude:     179.6800
depth:         219.9000
Mrr:       3.130000e+24
Mtt:      -3.070000e+24
Mpp:      -5.900000e+22
Mrt:       4.190000e+24
Mrp:      -9.770000e+23
Mtp:       1.270000e+24
