 PDE 2013  2  6  6 53 20.00 -10.6400  164.9500  10.5 5.6 5.9 SANTA CRUZ ISLANDS REGION
event name:     C201302060653A
time shift:      1.9000
half duration:   2.1000
latitude:      -10.5400
longitude:     164.8500
depth:          15.0000
Mrr:       2.200000e+24
Mtt:       6.420000e+24
Mpp:      -8.620000e+24
Mrt:       4.300000e+24
Mrp:      -1.120000e+24
Mtp:      -2.120000e+24
