 PDE 2014 12  6 17 21 49.00   7.9800  -82.7300  15.0 0.0 6.0 PANAMA-COSTA RICA BORDER REGION
event name:     C201412061721A
time shift:      6.2000
half duration:   2.4000
latitude:        8.0000
longitude:     -82.7100
depth:          19.0000
Mrr:       1.030000e+25
Mtt:      -6.440000e+24
Mpp:      -3.820000e+24
Mrt:       4.120000e+24
Mrp:      -4.780000e+24
Mtp:       5.360000e+24
