 PDE 2014  5 24 11 49 26.10   0.6900  -26.3200  10.0 0.0 5.9 CENTRAL MID-ATLANTIC RIDGE
event name:     C201405241149A
time shift:     11.2000
half duration:   2.0000
latitude:        0.8400
longitude:     -25.8200
depth:          18.6000
Mrr:      -1.440000e+24
Mtt:       2.220000e+24
Mpp:      -7.750000e+23
Mrt:      -5.820000e+23
Mrp:       9.630000e+23
Mtp:      -6.570000e+24
