 PDE 2012  3  4 12 49  2.40 -21.5300  169.7700  14.0 5.4 5.7 SOUTHEAST OF LOYALTY ISLANDS
event name:     C201203041249A
time shift:      6.3000
half duration:   1.9000
latitude:      -21.7700
longitude:     169.6400
depth:          28.3000
Mrr:       4.570000e+24
Mtt:      -1.240000e+24
Mpp:      -3.330000e+24
Mrt:       9.810000e+23
Mrp:      -2.920000e+24
Mtp:       2.690000e+24
