 PDE 2010  1 25 22 52 46.50  -8.5000  -74.4700 146.7 5.7 5.9 PERU-BRAZIL BORDER REGION
event name:     C201001252252A
time shift:      2.2000
half duration:   2.1000
latitude:       -8.5300
longitude:     -74.5200
depth:         148.3000
Mrr:      -7.010000e+24
Mtt:       5.980000e+24
Mpp:       1.030000e+24
Mrt:       2.330000e+24
Mrp:      -5.650000e+24
Mtp:      -4.900000e+23
