 PDE 2010  6 26  9 50 45.80  -8.0200  108.0900  90.7 5.9 5.9 JAVA, INDONESIA
event name:     C201006260950A
time shift:      0.5000
half duration:   2.1000
latitude:       -8.3300
longitude:     108.0300
depth:         100.4000
Mrr:       8.290000e+23
Mtt:       1.050000e+24
Mpp:      -1.880000e+24
Mrt:       7.900000e+24
Mrp:      -1.940000e+24
Mtp:      -1.640000e+24
