 PDE 2013  2  8 15  0 12.10 -10.9300  165.8900  10.0 5.2 5.8 SANTA CRUZ ISLANDS
event name:     C201302081500A
time shift:      4.0000
half duration:   1.9000
latitude:      -10.8800
longitude:     165.8200
depth:          22.5000
Mrr:      -7.100000e+23
Mtt:       5.910000e+24
Mpp:      -5.200000e+24
Mrt:       9.500000e+22
Mrp:      -6.380000e+23
Mtp:      -2.710000e+24
