 PDE 2012  6  4 14 18 52.30 -15.2800 -177.9200  10.0 5.3 5.8 FIJI ISLANDS REGION
event name:     C201206041418A
time shift:      5.6000
half duration:   1.9000
latitude:      -15.1700
longitude:    -177.8700
depth:          15.4000
Mrr:      -5.110000e+23
Mtt:      -2.100000e+24
Mpp:       2.620000e+24
Mrt:      -6.170000e+23
Mrp:      -7.210000e+23
Mtp:       5.360000e+24
