 PDE 2011  5 10 10 24 17.50 -20.2700  168.4000  10.0 5.7 5.9 LOYALTY ISLANDS
event name:     C201105101024A
time shift:      4.7000
half duration:   2.2000
latitude:      -20.5100
longitude:     168.3900
depth:          22.4000
Mrr:      -1.030000e+25
Mtt:       2.390000e+24
Mpp:       7.950000e+24
Mrt:      -1.720000e+24
Mrp:      -4.100000e+23
Mtp:      -1.260000e+24
