 PDE 2012  9  1 18  1 48.20  16.2300  -92.7700 256.7 5.3 5.5 CHIAPAS, MEXICO
event name:     C201209011801A
time shift:      2.8000
half duration:   1.3000
latitude:       16.4200
longitude:     -92.6100
depth:         251.1000
Mrr:      -6.000000e+21
Mtt:      -2.780000e+23
Mpp:       2.840000e+23
Mrt:       3.740000e+23
Mrp:      -2.060000e+24
Mtp:      -1.020000e+23
