 PDE 2011  3 17 12 54 52.60  36.7600  141.2000  29.0 6.1 5.9 NEAR EAST COAST OF HONSHU, JAPAN
event name:     C201103171254A
time shift:      2.2000
half duration:   1.9000
latitude:       36.8000
longitude:     141.4200
depth:          39.5000
Mrr:      -6.670000e+24
Mtt:       3.070000e+24
Mpp:       3.610000e+24
Mrt:      -8.220000e+23
Mrp:      -7.200000e+22
Mtp:       2.220000e+24
