 PDE 2011 11  7 16 51 25.10 -63.2400  170.7400   5.5 5.3 5.8 BALLENY ISLANDS REGION
event name:     C201111071651A
time shift:      3.8000
half duration:   1.9000
latitude:      -63.1000
longitude:     170.9100
depth:          12.0000
Mrr:      -4.290000e+23
Mtt:       5.600000e+24
Mpp:      -5.170000e+24
Mrt:      -2.190000e+24
Mrp:       3.710000e+23
Mtp:      -1.220000e+24
