 PDE 2010  2 27 19 54 28.70  10.8400  -43.4100  10.0 5.5 5.3 NORTHERN MID-ATLANTIC RIDGE
event name:     C201002271954A
time shift:      6.0000
half duration:   2.0000
latitude:       10.8300
longitude:     -43.3900
depth:          14.0000
Mrr:       1.370000e+24
Mtt:      -2.280000e+24
Mpp:       9.070000e+23
Mrt:      -1.600000e+24
Mrp:       4.320000e+24
Mtp:      -5.280000e+24
