 PDE 2013  2 28  3  9 44.50 -17.7200  167.3400  18.0 6.0 5.9 VANUATU ISLANDS
event name:     C201302280309A
time shift:      5.0000
half duration:   2.1000
latitude:      -17.7500
longitude:     167.1800
depth:          36.8000
Mrr:       5.140000e+24
Mtt:      -3.000000e+24
Mpp:      -2.140000e+24
Mrt:       5.600000e+22
Mrp:      -4.460000e+24
Mtp:       4.940000e+24
