 PDE 2014  1 10  2 22 55.90 -31.3100 -179.5700 211.0 0.0 5.6 KERMADEC ISLANDS REGION
event name:     C201401100222A
time shift:      2.2000
half duration:   1.7000
latitude:      -31.2700
longitude:    -179.4900
depth:         217.4000
Mrr:      -2.460000e+24
Mtt:      -1.140000e+24
Mpp:       3.600000e+24
Mrt:      -1.640000e+24
Mrp:       1.560000e+24
Mtp:       6.560000e+23
