 PDE 2013 12 28 18 59  4.90  -1.3700  -15.1700  10.2 0.0 5.8 NORTH OF ASCENSION ISLAND
event name:     C201312281859A
time shift:      4.7000
half duration:   2.2000
latitude:       -1.0800
longitude:     -15.0300
depth:          19.8000
Mrr:      -6.590000e+23
Mtt:       3.610000e+24
Mpp:      -2.960000e+24
Mrt:       7.120000e+23
Mrp:       2.490000e+24
Mtp:      -7.940000e+24
