 PDE 2010  1 13 17 18  8.00  -0.6900  133.3300  10.0 5.7 5.7 IRIAN JAYA REGION, INDONESIA
event name:     C201001131718A
time shift:      4.4000
half duration:   1.9000
latitude:       -0.6400
longitude:     133.3000
depth:          26.8000
Mrr:       2.610000e+24
Mtt:      -2.850000e+24
Mpp:       2.420000e+23
Mrt:      -3.350000e+24
Mrp:       4.230000e+24
Mtp:       1.670000e+24
