 PDE 2010 10 20  4  9 42.80  24.5400 -109.1000  10.0 5.5 5.8 GULF OF CALIFORNIA
event name:     C201010200409A
time shift:      5.1000
half duration:   2.1000
latitude:       24.7400
longitude:    -109.1900
depth:          19.4000
Mrr:      -1.200000e+24
Mtt:      -7.050000e+24
Mpp:       8.240000e+24
Mrt:       1.440000e+24
Mrp:       4.700000e+23
Mtp:      -3.100000e+23
