 PDE 2010  3 11  6 22 18.50 -57.2800  -27.9300 307.6 5.7 5.6 SOUTH SANDWICH ISLANDS REGION
event name:     C201003110622A
time shift:      1.6000
half duration:   1.5000
latitude:      -57.4600
longitude:     -27.5800
depth:         285.6000
Mrr:       2.200000e+24
Mtt:      -8.640000e+23
Mpp:      -1.340000e+24
Mrt:       1.260000e+24
Mrp:       1.400000e+24
Mtp:      -9.440000e+23
