 PDE 2012  3  5  7 46 10.00 -28.2500  -63.2900 553.9 6.0 6.1 SANTIAGO DEL ESTERO PROV., ARG.
event name:     C201203050746A
time shift:      2.0000
half duration:   2.8000
latitude:      -28.1900
longitude:     -63.2700
depth:         565.1000
Mrr:      -1.480000e+25
Mtt:       1.050000e+25
Mpp:       4.240000e+24
Mrt:      -1.120000e+25
Mrp:       5.510000e+24
Mtp:      -5.340000e+24
