 PDE 2010 11 26 17 36 13.00  -3.3500  131.0200  21.6 5.7 5.8 IRIAN JAYA REGION, INDONESIA
event name:     C201011261736A
time shift:      1.8000
half duration:   2.0000
latitude:       -3.3700
longitude:     131.1300
depth:          13.8000
Mrr:       5.170000e+24
Mtt:      -2.450000e+24
Mpp:      -2.720000e+24
Mrt:      -2.610000e+24
Mrp:       4.390000e+24
Mtp:       2.710000e+24
