 PDE 2014  7 27  1 28 37.40  23.7200  -45.5800  10.0 0.0 6.0 NORTHERN MID-ATLANTIC RIDGE
event name:     C201407270128A
time shift:      4.9000
half duration:   2.6000
latitude:       23.8600
longitude:     -45.5900
depth:          13.7000
Mrr:      -3.400000e+23
Mtt:      -5.630000e+24
Mpp:       5.970000e+24
Mrt:       2.800000e+24
Mrp:       6.300000e+23
Mtp:      -1.430000e+25
