 PDE 2012  6 29 15 31 46.70 -24.7400   -9.6700  10.0 0.0 5.8 SOUTH ATLANTIC OCEAN
event name:     C201206291531A
time shift:      1.2000
half duration:   1.9000
latitude:      -24.6300
longitude:      -9.6700
depth:          12.0000
Mrr:       5.570000e+24
Mtt:      -3.600000e+22
Mpp:      -5.530000e+24
Mrt:       3.600000e+22
Mrp:       1.590000e+24
Mtp:       2.190000e+24
