 PDE 2011  5 21 21 17  2.40 -30.8200 -178.1700  34.0 5.5 5.8 KERMADEC ISLANDS, NEW ZEALAND
event name:     C201105212117A
time shift:      5.1000
half duration:   2.0000
latitude:      -30.8100
longitude:    -177.9600
depth:          52.7000
Mrr:       6.910000e+24
Mtt:      -3.690000e+23
Mpp:      -6.540000e+24
Mrt:      -2.460000e+23
Mrp:       6.560000e+23
Mtp:      -2.050000e+24
