 PDE 2013  3  9 14 56 28.80  50.8900  157.2200  39.0 5.7 5.9 KURIL ISLANDS
event name:     C201303091456A
time shift:      3.3000
half duration:   1.9000
latitude:       50.6400
longitude:     157.6400
depth:          46.5000
Mrr:       5.710000e+24
Mtt:      -2.490000e+24
Mpp:      -3.220000e+24
Mrt:       1.820000e+24
Mrp:       1.470000e+24
Mtp:      -2.910000e+24
