 PDE 2011  3 12 14 43 10.90  39.4700  142.4000  35.0 5.7 5.8 NEAR EAST COAST OF HONSHU, JAPAN
event name:     C201103121443A
time shift:      0.9000
half duration:   1.9000
latitude:       39.5200
longitude:     142.5200
depth:          15.1000
Mrr:       8.810000e+23
Mtt:       1.440000e+23
Mpp:      -1.020000e+24
Mrt:       1.530000e+23
Mrp:       5.800000e+24
Mtp:       1.350000e+23
