 PDE 2014 10 11  2 35 47.50  41.0300  143.1600  22.0 0.0 6.1 HOKKAIDO, JAPAN REGION
event name:     C201410110235A
time shift:      4.4000
half duration:   2.5000
latitude:       41.0600
longitude:     143.2500
depth:          24.0000
Mrr:       8.610000e+24
Mtt:      -5.300000e+23
Mpp:      -8.080000e+24
Mrt:       4.810000e+24
Mrp:       1.020000e+25
Mtp:      -2.360000e+24
