 PDE 2010 11  1 23 16 46.70  16.7400  -93.7900 167.4 5.4 5.6 CHIAPAS, MEXICO
event name:     C201011012316A
time shift:      0.6000
half duration:   1.6000
latitude:       16.9700
longitude:     -93.6300
depth:         168.7000
Mrr:      -5.610000e+23
Mtt:      -1.040000e+24
Mpp:       1.600000e+24
Mrt:       2.370000e+24
Mrp:      -1.970000e+24
Mtp:      -8.050000e+23
