 PDE 2011  6 22 21 50 52.30  39.9600  142.2100  33.0 6.1 6.7 NEAR EAST COAST OF HONSHU, JAPAN
event name:     C201106222150A
time shift:      4.9000
half duration:   5.6000
latitude:       39.9900
longitude:     142.5100
depth:          41.3000
Mrr:       1.050000e+26
Mtt:       4.500000e+24
Mpp:      -1.090000e+26
Mrt:       1.250000e+25
Mrp:       1.120000e+26
Mtp:      -3.300000e+24
