 PDE 2010  5  2 14 52 39.50 -34.2300  -71.8800  10.0 5.8 5.9 NEAR COAST OF CENTRAL CHILE
event name:     C201005021452A
time shift:      4.8000
half duration:   2.2000
latitude:      -34.4800
longitude:     -72.2200
depth:          15.3000
Mrr:      -4.180000e+24
Mtt:      -1.930000e+24
Mpp:       6.120000e+24
Mrt:      -4.710000e+24
Mrp:       6.570000e+24
Mtp:      -4.500000e+23
