 PDE 2013  3  1  3 29 46.80  21.7600  143.9800 153.2 5.3 5.5 MARIANA ISLANDS REGION
event name:     C201303010329A
time shift:      1.9000
half duration:   1.3000
latitude:       21.8600
longitude:     144.2200
depth:         152.1000
Mrr:       7.140000e+23
Mtt:      -1.320000e+24
Mpp:       6.100000e+23
Mrt:       1.010000e+24
Mrp:       1.390000e+24
Mtp:       4.860000e+23
