 PDE 2010 12 28  8 34 17.50 -23.4100 -179.8000 551.0 5.7 6.3 SOUTH OF FIJI ISLANDS
event name:     C201012280834A
time shift:      5.0000
half duration:   3.4000
latitude:      -23.4900
longitude:    -179.7300
depth:         571.4000
Mrr:      -1.250000e+25
Mtt:       1.730000e+25
Mpp:      -4.840000e+24
Mrt:       2.500000e+25
Mrp:       1.400000e+23
Mtp:      -1.780000e+25
