 PDE 2010 12 18 22 24 18.00 -14.1300 -173.3100  30.7 5.4 5.7 SAMOA ISLANDS REGION
event name:     C201012182224A
time shift:      1.2000
half duration:   2.1000
latitude:      -14.9000
longitude:    -173.4400
depth:          12.0000
Mrr:      -1.050000e+24
Mtt:       1.390000e+24
Mpp:      -3.330000e+23
Mrt:      -7.880000e+24
Mrp:       1.040000e+24
Mtp:      -1.000000e+22
