 PDE 2012  4 20 22 28 59.20   3.2700   93.8200  22.0 5.6 5.9 OFF W COAST OF NORTHERN SUMATRA
event name:     C201204202229A
time shift:      5.9000
half duration:   2.0000
latitude:        3.1500
longitude:      93.7300
depth:          12.0000
Mrr:       5.270000e+24
Mtt:      -4.730000e+23
Mpp:      -4.800000e+24
Mrt:      -1.290000e+23
Mrp:       6.410000e+23
Mtp:       4.680000e+24
