 PDE 2014  6 29 15 52 23.00 -14.7800 -175.2600   9.0 0.0 6.4 SAMOA ISLANDS REGION
event name:     C201406291552A
time shift:      9.5000
half duration:   4.0000
latitude:      -14.7500
longitude:    -175.4400
depth:          12.0000
Mrr:      -6.860000e+24
Mtt:       3.440000e+25
Mpp:      -2.750000e+25
Mrt:       2.150000e+24
Mrp:       9.100000e+23
Mtp:       4.670000e+25
