 PDE 2013  7  2 20  4 55.80 -23.8500  -66.5200 198.9 5.2 5.7 JUJUY PROVINCE, ARGENTINA
event name:     C201307022004A
time shift:      5.7000
half duration:   1.7000
latitude:      -23.9800
longitude:     -66.7300
depth:         225.8000
Mrr:      -3.410000e+24
Mtt:       1.050000e+23
Mpp:       3.300000e+24
Mrt:       5.150000e+23
Mrp:      -1.940000e+24
Mtp:       8.070000e+23
