 PDE 2011  7 31 23 38 56.60  -3.5200  144.8300  10.0 6.2 6.6 NEAR N COAST OF NEW GUINEA, PNG.
event name:     C201107312338A
time shift:      7.9000
half duration:   4.9000
latitude:       -3.3900
longitude:     144.6300
depth:          12.0000
Mrr:      -4.700000e+24
Mtt:      -8.800000e+24
Mpp:       1.350000e+25
Mrt:       5.700000e+24
Mrp:       8.800000e+24
Mtp:       1.030000e+26
