 PDE 2012  8  5 13 55 10.40 -21.1500 -178.3600 484.3 5.5 5.9 FIJI ISLANDS REGION
event name:     C201208051355A
time shift:      4.3000
half duration:   1.9000
latitude:      -21.0300
longitude:    -178.2600
depth:         491.0000
Mrr:      -3.630000e+24
Mtt:       1.430000e+24
Mpp:       2.200000e+24
Mrt:      -4.250000e+24
Mrp:      -3.050000e+24
Mtp:       3.270000e+23
