 PDE 2010  1 19 14 23 38.80  19.0000  -80.8000  10.0 5.7 5.9 NORTH OF HONDURAS
event name:     C201001191423A
time shift:      4.7000
half duration:   2.2000
latitude:       18.9900
longitude:     -80.9100
depth:          19.5000
Mrr:      -2.920000e+23
Mtt:      -3.150000e+24
Mpp:       3.440000e+24
Mrt:       1.340000e+24
Mrp:      -5.870000e+23
Mtp:       7.840000e+24
