 PDE 2010  9 30  9  0 24.50  19.7100  121.4700  15.0 5.7 5.8 PHILIPPINE ISLANDS REGION
event name:     C201009300900A
time shift:      2.4000
half duration:   1.9000
latitude:       19.7600
longitude:     121.3200
depth:          29.2000
Mrr:      -8.580000e+23
Mtt:       2.870000e+24
Mpp:      -2.010000e+24
Mrt:      -1.400000e+24
Mrp:      -5.740000e+23
Mtp:      -5.230000e+24
