 PDE 2010  9 23  5 28 35.60  52.2300  179.7500 167.8 5.5 5.5 RAT ISLANDS, ALEUTIAN ISLANDS
event name:     C201009230528A
time shift:      1.6000
half duration:   1.5000
latitude:       52.2000
longitude:     179.7600
depth:         170.8000
Mrr:       5.200000e+22
Mtt:      -6.190000e+23
Mpp:       5.670000e+23
Mrt:       2.290000e+24
Mrp:      -1.530000e+24
Mtp:      -4.000000e+23
