 PDE 2011  3 12  2 47 33.50  37.6000  143.6100  14.6 5.7 5.9 OFF EAST COAST OF HONSHU, JAPAN
event name:     C201103120247A
time shift:      3.8000
half duration:   2.1000
latitude:       37.6300
longitude:     143.7100
depth:          15.3000
Mrr:      -1.570000e+24
Mtt:      -5.730000e+24
Mpp:       7.300000e+24
Mrt:       1.030000e+24
Mrp:       2.970000e+24
Mtp:       3.270000e+24
