 PDE 2011 12 11  5 30 57.60 -24.0800  178.5500 555.5 5.4 5.6 SOUTH OF FIJI ISLANDS
event name:     C201112110530A
time shift:      2.4000
half duration:   1.6000
latitude:      -24.0300
longitude:     178.5100
depth:         571.2000
Mrr:      -1.850000e+24
Mtt:       8.250000e+23
Mpp:       1.020000e+24
Mrt:      -3.810000e+23
Mrp:       3.270000e+24
Mtp:      -1.070000e+24
