 PDE 2014  4 19 20 54 42.30 -20.0300  -70.9200  10.0 0.0 5.8 OFF COAST OF NORTHERN CHILE
event name:     C201404192054A
time shift:      6.7000
half duration:   2.0000
latitude:      -19.9100
longitude:     -71.3200
depth:          21.8000
Mrr:       5.960000e+24
Mtt:      -8.230000e+23
Mpp:      -5.130000e+24
Mrt:       3.120000e+23
Mrp:      -4.490000e+24
Mtp:       1.320000e+24
