 PDE 2011 11 30 14 57 44.70 -22.1700 -176.7300 171.8 5.1 5.6 SOUTH OF FIJI ISLANDS
event name:     C201111301457A
time shift:      2.2000
half duration:   1.5000
latitude:      -22.2000
longitude:    -176.3100
depth:         170.9000
Mrr:       2.090000e+23
Mtt:       7.970000e+23
Mpp:      -1.010000e+24
Mrt:      -1.380000e+24
Mrp:      -2.360000e+24
Mtp:       5.170000e+23
