 PDE 2011  7 25 17 15 40.80  14.9500  120.0400  35.0 5.9 5.9 LUZON, PHILIPPINES
event name:     C201107251715A
time shift:      3.9000
half duration:   2.3000
latitude:       15.1100
longitude:     119.8200
depth:          45.5000
Mrr:       8.840000e+24
Mtt:       1.080000e+24
Mpp:      -9.930000e+24
Mrt:      -2.750000e+24
Mrp:      -1.770000e+24
Mtp:      -7.700000e+23
