 PDE 2014  4 20  1 54 11.70 -26.5600 -115.0200  10.0 0.0 5.9 EASTER ISLAND REGION
event name:     C201404200154A
time shift:      3.8000
half duration:   1.9000
latitude:      -26.8000
longitude:    -114.8700
depth:          13.7000
Mrr:      -1.620000e+24
Mtt:       5.260000e+23
Mpp:       1.100000e+24
Mrt:       1.350000e+24
Mrp:       2.410000e+23
Mtp:      -6.010000e+24
