 PDE 2010  3 18  9 14  9.30 -23.2600 -177.2400 186.9 5.1 5.6 SOUTH OF FIJI ISLANDS
event name:     C201003180914A
time shift:     -0.9000
half duration:   1.4000
latitude:      -23.2400
longitude:    -176.7500
depth:         161.5000
Mrr:      -1.290000e+24
Mtt:       1.250000e+23
Mpp:       1.170000e+24
Mrt:      -5.240000e+23
Mrp:      -2.130000e+24
Mtp:       1.900000e+23
