 PDE 2010  6 15  4 26 58.50  32.7000 -115.9200   5.4 5.6 5.8 CALIF.-BAJA CALIF. BORDER REGION
event name:     C201006150426A
time shift:      2.9000
half duration:   1.9000
latitude:       32.6600
longitude:    -115.9800
depth:          13.4000
Mrr:      -1.770000e+24
Mtt:      -5.230000e+24
Mpp:       7.000000e+24
Mrt:      -5.860000e+23
Mrp:      -1.800000e+22
Mtp:      -1.300000e+24
