 PDE 2013  2 23 11  9 19.30  -8.4700  127.4700  20.0 5.7 5.9 TIMOR REGION
event name:     C201302231109A
time shift:      4.2000
half duration:   1.9000
latitude:       -8.7000
longitude:     127.5000
depth:          27.9000
Mrr:       4.470000e+24
Mtt:      -3.880000e+24
Mpp:      -5.880000e+23
Mrt:       3.480000e+24
Mrp:       7.630000e+23
Mtp:      -2.030000e+24
