 PDE 2011  9  9 19 26  1.10 -49.5800  164.0000  10.0 4.5 5.9 AUCKLAND ISLANDS, N.Z. REGION
event name:     C201109091926A
time shift:      6.7000
half duration:   2.3000
latitude:      -49.9300
longitude:     163.2000
depth:          18.7000
Mrr:      -8.000000e+23
Mtt:       1.050000e+25
Mpp:      -9.700000e+24
Mrt:       1.000000e+23
Mrp:      -1.100000e+24
Mtp:      -1.120000e+24
