 PDE 2011 11 21  3 15 42.30  24.9500   95.2400 113.7 5.9 5.8 MYANMAR
event name:     C201111210315A
time shift:      0.6000
half duration:   1.9000
latitude:       24.8200
longitude:      95.1900
depth:         129.2000
Mrr:       4.750000e+24
Mtt:      -3.760000e+24
Mpp:      -9.920000e+23
Mrt:      -9.030000e+23
Mrp:      -1.300000e+24
Mtp:       3.260000e+24
