 PDE 2013  3 13  3 12 52.20  60.2300  163.4000   5.0 5.7 5.8 EASTERN SIBERIA, RUSSIA
event name:     C201303130312A
time shift:      3.1000
half duration:   1.9000
latitude:       60.2300
longitude:     163.6100
depth:          12.0000
Mrr:       4.130000e+24
Mtt:       4.350000e+23
Mpp:      -4.570000e+24
Mrt:      -4.420000e+23
Mrp:      -2.600000e+24
Mtp:       4.040000e+24
