 PDE 2012 11 21 21 36 22.70 -33.9400  -71.8700  18.0 5.7 5.9 NEAR COAST OF CENTRAL CHILE
event name:     C201211212136A
time shift:      4.0000
half duration:   2.1000
latitude:      -34.0500
longitude:     -72.3100
depth:          21.2000
Mrr:       5.080000e+24
Mtt:       3.480000e+23
Mpp:      -5.430000e+24
Mrt:       1.400000e+24
Mrp:      -6.230000e+24
Mtp:       2.630000e+23
