 PDE 2012  7  2 23 31 37.90 -14.4200  -75.6000  39.7 6.0 5.7 NEAR COAST OF PERU
event name:     C201207022331A
time shift:      2.4000
half duration:   1.9000
latitude:      -14.5300
longitude:     -76.0200
depth:          38.3000
Mrr:       3.820000e+24
Mtt:       6.900000e+22
Mpp:      -3.890000e+24
Mrt:       1.700000e+23
Mrp:      -3.760000e+24
Mtp:       1.690000e+24
