 PDE 2010 10 16 20  8 30.10 -20.4200 -173.8500   8.0 6.1 5.9 TONGA ISLANDS
event name:     C201010162008A
time shift:      4.9000
half duration:   2.0000
latitude:      -20.5200
longitude:    -173.1900
depth:          12.0000
Mrr:       5.120000e+24
Mtt:      -7.650000e+23
Mpp:      -4.350000e+24
Mrt:       1.630000e+24
Mrp:       3.690000e+24
Mtp:      -2.550000e+24
