 PDE 2010  3 13 14 59  3.30   1.3400   97.2000  35.0 5.5 5.8 OFF W COAST OF NORTHERN SUMATRA
event name:     C201003131459A
time shift:      2.8000
half duration:   1.8000
latitude:        1.1600
longitude:      96.8100
depth:          23.6000
Mrr:       3.500000e+24
Mtt:      -1.330000e+24
Mpp:      -2.170000e+24
Mrt:       3.480000e+24
Mrp:      -2.850000e+24
Mtp:       1.890000e+24
