 PDE 2014  9 25 17 51 17.00  61.9400 -151.8200 108.9 0.0 6.2 CENTRAL ALASKA
event name:     C201409251751A
time shift:      5.4000
half duration:   3.4000
latitude:       62.0000
longitude:    -151.7800
depth:         109.2000
Mrr:       3.170000e+24
Mtt:      -3.380000e+25
Mpp:       3.070000e+25
Mrt:      -3.230000e+24
Mrp:       9.760000e+24
Mtp:      -3.400000e+23
