 PDE 2010  2 27 23  2  2.20 -37.6900  -72.8300  45.2 5.8 5.9 NEAR COAST OF CENTRAL CHILE
event name:     C201002272302A
time shift:      3.8000
half duration:   2.1000
latitude:      -37.9400
longitude:     -73.3300
depth:          53.4000
Mrr:       7.050000e+24
Mtt:      -1.220000e+24
Mpp:      -5.830000e+24
Mrt:       9.100000e+23
Mrp:      -4.600000e+24
Mtp:       9.500000e+23
