 PDE 2011  6 21  2  4 15.90 -11.4800  165.5500  14.0 5.8 6.0 SANTA CRUZ ISLANDS
event name:     C201106210204A
time shift:      5.7000
half duration:   2.5000
latitude:      -11.5500
longitude:     165.3600
depth:          21.6000
Mrr:      -1.260000e+25
Mtt:       4.900000e+23
Mpp:       1.210000e+25
Mrt:       5.000000e+22
Mrp:      -1.020000e+24
Mtp:      -3.430000e+24
