 PDE 2014  7 13 20  0 36.90  -4.0500  151.2700  10.0 0.0 5.8 NEW BRITAIN REGION, P.N.G.
event name:     C201407132000A
time shift:      2.7000
half duration:   2.0000
latitude:       -4.0800
longitude:     151.2900
depth:          14.1000
Mrr:      -3.600000e+23
Mtt:       7.280000e+24
Mpp:      -6.910000e+24
Mrt:       2.600000e+23
Mrp:      -8.200000e+23
Mtp:       1.380000e+24
