 PDE 2014  3  6  5 42 37.80  18.5800  145.5600 210.0 0.0 5.3 MARIANA ISLANDS
event name:     C201403060542A
time shift:      0.0000
half duration:   1.4000
latitude:       18.6600
longitude:     145.7800
depth:         183.0000
Mrr:       3.100000e+23
Mtt:       6.010000e+23
Mpp:      -9.110000e+23
Mrt:      -9.440000e+23
Mrp:       0.000000e+00
Mtp:       1.770000e+24
