 PDE 2012 11 29  8 11  9.70 -28.4500 -178.3900 257.1 4.8 0.0 KERMADEC ISLANDS REGION
event name:     C201211290811A
time shift:      3.2000
half duration:   1.3000
latitude:      -28.0700
longitude:    -178.0200
depth:         252.6000
Mrr:       4.050000e+23
Mtt:       9.040000e+23
Mpp:      -1.310000e+24
Mrt:      -8.940000e+23
Mrp:       1.430000e+24
Mtp:      -5.000000e+22
