 PDE 2010  7 25  3 39 17.40 -15.0700 -173.5500   7.0 5.6 5.9 SAMOA ISLANDS REGION
event name:     C201007250339A
time shift:      7.7000
half duration:   2.1000
latitude:      -14.8400
longitude:    -173.2600
depth:          13.1000
Mrr:       7.960000e+23
Mtt:       3.720000e+24
Mpp:      -4.520000e+24
Mrt:       1.270000e+24
Mrp:       5.130000e+24
Mtp:       4.280000e+24
