 PDE 2014 11  2 17 17  4.40 -61.2200  154.2800  10.0 0.0 6.0 BALLENY ISLANDS REGION
event name:     C201411021717A
time shift:      8.4000
half duration:   2.5000
latitude:      -61.0200
longitude:     153.7700
depth:          19.1000
Mrr:      -1.410000e+24
Mtt:       1.040000e+25
Mpp:      -9.000000e+24
Mrt:       8.400000e+23
Mrp:       2.390000e+24
Mtp:      -8.240000e+24
