 PDE 2014  5 30  1 20 15.20  25.0000   97.8500  10.0 0.0 5.9 MYANMAR-CHINA BORDER REGION
event name:     C201405300120A
time shift:      2.3000
half duration:   2.2000
latitude:       24.9300
longitude:      97.9000
depth:          14.7000
Mrr:      -7.270000e+23
Mtt:      -2.130000e+24
Mpp:       2.860000e+24
Mrt:       7.820000e+23
Mrp:       1.970000e+24
Mtp:       8.400000e+24
