 PDE 2010  2 22  7  0 52.90 -23.6400 -176.0400  25.1 5.5 6.0 TONGA ISLANDS REGION
event name:     C201002220700A
time shift:      2.5000
half duration:   2.2000
latitude:      -23.8300
longitude:    -175.3500
depth:          21.2000
Mrr:       7.620000e+24
Mtt:      -4.100000e+23
Mpp:      -7.210000e+24
Mrt:       1.830000e+24
Mrp:       5.270000e+24
Mtp:      -2.430000e+24
