 PDE 2011  6  1 12 55 22.40 -37.5800  -73.6900  21.0 5.6 6.3 OFF COAST OF CENTRAL CHILE
event name:     C201106011255A
time shift:      3.0000
half duration:   3.6000
latitude:      -37.7400
longitude:     -74.4100
depth:          12.0000
Mrr:       2.250000e+25
Mtt:       1.600000e+23
Mpp:      -2.270000e+25
Mrt:      -1.940000e+24
Mrp:      -3.400000e+25
Mtp:      -7.500000e+23
