 PDE 2012  1 22  5 53 42.10 -56.7600  -25.1500  13.0 5.5 6.1 SOUTH SANDWICH ISLANDS REGION
event name:     C201201220553A
time shift:      6.9000
half duration:   2.3000
latitude:      -56.8000
longitude:     -24.5200
depth:          12.0000
Mrr:       6.750000e+24
Mtt:       2.600000e+23
Mpp:      -7.010000e+24
Mrt:      -3.430000e+24
Mrp:       6.800000e+24
Mtp:       1.440000e+24
