 PDE 2012 12 15 19 30  2.20  -4.6300  153.0200  52.0 5.9 6.1 NEW BRITAIN REGION, P.N.G.
event name:     C201212151930A
time shift:      4.8000
half duration:   2.7000
latitude:       -4.8800
longitude:     152.9500
depth:          57.1000
Mrr:       1.500000e+25
Mtt:      -1.590000e+25
Mpp:       9.400000e+23
Mrt:       6.180000e+24
Mrp:       1.530000e+24
Mtp:       1.410000e+24
