 PDE 2014  5 12 18 38 36.70 -49.9400 -114.8000  10.5 0.0 6.5 SOUTHERN EAST PACIFIC RISE
event name:     C201405121838A
time shift:      9.9000
half duration:   3.9000
latitude:      -49.9000
longitude:    -115.0600
depth:          13.2000
Mrr:       4.400000e+23
Mtt:       2.380000e+25
Mpp:      -2.430000e+25
Mrt:      -1.630000e+24
Mrp:       4.430000e+24
Mtp:       4.520000e+25
