 PDE 2011  3 12 22 12 46.30  37.6800  141.8900  16.0 5.9 5.9 NEAR EAST COAST OF HONSHU, JAPAN
event name:     C201103122212A
time shift:      3.8000
half duration:   2.1000
latitude:       37.5600
longitude:     141.9900
depth:          15.4000
Mrr:      -8.640000e+24
Mtt:       1.990000e+24
Mpp:       6.650000e+24
Mrt:      -3.300000e+23
Mrp:       1.970000e+24
Mtp:      -2.630000e+24
