 PDE 2014 10  2 12 57  5.80  52.3200  158.0500 143.0 0.0 5.7 NEAR EAST COAST OF KAMCHATKA
event name:     C201410021257A
time shift:      3.0000
half duration:   1.9000
latitude:       52.2900
longitude:     158.4100
depth:         151.7000
Mrr:      -8.000000e+22
Mtt:       5.760000e+23
Mpp:      -4.960000e+23
Mrt:       2.900000e+24
Mrp:       4.960000e+24
Mtp:       3.300000e+22
