 PDE 2011  5 20  0 46 17.00  35.7600  140.8400  29.0 5.7 5.8 NEAR EAST COAST OF HONSHU, JAPAN
event name:     C201105200046A
time shift:      2.4000
half duration:   1.9000
latitude:       35.7400
longitude:     141.2200
depth:          36.6000
Mrr:       4.380000e+24
Mtt:      -4.970000e+23
Mpp:      -3.880000e+24
Mrt:       1.020000e+24
Mrp:       3.630000e+24
Mtp:      -1.340000e+24
