 PDE 2014 11 17 16 52 46.80 -46.3500   33.8000  10.0 0.0 6.1 PRINCE EDWARD ISLANDS REGION
event name:     C201411171652A
time shift:      3.3000
half duration:   3.1000
latitude:      -46.2700
longitude:      33.7900
depth:          17.6000
Mrr:      -2.640000e+24
Mtt:       1.350000e+25
Mpp:      -1.080000e+25
Mrt:       7.890000e+24
Mrp:      -1.180000e+24
Mtp:       2.230000e+25
