 PDE 2014  3 10  5 18 13.40  40.8300 -125.1300  16.6 0.0 6.9 OFF COAST OF NORTHERN CALIFORNIA
event name:     C201403100518A
time shift:      8.4000
half duration:   7.0000
latitude:       40.8000
longitude:    -125.2300
depth:          15.0000
Mrr:      -6.300000e+24
Mtt:      -2.840000e+26
Mpp:       2.900000e+26
Mrt:       2.110000e+25
Mrp:      -8.300000e+24
Mtp:       4.830000e+25
