 PDE 2010  5 31 10 16  2.40   6.9500  124.0000  35.0 5.7 5.9 MINDANAO, PHILIPPINES
event name:     C201005311016A
time shift:      1.0000
half duration:   2.3000
latitude:        6.9100
longitude:     123.9300
depth:          26.2000
Mrr:      -3.180000e+24
Mtt:       4.800000e+24
Mpp:      -1.630000e+24
Mrt:      -5.550000e+24
Mrp:      -5.150000e+24
Mtp:      -6.480000e+24
