 PDE 2011 12 14  0 48 10.20 -15.3800 -174.8300  10.0 5.3 5.8 TONGA ISLANDS
event name:     C201112140048A
time shift:      4.8000
half duration:   1.9000
latitude:      -15.3300
longitude:    -174.6800
depth:          16.0000
Mrr:       1.300000e+22
Mtt:      -3.390000e+24
Mpp:       3.380000e+24
Mrt:      -1.610000e+23
Mrp:       2.000000e+22
Mtp:       4.610000e+24
