 PDE 2011  9  7  7 55 32.70 -27.7700 -178.4600 252.1 5.3 0.0 KERMADEC ISLANDS REGION
event name:     C201109070755A
time shift:      1.9000
half duration:   1.4000
latitude:      -27.8000
longitude:    -178.1500
depth:         258.0000
Mrr:      -9.300000e+23
Mtt:      -1.110000e+24
Mpp:       2.040000e+24
Mrt:      -1.170000e+24
Mrp:      -1.120000e+23
Mtp:       3.040000e+23
