 PDE 2011  7 26 14 26 22.90  -9.2300   67.1100  10.0 5.2 5.8 MID-INDIAN RIDGE
event name:     C201107261426A
time shift:      5.1000
half duration:   1.9000
latitude:       -9.2000
longitude:      67.1200
depth:          19.1000
Mrr:       4.380000e+23
Mtt:      -5.990000e+24
Mpp:       5.560000e+24
Mrt:      -2.820000e+23
Mrp:       1.910000e+24
Mtp:       7.930000e+23
