 PDE 2014  5 14  3 38 20.90 -22.7600  -66.6200 248.3 0.0 5.6 JUJUY PROVINCE, ARGENTINA
event name:     C201405140338A
time shift:      5.5000
half duration:   1.6000
latitude:      -22.7800
longitude:     -66.6300
depth:         239.0000
Mrr:       4.540000e+23
Mtt:      -1.250000e+23
Mpp:      -3.300000e+23
Mrt:      -2.600000e+22
Mrp:      -3.320000e+24
Mtp:       3.630000e+23
