 PDE 2011  4 15 21 46 22.70 -18.6900 -175.3600 216.3 5.7 5.7 TONGA ISLANDS
event name:     C201104152146A
time shift:      1.6000
half duration:   1.8000
latitude:      -18.6500
longitude:    -174.9300
depth:         218.6000
Mrr:      -2.180000e+24
Mtt:       2.610000e+24
Mpp:      -4.320000e+23
Mrt:      -1.130000e+24
Mrp:      -3.220000e+24
Mtp:       2.100000e+24
