 PDE 2012  6 17 20 32 20.50  38.9000  141.8200  36.0 0.0 6.4 NEAR EAST COAST OF HONSHU, JAPAN
event name:     C201206172032A
time shift:      4.9000
half duration:   3.5000
latitude:       38.9200
longitude:     142.1500
depth:          47.0000
Mrr:       2.650000e+25
Mtt:      -5.900000e+23
Mpp:      -2.590000e+25
Mrt:       1.010000e+25
Mrp:       2.320000e+25
Mtp:      -5.850000e+24
