 PDE 2014  5 10  2 42 11.30  -8.1300  117.5400 229.3 0.0 5.2 SUMBAWA REGION, INDONESIA
event name:     C201405100242A
time shift:      1.6000
half duration:   1.5000
latitude:       -8.2700
longitude:     117.5800
depth:         227.6000
Mrr:       6.050000e+23
Mtt:      -2.200000e+24
Mpp:       1.590000e+24
Mrt:       8.280000e+23
Mrp:       1.290000e+24
Mtp:       1.210000e+24
