 PDE 2011  3  2 18 50 49.40   8.5900  -76.8600  44.6 5.6 5.8 NEAR NORTH COAST OF COLOMBIA
event name:     C201103021850A
time shift:      2.8000
half duration:   1.9000
latitude:        8.6400
longitude:     -76.8200
depth:          40.3000
Mrr:       3.320000e+24
Mtt:       1.450000e+24
Mpp:      -4.770000e+24
Mrt:      -2.190000e+24
Mrp:       2.240000e+24
Mtp:       2.450000e+24
