 PDE 2012  6  4 11 18 13.40  -7.6900  106.3700  50.0 5.9 5.9 SOUTH OF JAVA, INDONESIA
event name:     C201206041118A
time shift:      3.4000
half duration:   1.9000
latitude:       -8.0400
longitude:     106.3500
depth:          65.2000
Mrr:       4.430000e+24
Mtt:      -4.120000e+24
Mpp:      -3.080000e+23
Mrt:       4.110000e+24
Mrp:      -2.140000e+24
Mtp:       4.990000e+23
