 PDE 2011  3 16  6 29  3.20  39.8900  142.0200  36.0 5.5 5.8 NEAR EAST COAST OF HONSHU, JAPAN
event name:     C201103160629A
time shift:      3.6000
half duration:   1.9000
latitude:       39.8700
longitude:     142.3300
depth:          48.2000
Mrr:       4.400000e+24
Mtt:      -1.770000e+23
Mpp:      -4.220000e+24
Mrt:       1.640000e+24
Mrp:       3.290000e+24
Mtp:      -1.160000e+24
