 PDE 2011  8  1 14 58  9.10  34.6300  138.4300  13.0 6.0 5.9 NEAR S. COAST OF HONSHU, JAPAN
event name:     C201108011458A
time shift:      5.5000
half duration:   2.3000
latitude:       34.6500
longitude:     138.3900
depth:          19.1000
Mrr:       9.360000e+24
Mtt:      -9.720000e+24
Mpp:       3.600000e+23
Mrt:       4.180000e+24
Mrp:      -1.470000e+24
Mtp:       1.270000e+24
