 PDE 2011  1 10  2 11  9.40 -19.5500 -176.0300 228.9 5.2 0.0 TONGA ISLANDS
event name:     C201101100211A
time shift:      3.9000
half duration:   1.5000
latitude:      -19.5100
longitude:    -175.5800
depth:         249.6000
Mrr:      -7.230000e+23
Mtt:       1.270000e+24
Mpp:      -5.430000e+23
Mrt:      -3.960000e+23
Mrp:      -2.220000e+24
Mtp:       1.160000e+24
