 PDE 2014 10 19 19 38 38.30  -3.3300  150.8400  10.0 0.0 5.8 NEW IRELAND REGION, P.N.G.
event name:     C201410191938A
time shift:      5.6000
half duration:   2.1000
latitude:       -3.3100
longitude:     150.8900
depth:          12.0000
Mrr:      -3.000000e+21
Mtt:       4.250000e+24
Mpp:      -4.240000e+24
Mrt:      -6.100000e+22
Mrp:      -8.270000e+23
Mtp:       6.580000e+24
