 PDE 2012  3  9  7  9 51.00 -19.1200  169.6100  16.0 6.1 6.7 VANUATU ISLANDS
event name:     C201203090709A
time shift:      9.4000
half duration:   5.1000
latitude:      -19.0600
longitude:     169.6000
depth:          12.0000
Mrr:      -1.050000e+26
Mtt:       3.940000e+25
Mpp:       6.530000e+25
Mrt:      -1.600000e+24
Mrp:      -9.700000e+24
Mtp:      -6.310000e+25
