 PDE 2011  8 16 17 33  7.60  -5.5600  147.1400 186.4 5.2 5.6 EASTERN NEW GUINEA REG., P.N.G.
event name:     C201108161733A
time shift:      3.4000
half duration:   1.6000
latitude:       -5.7200
longitude:     147.1700
depth:         198.6000
Mrr:       3.230000e+24
Mtt:      -2.520000e+24
Mpp:      -7.120000e+23
Mrt:      -7.360000e+23
Mrp:      -5.130000e+23
Mtp:       1.360000e+24
