 PDE 2010 10  2 11 29  5.50  -6.5600  128.7500 239.6 5.3 5.5 BANDA SEA
event name:     C201010021129A
time shift:      1.9000
half duration:   1.4000
latitude:       -6.6100
longitude:     128.7400
depth:         243.3000
Mrr:      -3.480000e+23
Mtt:      -5.630000e+23
Mpp:       9.110000e+23
Mrt:      -1.660000e+24
Mrp:       4.900000e+23
Mtp:       1.700000e+24
