 PDE 2012  4 25  7 42 23.40   9.0100   93.9400   9.0 5.7 5.7 NICOBAR ISLANDS, INDIA REGION
event name:     C201204250742A
time shift:      2.8000
half duration:   2.1000
latitude:        8.8900
longitude:      94.0700
depth:          17.0000
Mrr:      -1.900000e+24
Mtt:      -4.310000e+24
Mpp:       6.210000e+24
Mrt:      -3.430000e+24
Mrp:      -1.090000e+24
Mtp:       3.730000e+24
