 PDE 2010  7 26 17 31 31.20 -24.0600  -66.8100 193.2 5.3 5.6 CHILE-ARGENTINA BORDER REGION
event name:     C201007261731A
time shift:      2.8000
half duration:   1.4000
latitude:      -24.2600
longitude:     -67.2800
depth:         202.2000
Mrr:      -1.460000e+24
Mtt:      -1.630000e+23
Mpp:       1.620000e+24
Mrt:       5.210000e+23
Mrp:      -1.780000e+24
Mtp:      -1.470000e+23
