 PDE 2012  4 21  1 16 52.70  -1.6200  134.2800  16.0 6.3 6.7 IRIAN JAYA REGION, INDONESIA
event name:     C201204210116A
time shift:      3.7000
half duration:   5.2000
latitude:       -1.5700
longitude:     134.3300
depth:          18.1000
Mrr:      -1.890000e+25
Mtt:      -2.490000e+25
Mpp:       4.370000e+25
Mrt:       4.400000e+24
Mrp:       1.370000e+25
Mtp:       1.190000e+26
