 PDE 2012  4 17 19  3 56.40 -59.0100  -16.6200  12.0 6.1 6.2 EAST OF SOUTH SANDWICH ISLANDS
event name:     C201204171903A
time shift:      4.2000
half duration:   3.0000
latitude:      -59.2600
longitude:     -16.3400
depth:          13.1000
Mrr:      -1.020000e+25
Mtt:      -5.370000e+24
Mpp:       1.560000e+25
Mrt:       5.300000e+23
Mrp:       3.150000e+24
Mtp:       1.960000e+25
