 PDE 2012  3  8 22 50  8.40  39.3800   81.3100  38.0 5.8 5.9 SOUTHERN XINJIANG, CHINA
event name:     C201203082250A
time shift:      2.7000
half duration:   2.1000
latitude:       39.4900
longitude:      81.4700
depth:          44.4000
Mrr:       5.880000e+24
Mtt:      -6.710000e+24
Mpp:       8.330000e+23
Mrt:      -1.950000e+24
Mrp:      -2.310000e+24
Mtp:       2.730000e+24
