 PDE 2011 11 15 10 43 51.80  -0.0900  121.9100 276.2 5.7 5.8 MINAHASSA PENINSULA, SULAWESI
event name:     C201111151043A
time shift:     -0.6000
half duration:   1.9000
latitude:       -0.0800
longitude:     121.9700
depth:         265.7000
Mrr:      -4.980000e+24
Mtt:       4.410000e+24
Mpp:       5.720000e+23
Mrt:       1.980000e+24
Mrp:       1.700000e+24
Mtp:       1.640000e+24
