 PDE 2014 10 28  3 15 38.00 -15.3000 -174.6800   8.0 0.0 6.0 TONGA ISLANDS
event name:     C201410280315A
time shift:      6.4000
half duration:   2.5000
latitude:      -15.1200
longitude:    -174.5800
depth:          13.9000
Mrr:       6.000000e+22
Mtt:      -1.200000e+25
Mpp:       1.190000e+25
Mrt:      -9.300000e+23
Mrp:       1.740000e+24
Mtp:       5.170000e+24
