 PDE 2014  4  3  1 58 30.50 -20.3100  -70.5800  23.6 0.0 6.5 NEAR COAST OF NORTHERN CHILE
event name:     C201404030158A
time shift:     10.1000
half duration:   4.8000
latitude:      -20.3400
longitude:     -70.8800
depth:          33.7000
Mrr:       6.650000e+25
Mtt:       4.700000e+24
Mpp:      -7.120000e+25
Mrt:       1.620000e+25
Mrp:      -6.390000e+25
Mtp:       1.360000e+25
