 PDE 2011  6 25 21 16 55.50 -24.5100  179.3700 527.9 5.5 5.6 SOUTH OF FIJI ISLANDS
event name:     C201106252116A
time shift:      3.9000
half duration:   1.5000
latitude:      -24.5100
longitude:     179.5800
depth:         538.6000
Mrr:       7.520000e+23
Mtt:      -1.170000e+24
Mpp:       4.170000e+23
Mrt:      -4.000000e+22
Mrp:      -2.930000e+24
Mtp:      -7.000000e+21
