 PDE 2014 12 21 11 34 13.60   2.0900  126.6500  41.0 0.0 6.3 NORTHERN MOLUCCA SEA
event name:     C201412211134A
time shift:      4.7000
half duration:   3.8000
latitude:        2.2900
longitude:     126.5100
depth:          33.4000
Mrr:       4.330000e+25
Mtt:      -4.310000e+24
Mpp:      -3.900000e+25
Mrt:      -7.730000e+24
Mrp:      -1.610000e+25
Mtp:      -1.730000e+25
