 PDE 2011 11 29  0 30 29.10  -1.6000  -15.4500  10.0 5.6 6.0 NORTH OF ASCENSION ISLAND
event name:     C201111290030A
time shift:      6.2000
half duration:   2.2000
latitude:       -1.2800
longitude:     -15.6000
depth:          12.0000
Mrr:       8.900000e+23
Mtt:       2.910000e+24
Mpp:      -3.800000e+24
Mrt:       1.790000e+24
Mrp:       2.210000e+24
Mtp:      -8.850000e+24
