 PDE 2012  4 11 23 56 32.90   1.8400   89.6800  10.0 5.5 5.8 NORTH INDIAN OCEAN
event name:     C201204112356A
time shift:      1.0000
half duration:   2.0000
latitude:        1.7500
longitude:      89.6800
depth:          14.0000
Mrr:       2.820000e+23
Mtt:      -1.920000e+24
Mpp:       1.640000e+24
Mrt:       1.460000e+23
Mrp:      -3.700000e+24
Mtp:      -5.750000e+24
