 PDE 2011  4  1 11 57 54.40  39.3200  141.9500  41.0 5.8 6.0 NEAR EAST COAST OF HONSHU, JAPAN
event name:     C201104011157A
time shift:      3.0000
half duration:   2.3000
latitude:       39.3800
longitude:     142.1700
depth:          47.8000
Mrr:       7.620000e+24
Mtt:      -2.900000e+23
Mpp:      -7.330000e+24
Mrt:       3.310000e+24
Mrp:       5.730000e+24
Mtp:      -1.600000e+24
