 PDE 2012 12 29  7 59 41.10  -3.5600  148.9000   4.0 5.4 6.0 BISMARCK SEA
event name:     C201212290759A
time shift:      1.5000
half duration:   2.1000
latitude:       -3.3100
longitude:     148.9200
depth:          15.0000
Mrr:      -2.400000e+23
Mtt:       5.720000e+24
Mpp:      -5.490000e+24
Mrt:       6.200000e+23
Mrp:      -2.800000e+23
Mtp:       6.130000e+24
