 PDE 2011 12 23 19 12 34.00 -52.1200   27.9600  10.0 5.5 5.9 SOUTH OF AFRICA
event name:     C201112231912A
time shift:      5.2000
half duration:   2.3000
latitude:      -52.1900
longitude:      28.3500
depth:          23.6000
Mrr:      -4.500000e+23
Mtt:       6.780000e+24
Mpp:      -6.340000e+24
Mrt:       7.000000e+23
Mrp:       8.500000e+23
Mtp:       7.400000e+24
