 PDE 2011  9  3 16 20 41.00 -38.4400  -74.9100  12.0 5.5 5.8 OFF COAST OF CENTRAL CHILE
event name:     C201109031620A
time shift:     16.3000
half duration:   2.0000
latitude:      -38.2700
longitude:     -74.1700
depth:          18.3000
Mrr:       3.380000e+24
Mtt:       1.000000e+23
Mpp:      -3.480000e+24
Mrt:      -3.800000e+22
Mrp:      -5.470000e+24
Mtp:      -1.530000e+23
