 PDE 2012  5 16  0 59 32.40  -5.5000  149.7100 136.6 5.7 5.8 NEW BRITAIN REGION, P.N.G.
event name:     C201205160059A
time shift:      2.9000
half duration:   1.9000
latitude:       -5.6800
longitude:     149.7200
depth:         144.1000
Mrr:      -3.950000e+24
Mtt:       3.540000e+24
Mpp:       4.090000e+23
Mrt:      -4.430000e+24
Mrp:      -6.210000e+23
Mtp:       7.270000e+23
