 PDE 2010  2 19 11 13 19.80 -21.8400 -175.1200  10.0 5.4 5.8 TONGA ISLANDS REGION
event name:     C201002191113A
time shift:      4.8000
half duration:   1.9000
latitude:      -22.0700
longitude:    -174.3200
depth:          25.1000
Mrr:       4.140000e+24
Mtt:      -9.720000e+23
Mpp:      -3.170000e+24
Mrt:       1.720000e+24
Mrp:       3.850000e+24
Mtp:      -2.300000e+24
