 PDE 2012  8 25 14 16 17.10  42.4200  142.9100  54.5 5.9 5.9 HOKKAIDO, JAPAN REGION
event name:     C201208251416A
time shift:      4.5000
half duration:   2.1000
latitude:       42.3900
longitude:     142.8600
depth:          50.2000
Mrr:       4.850000e+24
Mtt:      -3.850000e+24
Mpp:      -9.960000e+23
Mrt:      -6.300000e+24
Mrp:       2.790000e+24
Mtp:      -4.560000e+23
