 PDE 2013  2  6 10 20 34.30 -10.8500  165.2700  10.0 5.5 5.9 SANTA CRUZ ISLANDS
event name:     C201302061020A
time shift:      4.9000
half duration:   2.1000
latitude:      -10.7600
longitude:     165.2100
depth:          20.0000
Mrr:       5.490000e+23
Mtt:      -2.850000e+24
Mpp:       2.300000e+24
Mrt:       3.190000e+24
Mrp:      -6.330000e+24
Mtp:       3.100000e+24
