 PDE 2012  4 10  5  9  8.40  -1.2600  -13.9700  10.0 5.4 5.8 NORTH OF ASCENSION ISLAND
event name:     C201204100509A
time shift:      4.4000
half duration:   2.1000
latitude:       -0.8700
longitude:     -13.9200
depth:          20.5000
Mrr:      -4.910000e+23
Mtt:       3.350000e+24
Mpp:      -2.860000e+24
Mrt:       7.050000e+23
Mrp:       2.060000e+24
Mtp:      -7.110000e+24
