 PDE 2011  8  4  0 16  7.50  -2.8300  101.1000  35.0 5.8 5.8 SOUTHERN SUMATRA, INDONESIA
event name:     C201108040016A
time shift:      3.7000
half duration:   1.9000
latitude:       -3.0500
longitude:     100.8400
depth:          45.9000
Mrr:       4.590000e+24
Mtt:      -2.340000e+24
Mpp:      -2.260000e+24
Mrt:       2.960000e+24
Mrp:      -1.890000e+24
Mtp:       2.460000e+24
