 PDE 2013  4  1 18 53 17.40  39.5300  143.1700  14.0 5.6 6.0 OFF EAST COAST OF HONSHU, JAPAN
event name:     C201304011853A
time shift:      5.8000
half duration:   2.3000
latitude:       39.5600
longitude:     143.2300
depth:          22.7000
Mrr:       6.010000e+24
Mtt:      -1.100000e+23
Mpp:      -5.900000e+24
Mrt:       3.940000e+24
Mrp:       7.810000e+24
Mtp:      -1.500000e+24
