 PDE 2014 11 22  8 55 26.60  30.3400  101.7400   9.0 0.0 5.9 SICHUAN, CHINA
event name:     C201411220855A
time shift:      3.8000
half duration:   2.8000
latitude:       30.2400
longitude:     101.7800
depth:          24.6000
Mrr:      -2.350000e+24
Mtt:       1.940000e+25
Mpp:      -1.710000e+25
Mrt:       1.220000e+24
Mrp:       9.500000e+23
Mtp:      -5.170000e+24
