 PDE 2010  5 16  5 16 10.00  18.4000  -67.0700 113.0 5.4 5.8 MONA PASSAGE
event name:     C201005160516A
time shift:      3.1000
half duration:   2.0000
latitude:       18.4100
longitude:     -67.1300
depth:         116.3000
Mrr:      -4.230000e+24
Mtt:      -1.920000e+24
Mpp:       6.150000e+24
Mrt:       3.130000e+24
Mrp:       3.660000e+24
Mtp:       6.450000e+23
