 PDE 2010  4  5 22 36 57.20 -19.8600  -68.8400  94.3 5.8 5.8 NORTHERN CHILE
event name:     C201004052236A
time shift:      4.6000
half duration:   1.9000
latitude:      -20.0700
longitude:     -69.3200
depth:         124.5000
Mrr:      -2.540000e+24
Mtt:      -4.600000e+22
Mpp:       2.590000e+24
Mrt:       2.790000e+24
Mrp:      -4.530000e+24
Mtp:      -6.460000e+23
