 PDE 2013  8 23  8 34  6.90 -22.2700  -68.5900 111.0 0.0 5.8 NORTHERN CHILE
event name:     C201308230834A
time shift:      2.8000
half duration:   1.9000
latitude:      -22.3300
longitude:     -68.9000
depth:         119.9000
Mrr:      -3.120000e+24
Mtt:      -6.440000e+23
Mpp:       3.760000e+24
Mrt:       7.970000e+23
Mrp:      -4.160000e+24
Mtp:       1.610000e+24
