 PDE 2010  9  6  7 24 35.20 -18.3100 -175.2100 221.7 5.6 5.5 TONGA ISLANDS
event name:     C201009060724A
time shift:      2.7000
half duration:   1.3000
latitude:      -18.2500
longitude:    -174.7800
depth:         217.6000
Mrr:      -7.080000e+23
Mtt:       3.800000e+23
Mpp:       3.280000e+23
Mrt:      -1.340000e+23
Mrp:      -1.590000e+24
Mtp:       1.090000e+24
