 PDE 2011  1 11  9 16  9.60 -13.2700  167.2100 221.8 5.4 5.5 VANUATU ISLANDS
event name:     C201101110916A
time shift:      3.0000
half duration:   1.4000
latitude:      -13.1800
longitude:     167.0500
depth:         225.8000
Mrr:       2.210000e+24
Mtt:       2.500000e+23
Mpp:      -2.460000e+24
Mrt:      -7.290000e+23
Mrp:      -8.400000e+22
Mtp:      -3.100000e+22
