 PDE 2010 12  8 15 31  5.80  -6.6900  129.9000 171.9 5.6 5.5 BANDA SEA
event name:     C201012081531A
time shift:      1.2000
half duration:   1.4000
latitude:       -6.7300
longitude:     129.9900
depth:         171.1000
Mrr:       5.410000e+23
Mtt:      -1.900000e+24
Mpp:       1.360000e+24
Mrt:       1.120000e+24
Mrp:       1.500000e+24
Mtp:      -4.620000e+23
