 PDE 2010  5  5  9 38 23.00 -35.9500 -103.0600  10.0 5.3 5.9 SOUTHEAST OF EASTER ISLAND
event name:     C201005050938A
time shift:      8.7000
half duration:   2.2000
latitude:      -35.9400
longitude:    -103.3500
depth:          20.5000
Mrr:      -1.700000e+23
Mtt:      -2.070000e+24
Mpp:       2.230000e+24
Mrt:      -4.200000e+23
Mrp:      -1.070000e+24
Mtp:      -9.460000e+24
