 PDE 2010  7 22  5  3 57.10 -15.1500  168.1700  10.0 6.2 6.1 VANUATU ISLANDS
event name:     C201007220504A
time shift:      4.9000
half duration:   2.2000
latitude:      -15.1500
longitude:     168.2600
depth:          12.0000
Mrr:       8.520000e+24
Mtt:      -5.600000e+23
Mpp:      -7.950000e+24
Mrt:       6.400000e+23
Mrp:       1.950000e+24
Mtp:       3.980000e+24
