 PDE 2011  4  5 11 14 15.30   3.0300  126.9400  20.0 5.5 5.8 TALAUD ISLANDS, INDONESIA
event name:     C201104051114A
time shift:      2.9000
half duration:   2.0000
latitude:        3.0600
longitude:     127.2400
depth:          15.0000
Mrr:       3.360000e+24
Mtt:       3.330000e+23
Mpp:      -3.690000e+24
Mrt:       1.150000e+24
Mrp:       5.710000e+24
Mtp:      -2.690000e+24
