 PDE 2010  8 11  3 35 19.10 -17.4000  167.8100  35.0 5.6 5.8 VANUATU ISLANDS
event name:     C201008110335A
time shift:      2.8000
half duration:   2.1000
latitude:      -17.3200
longitude:     167.6400
depth:          18.0000
Mrr:       4.550000e+24
Mtt:      -3.970000e+23
Mpp:      -4.150000e+24
Mrt:       4.590000e+24
Mrp:      -3.330000e+24
Mtp:       2.340000e+24
