 PDE 2014  9 10  5 16 53.20  -0.1800  125.1200  30.0 0.0 5.9 SOUTHERN MOLUCCA SEA
event name:     C201409100516A
time shift:      3.6000
half duration:   2.2000
latitude:       -0.3300
longitude:     125.1200
depth:          26.5000
Mrr:       6.220000e+24
Mtt:      -4.300000e+24
Mpp:      -1.910000e+24
Mrt:       7.700000e+23
Mrp:       5.740000e+24
Mtp:      -3.410000e+24
