 PDE 2011  3 13 11 37 30.40  37.3500  142.3900  17.0 5.7 5.8 OFF EAST COAST OF HONSHU, JAPAN
event name:     C201103131137A
time shift:      2.4000
half duration:   2.0000
latitude:       37.4200
longitude:     142.3400
depth:          15.1000
Mrr:      -4.880000e+24
Mtt:       1.400000e+24
Mpp:       3.480000e+24
Mrt:       4.550000e+24
Mrp:       3.720000e+24
Mtp:      -1.850000e+24
