 PDE 2010 12  7  4 27 22.00 -57.9300   -7.4700  10.0 5.7 5.9 EAST OF SOUTH SANDWICH ISLANDS
event name:     C201012070427A
time shift:      3.4000
half duration:   2.2000
latitude:      -58.1000
longitude:      -7.2900
depth:          12.0000
Mrr:       6.600000e+22
Mtt:      -1.690000e+24
Mpp:       1.630000e+24
Mrt:       1.670000e+24
Mrp:      -1.380000e+24
Mtp:       9.120000e+24
