 PDE 2011  7 18 22 38 39.00  51.2800  178.9400  19.0 5.4 5.8 RAT ISLANDS, ALEUTIAN ISLANDS
event name:     C201107182238A
time shift:      3.4000
half duration:   1.9000
latitude:       51.1100
longitude:     178.9500
depth:          22.9000
Mrr:       4.400000e+24
Mtt:      -4.490000e+24
Mpp:       9.500000e+22
Mrt:       2.940000e+24
Mrp:       1.540000e+24
Mtp:      -9.350000e+23
