 PDE 2013  6  7 12 54  9.40 -23.8900  179.0900 546.0 5.5 5.9 SOUTH OF FIJI ISLANDS
event name:     C201306071254A
time shift:      4.6000
half duration:   2.2000
latitude:      -23.8300
longitude:     179.0700
depth:         557.1000
Mrr:      -3.200000e+24
Mtt:      -2.010000e+24
Mpp:       5.210000e+24
Mrt:      -5.200000e+23
Mrp:      -7.540000e+24
Mtp:       1.540000e+24
