 PDE 2012 12  4  1 42 48.50  61.2400 -150.7600  62.2 5.6 5.8 SOUTHERN ALASKA
event name:     C201212040142A
time shift:      2.4000
half duration:   1.9000
latitude:       61.3800
longitude:    -151.0500
depth:          76.3000
Mrr:       1.410000e+24
Mtt:      -4.280000e+24
Mpp:       2.870000e+24
Mrt:       1.720000e+23
Mrp:       3.460000e+24
Mtp:       2.620000e+24
