 PDE 2012 10 14  4 58  4.90  -7.1400  156.0500  37.0 5.8 5.8 SOLOMON ISLANDS
event name:     C201210140458A
time shift:      4.5000
half duration:   2.0000
latitude:       -7.3300
longitude:     156.0600
depth:          50.5000
Mrr:       6.330000e+24
Mtt:      -4.210000e+24
Mpp:      -2.120000e+24
Mrt:      -1.340000e+24
Mrp:      -1.850000e+23
Mtp:       3.490000e+24
