 PDE 2014 11  3  8 48 29.70 -41.7300   79.9600  10.0 0.0 6.3 MID-INDIAN RIDGE
event name:     C201411030848A
time shift:      6.2000
half duration:   3.3000
latitude:      -41.6600
longitude:      79.9700
depth:          12.0000
Mrr:      -1.210000e+24
Mtt:       3.130000e+25
Mpp:      -3.010000e+25
Mrt:       3.190000e+24
Mrp:       1.600000e+23
Mtp:      -5.040000e+24
