 PDE 2013  8  4  3 28 50.80  38.2100  141.8600  56.0 5.8 5.9 NEAR EAST COAST OF HONSHU, JAPAN
event name:     C201308040328A
time shift:      1.7000
half duration:   2.0000
latitude:       38.2300
longitude:     141.8300
depth:          53.8000
Mrr:       6.650000e+24
Mtt:       9.100000e+23
Mpp:      -7.560000e+24
Mrt:      -1.700000e+23
Mrp:      -1.400000e+24
Mtp:      -9.800000e+23
