 PDE 2014 11  1 10 59 54.60 -31.8500 -111.2400  10.0 0.0 6.0 EASTER ISLAND REGION
event name:     C201411011059A
time shift:      5.8000
half duration:   2.5000
latitude:      -31.9400
longitude:    -111.2200
depth:          12.0000
Mrr:       8.020000e+24
Mtt:      -1.000000e+25
Mpp:       2.030000e+24
Mrt:      -5.970000e+24
Mrp:       5.400000e+23
Mtp:       1.020000e+25
