 PDE 2011  2  3 20 25 15.90 -15.5100 -173.0600  10.0 5.4 6.0 SAMOA ISLANDS REGION
event name:     C201102032025A
time shift:      6.6000
half duration:   2.2000
latitude:      -15.5000
longitude:    -172.6200
depth:          18.8000
Mrr:       7.410000e+24
Mtt:       4.000000e+22
Mpp:      -7.450000e+24
Mrt:       4.000000e+23
Mrp:       4.380000e+24
Mtp:       1.380000e+24
