 PDE 2012 10 28 19  9 53.90  52.2900 -132.0800  10.0 5.6 5.8 QUEEN CHARLOTTE ISLANDS REGION
event name:     C201210281909B
time shift:      6.9000
half duration:   1.9000
latitude:       52.1400
longitude:    -132.0400
depth:          12.0000
Mrr:      -6.070000e+24
Mtt:       3.550000e+24
Mpp:       2.520000e+24
Mrt:      -6.000000e+23
Mrp:      -9.480000e+23
Mtp:      -2.860000e+24
