 PDE 2011  2 12  1 17  1.40 -37.0200  -72.9500  16.0 5.4 6.1 OFF COAST OF CENTRAL CHILE
event name:     C201102120117A
time shift:      3.9000
half duration:   2.4000
latitude:      -37.3500
longitude:     -74.0000
depth:          14.1000
Mrr:       6.140000e+24
Mtt:       9.000000e+22
Mpp:      -6.230000e+24
Mrt:      -5.300000e+23
Mrp:      -1.060000e+25
Mtp:      -8.300000e+23
