 PDE 2011 11 28  9 13 11.30  -7.0200  116.9800 616.5 5.9 5.8 BALI SEA
event name:     C201111280913A
time shift:      0.6000
half duration:   2.0000
latitude:       -6.9800
longitude:     116.9900
depth:         628.9000
Mrr:      -4.160000e+24
Mtt:       5.210000e+24
Mpp:      -1.050000e+24
Mrt:       1.810000e+24
Mrp:      -1.720000e+24
Mtp:       4.520000e+24
