 PDE 2011  2  4 14 20 56.40 -14.1900  166.4600  15.4 5.8 5.9 VANUATU ISLANDS
event name:     C201102041421A
time shift:      5.8000
half duration:   2.2000
latitude:      -14.1800
longitude:     166.3900
depth:          15.8000
Mrr:       9.700000e+24
Mtt:      -6.530000e+24
Mpp:      -3.170000e+24
Mrt:      -1.470000e+24
Mrp:      -2.800000e+23
Mtp:       3.470000e+24
