 PDE 2010  2 11 18 43  9.70  -9.9000  113.8500  51.0 5.9 5.8 SOUTH OF JAVA, INDONESIA
event name:     C201002111843A
time shift:      0.3000
half duration:   1.9000
latitude:      -10.1500
longitude:     113.9200
depth:          49.7000
Mrr:       1.430000e+24
Mtt:       2.450000e+24
Mpp:      -3.880000e+24
Mrt:       3.110000e+24
Mrp:      -1.340000e+24
Mtp:      -3.360000e+24
