 PDE 2013  3  3  3 25 21.20  -7.1900  145.9000 190.4 5.2 5.7 EASTERN NEW GUINEA REG., P.N.G.
event name:     C201303030325A
time shift:      2.2000
half duration:   1.6000
latitude:       -7.1500
longitude:     146.0000
depth:         189.6000
Mrr:       4.630000e+23
Mtt:       2.900000e+22
Mpp:      -4.920000e+23
Mrt:       4.880000e+23
Mrp:       2.990000e+24
Mtp:       2.230000e+24
