 PDE 2013  1 31  9 53 40.40  55.4400 -135.0200  13.4 5.6 5.9 OFF COAST OF SOUTHEASTERN ALASKA
event name:     C201301310953A
time shift:      6.7000
half duration:   2.2000
latitude:       55.4100
longitude:    -135.1400
depth:          12.0000
Mrr:      -8.070000e+23
Mtt:       3.770000e+24
Mpp:      -2.970000e+24
Mrt:      -2.430000e+24
Mrp:      -4.340000e+24
Mtp:       7.060000e+24
