 PDE 2010  3 22 19 58 14.90  18.4700  120.7400  47.6 5.8 5.9 LUZON, PHILIPPINES
event name:     C201003221958A
time shift:      1.6000
half duration:   2.0000
latitude:       18.6300
longitude:     120.5900
depth:          49.7000
Mrr:       6.110000e+24
Mtt:      -1.150000e+24
Mpp:      -4.970000e+24
Mrt:      -2.160000e+23
Mrp:      -2.780000e+24
Mtp:      -3.370000e+24
