 PDE 2014  7 17 11 49 33.90  60.3000 -140.3400  10.0 0.0 6.0 SOUTHEASTERN ALASKA
event name:     C201407171149A
time shift:      3.9000
half duration:   2.5000
latitude:       60.4100
longitude:    -140.3400
depth:          19.1000
Mrr:       9.700000e+23
Mtt:      -4.550000e+24
Mpp:       3.580000e+24
Mrt:       2.200000e+24
Mrp:       6.530000e+24
Mtp:      -9.950000e+24
