 PDE 2011  1 27 15  2 46.30 -38.5000  176.0000 158.1 5.3 5.6 NORTH ISLAND, NEW ZEALAND
event name:     C201101271502A
time shift:      4.1000
half duration:   1.5000
latitude:      -38.4900
longitude:     176.0300
depth:         158.6000
Mrr:       5.130000e+23
Mtt:       3.340000e+23
Mpp:      -8.470000e+23
Mrt:       2.790000e+24
Mrp:       5.600000e+23
Mtp:      -5.360000e+23
