 PDE 2013 10 25 21 51 57.90 -56.2600  -27.4100 109.4 0.0 5.3 SOUTH SANDWICH ISLANDS REGION
event name:     C201310252151A
time shift:      3.0000
half duration:   1.9000
latitude:      -56.3800
longitude:     -27.1900
depth:         101.9000
Mrr:       2.220000e+24
Mtt:       1.630000e+24
Mpp:      -3.860000e+24
Mrt:      -4.600000e+24
Mrp:       1.140000e+24
Mtp:      -1.810000e+24
