 PDE 2011  2 11 20  5 30.80 -36.4700  -73.1200  27.6 6.0 6.8 NEAR COAST OF CENTRAL CHILE
event name:     C201102112005A
time shift:      8.3000
half duration:   6.4000
latitude:      -36.6300
longitude:     -73.5600
depth:          17.8000
Mrr:       9.990000e+25
Mtt:      -3.300000e+24
Mpp:      -9.660000e+25
Mrt:       2.500000e+24
Mrp:      -2.090000e+26
Mtp:      -1.320000e+25
