 PDE 2011  8  7  6 22 34.40 -11.7900  168.3100 403.4 5.7 5.7 SANTA CRUZ ISLANDS REGION
event name:     C201108070622A
time shift:      3.7000
half duration:   1.6000
latitude:      -11.6900
longitude:     168.3100
depth:         409.3000
Mrr:       1.070000e+24
Mtt:      -4.440000e+23
Mpp:      -6.290000e+23
Mrt:       2.840000e+24
Mrp:       2.300000e+24
Mtp:      -5.530000e+23
