 PDE 2012  6 10 12 44 16.60  36.4200   28.8800  35.0 5.8 6.0 TURKEY
event name:     C201206101244A
time shift:      2.4000
half duration:   2.9000
latitude:       36.2800
longitude:      29.0600
depth:          28.4000
Mrr:       2.420000e+24
Mtt:      -1.660000e+25
Mpp:       1.420000e+25
Mrt:       8.810000e+24
Mrp:       1.170000e+24
Mtp:      -1.050000e+25
