 PDE 2012  9 27 23 53 49.00  -8.8400  157.4600  10.0 5.6 6.0 SOLOMON ISLANDS
event name:     C201209272353A
time shift:      4.2000
half duration:   1.9000
latitude:       -8.9900
longitude:     157.5000
depth:          12.0000
Mrr:       3.540000e+24
Mtt:      -1.120000e+24
Mpp:      -2.420000e+24
Mrt:       2.350000e+24
Mrp:      -4.030000e+24
Mtp:       1.880000e+24
