 PDE 2014  9  8 17 53 17.60  -5.4000  146.7600 230.2 0.0 5.3 EASTERN NEW GUINEA REG., P.N.G.
event name:     C201409081753A
time shift:      4.4000
half duration:   1.4000
latitude:       -5.4800
longitude:     146.8000
depth:         246.2000
Mrr:       2.030000e+24
Mtt:      -1.830000e+24
Mpp:      -1.970000e+23
Mrt:      -1.230000e+23
Mrp:      -7.350000e+23
Mtp:       8.230000e+23
