 PDE 2012  7 26  5 33 33.00 -17.5900   66.3900  20.0 5.8 6.7 MAURITIUS - REUNION REGION
event name:     C201207260533A
time shift:     15.7000
half duration:   5.0000
latitude:      -17.4700
longitude:      65.8800
depth:          24.8000
Mrr:      -9.400000e+24
Mtt:      -9.040000e+25
Mpp:       9.980000e+25
Mrt:      -1.470000e+25
Mrp:       1.600000e+24
Mtp:       4.450000e+25
