 PDE 2010 11  2  6 39 55.10  -5.3600  151.5600  35.0 5.5 5.8 NEW BRITAIN REGION, P.N.G.
event name:     C201011020639A
time shift:      6.4000
half duration:   1.9000
latitude:       -5.6300
longitude:     151.6300
depth:          49.2000
Mrr:       5.270000e+24
Mtt:      -5.850000e+24
Mpp:       5.780000e+23
Mrt:       1.470000e+24
Mrp:      -9.280000e+23
Mtp:      -1.690000e+24
