 PDE 2011  8 13  7 33  6.10  14.3900  -94.6700   6.0 5.7 5.8 OFF COAST OF CHIAPAS, MEXICO
event name:     C201108130733A
time shift:      2.3000
half duration:   2.0000
latitude:       14.5400
longitude:     -94.9800
depth:          12.0000
Mrr:      -6.050000e+24
Mtt:       4.570000e+24
Mpp:       1.480000e+24
Mrt:       1.020000e+24
Mrp:       6.790000e+23
Mtp:      -3.670000e+24
