 PDE 2011  4 12  5  7 41.90  37.1100  140.3700  11.0 6.3 6.0 EASTERN HONSHU, JAPAN
event name:     C201104120507A
time shift:      3.5000
half duration:   2.3000
latitude:       37.0800
longitude:     140.6300
depth:          18.5000
Mrr:       2.410000e+24
Mtt:       2.220000e+24
Mpp:      -4.630000e+24
Mrt:       5.530000e+24
Mrp:       1.080000e+24
Mtp:      -7.330000e+24
