 PDE 2014  8 23 22 32 23.30 -32.6900  -71.4400  32.0 0.0 6.4 NEAR COAST OF CENTRAL CHILE
event name:     C201408232232A
time shift:      5.7000
half duration:   4.0000
latitude:      -32.7600
longitude:     -71.7400
depth:          42.0000
Mrr:       4.070000e+25
Mtt:       3.160000e+24
Mpp:      -4.390000e+25
Mrt:      -1.800000e+24
Mrp:      -3.400000e+25
Mtp:      -3.600000e+24
