 PDE 2010  6  2  9 28 53.20  -6.1600  149.4100  34.0 5.5 5.9 NEW BRITAIN REGION, P.N.G.
event name:     C201006020928A
time shift:      6.1000
half duration:   2.2000
latitude:       -6.4300
longitude:     149.4600
depth:          41.0000
Mrr:       8.410000e+24
Mtt:      -9.770000e+24
Mpp:       1.360000e+24
Mrt:       1.740000e+24
Mrp:       1.900000e+24
Mtp:      -1.660000e+24
