 PDE 2013  5 10 19 56  4.20 -28.9800  -13.2300   3.9 5.5 5.7 SOUTHERN MID-ATLANTIC RIDGE
event name:     C201305101956A
time shift:      6.5000
half duration:   1.9000
latitude:      -29.0200
longitude:     -12.9700
depth:          12.0000
Mrr:      -5.350000e+24
Mtt:      -4.460000e+23
Mpp:       5.800000e+24
Mrt:       1.010000e+23
Mrp:       9.400000e+23
Mtp:       2.580000e+23
