 PDE 2011  5 10  8 55  8.90 -20.2400  168.2300  11.0 6.4 6.9 LOYALTY ISLANDS
event name:     C201105100855A
time shift:      8.9000
half duration:   6.1000
latitude:      -20.2900
longitude:     168.1500
depth:          18.2000
Mrr:      -1.710000e+26
Mtt:      -1.720000e+25
Mpp:       1.880000e+26
Mrt:      -3.400000e+25
Mrp:       2.080000e+25
Mtp:      -6.620000e+25
