 PDE 2011  8 21 13  4  8.20  -5.5700  151.0200  40.0 5.4 5.8 NEW BRITAIN REGION, P.N.G.
event name:     C201108211304A
time shift:      6.8000
half duration:   1.9000
latitude:       -5.8900
longitude:     151.0400
depth:          49.4000
Mrr:       5.640000e+24
Mtt:      -6.400000e+24
Mpp:       7.600000e+23
Mrt:       1.550000e+24
Mrp:      -6.220000e+23
Mtp:      -1.370000e+24
