 PDE 2014  3 10  0 38 15.10  16.0400  -98.3400   8.4 0.0 5.8 NEAR COAST OF GUERRERO, MEXICO
event name:     C201403100038A
time shift:      3.6000
half duration:   1.9000
latitude:       16.0200
longitude:     -98.4200
depth:          12.0000
Mrr:       4.710000e+24
Mtt:      -4.220000e+24
Mpp:      -4.820000e+23
Mrt:       3.350000e+24
Mrp:      -1.770000e+24
Mtp:       9.700000e+23
