 PDE 2011 11 30  0 27  7.00  15.4500  119.0000   9.0 6.0 6.1 PHILIPPINE ISLANDS REGION
event name:     C201111300027A
time shift:      2.1000
half duration:   2.6000
latitude:       15.5400
longitude:     118.9700
depth:          12.3000
Mrr:      -1.050000e+25
Mtt:       1.630000e+24
Mpp:       8.840000e+24
Mrt:       5.080000e+24
Mrp:       6.640000e+24
Mtp:       6.730000e+24
