 PDE 2013  6 27  8 38  8.30   1.1100  127.1300 120.0 5.7 5.7 HALMAHERA, INDONESIA
event name:     C201306270838A
time shift:      2.8000
half duration:   1.9000
latitude:        1.1000
longitude:     127.0600
depth:         139.6000
Mrr:       4.000000e+21
Mtt:       4.420000e+24
Mpp:      -4.420000e+24
Mrt:      -3.070000e+24
Mrp:      -2.440000e+24
Mtp:       6.300000e+23
