 PDE 2010  8  4  4 46 20.20 -26.9200 -177.2400  18.0 5.7 6.0 SOUTH OF FIJI ISLANDS
event name:     C201008040446A
time shift:      4.5000
half duration:   2.2000
latitude:      -26.9300
longitude:    -176.9700
depth:          18.4000
Mrr:      -1.670000e+24
Mtt:       2.670000e+24
Mpp:      -1.000000e+24
Mrt:      -2.820000e+24
Mrp:       1.100000e+24
Mtp:       8.970000e+24
