 PDE 2013  4 20  5 11 57.50 -54.7800    1.1700  11.0 5.4 5.8 BOUVET ISLAND REGION
event name:     C201304200511A
time shift:      6.7000
half duration:   2.0000
latitude:      -54.8900
longitude:       1.5700
depth:          22.6000
Mrr:      -7.800000e+23
Mtt:       7.420000e+24
Mpp:      -6.640000e+24
Mrt:       7.000000e+22
Mrp:       1.190000e+24
Mtp:      -1.810000e+24
