 PDE 2010 10 25 19 37 31.20  -2.9500  100.3800  26.0 6.0 6.3 SOUTHWEST OF SUMATRA, INDONESIA
event name:     C201010251937A
time shift:      6.6000
half duration:   3.3000
latitude:       -3.3700
longitude:      99.9700
depth:          22.6000
Mrr:       1.950000e+25
Mtt:      -8.810000e+24
Mpp:      -1.070000e+25
Mrt:       1.970000e+25
Mrp:      -1.360000e+25
Mtp:       9.350000e+24
