 PDE 2010  2  7 17  9 47.40 -23.2200  -66.5700 238.9 5.4 5.6 JUJUY PROVINCE, ARGENTINA
event name:     C201002071709A
time shift:      3.1000
half duration:   1.6000
latitude:      -23.3600
longitude:     -66.6000
depth:         230.9000
Mrr:      -1.130000e+24
Mtt:      -3.040000e+23
Mpp:       1.440000e+24
Mrt:       2.220000e+23
Mrp:      -3.190000e+24
Mtp:      -9.080000e+23
