 PDE 2010  7  7  6 50 41.00  -6.1700  154.4200  35.0 5.3 5.9 SOLOMON ISLANDS
event name:     C201007070650A
time shift:      3.3000
half duration:   2.1000
latitude:       -6.5300
longitude:     154.4200
depth:          32.4000
Mrr:       7.000000e+24
Mtt:      -4.210000e+24
Mpp:      -2.800000e+24
Mrt:       2.350000e+24
Mrp:      -2.260000e+24
Mtp:       4.070000e+24
