 PDE 2011  2  2  0 38 19.70  55.0600 -160.4800  54.7 5.9 5.9 ALASKA PENINSULA
event name:     C201102020038A
time shift:      0.3000
half duration:   2.2000
latitude:       54.7600
longitude:    -160.2000
depth:          49.8000
Mrr:       7.220000e+24
Mtt:      -6.220000e+24
Mpp:      -1.000000e+24
Mrt:       4.690000e+24
Mrp:       2.450000e+24
Mtp:      -3.740000e+24
