 PDE 2011  6 27 23 27 33.50  52.0000 -171.7600  29.0 5.9 5.8 FOX ISLANDS, ALEUTIAN ISLANDS
event name:     C201106272327A
time shift:      2.2000
half duration:   2.0000
latitude:       51.9200
longitude:    -171.7500
depth:          28.8000
Mrr:       1.310000e+24
Mtt:       3.440000e+23
Mpp:      -1.660000e+24
Mrt:       5.720000e+24
Mrp:       2.940000e+24
Mtp:      -1.050000e+24
