 PDE 2010  1 14 14  3 41.20  11.5100  142.0800  37.0 5.7 5.8 SOUTH OF MARIANA ISLANDS
event name:     C201001141403A
time shift:      3.7000
half duration:   1.9000
latitude:       11.3000
longitude:     142.0900
depth:          12.1000
Mrr:       5.140000e+24
Mtt:      -5.270000e+24
Mpp:       1.300000e+23
Mrt:       2.240000e+24
Mrp:      -4.610000e+23
Mtp:      -4.120000e+23
