 PDE 2011  3 24  8 21  0.10  39.0800  142.0800  27.0 5.5 5.9 NEAR EAST COAST OF HONSHU, JAPAN
event name:     C201103240821A
time shift:      3.2000
half duration:   2.2000
latitude:       39.0800
longitude:     142.3400
depth:          36.8000
Mrr:       5.760000e+24
Mtt:       6.500000e+23
Mpp:      -6.420000e+24
Mrt:       3.080000e+24
Mrp:       6.900000e+24
Mtp:      -6.100000e+23
