 PDE 2014 11 13 12 21  6.10 -18.5000  169.1200 211.0 0.0 5.5 VANUATU ISLANDS
event name:     C201411131221A
time shift:      4.6000
half duration:   1.5000
latitude:      -18.5500
longitude:     169.0000
depth:         230.6000
Mrr:       4.710000e+23
Mtt:      -1.240000e+24
Mpp:       7.710000e+23
Mrt:       2.090000e+24
Mrp:      -7.960000e+23
Mtp:      -1.080000e+24
