 PDE 2010  3  5 11 47  6.80 -36.6700  -73.3700  18.0 6.1 6.7 NEAR COAST OF CENTRAL CHILE
event name:     C201003051147A
time shift:      7.3000
half duration:   4.9000
latitude:      -36.8900
longitude:     -73.7500
depth:          14.9000
Mrr:       5.180000e+25
Mtt:       9.000000e+23
Mpp:      -5.280000e+25
Mrt:       4.000000e+23
Mrp:      -8.600000e+25
Mtp:      -4.100000e+24
