 PDE 2010 11 17 15 53 31.60  -7.8000  129.4500  23.0 5.6 5.9 BANDA SEA
event name:     C201011171553A
time shift:      5.4000
half duration:   2.0000
latitude:       -7.9600
longitude:     129.6100
depth:          28.9000
Mrr:       6.350000e+24
Mtt:      -6.670000e+24
Mpp:       3.190000e+23
Mrt:       5.730000e+23
Mrp:      -7.270000e+23
Mtp:      -1.130000e+24
