 PDE 2011  9 16 21 36 38.60  40.0800  143.1500  40.7 5.6 5.8 OFF EAST COAST OF HONSHU, JAPAN
event name:     C201109162136A
time shift:      0.6000
half duration:   1.9000
latitude:       40.1100
longitude:     143.5500
depth:          27.9000
Mrr:       3.780000e+24
Mtt:      -4.700000e+22
Mpp:      -3.730000e+24
Mrt:       1.840000e+24
Mrp:       4.540000e+24
Mtp:      -8.850000e+23
