 PDE 2010  8 15 15  9 29.20  -5.6900  148.3400 174.7 5.8 6.3 NEW BRITAIN REGION, P.N.G.
event name:     C201008151509A
time shift:      5.3000
half duration:   3.4000
latitude:       -5.8500
longitude:     148.4100
depth:         174.3000
Mrr:       1.800000e+25
Mtt:      -2.430000e+25
Mpp:       6.340000e+24
Mrt:       2.420000e+25
Mrp:      -5.080000e+24
Mtp:      -1.200000e+23
