 PDE 2013  2  6 11  3 45.70 -10.7200  165.1800  10.0 5.6 5.8 SANTA CRUZ ISLANDS
event name:     C201302061103A
time shift:      5.1000
half duration:   2.0000
latitude:      -10.6300
longitude:     165.1400
depth:          23.4000
Mrr:       1.200000e+24
Mtt:       4.610000e+24
Mpp:      -5.810000e+24
Mrt:      -1.400000e+24
Mrp:      -4.400000e+24
Mtp:       1.700000e+24
