 PDE 2012 12 27  0 37  8.80 -35.7800  -73.2500  14.2 5.1 5.9 OFF COAST OF CENTRAL CHILE
event name:     C201212270037A
time shift:      3.7000
half duration:   1.9000
latitude:      -35.8900
longitude:     -73.7700
depth:          12.0000
Mrr:       3.220000e+24
Mtt:       8.700000e+22
Mpp:      -3.300000e+24
Mrt:      -8.870000e+23
Mrp:      -5.320000e+24
Mtp:      -7.350000e+23
