 PDE 2012  9 20 21  3 42.10 -20.7600 -178.5100 570.4 5.3 5.7 FIJI ISLANDS REGION
event name:     C201209202103A
time shift:      2.9000
half duration:   1.7000
latitude:      -20.6400
longitude:    -178.3000
depth:         569.6000
Mrr:      -1.800000e+24
Mtt:       3.350000e+23
Mpp:       1.470000e+24
Mrt:      -3.500000e+24
Mrp:       5.980000e+23
Mtp:      -1.570000e+24
