 PDE 2011 11  4 15 43 43.30 -15.0900  167.3800 134.1 5.6 5.8 VANUATU ISLANDS
event name:     C201111041543A
time shift:      1.8000
half duration:   1.9000
latitude:      -15.1600
longitude:     167.3100
depth:         124.8000
Mrr:       5.890000e+24
Mtt:       6.400000e+22
Mpp:      -5.950000e+24
Mrt:      -1.240000e+24
Mrp:      -1.070000e+24
Mtp:      -9.220000e+23
