 PDE 2011  7 27 23  0 30.30  10.8000  -43.3900  10.0 5.6 6.0 NORTHERN MID-ATLANTIC RIDGE
event name:     C201107272300A
time shift:      3.4000
half duration:   2.3000
latitude:       10.9000
longitude:     -43.3400
depth:          15.1000
Mrr:      -9.700000e+23
Mtt:      -1.110000e+24
Mpp:       2.080000e+24
Mrt:       1.500000e+23
Mrp:       3.650000e+24
Mtp:      -9.080000e+24
