 PDE 2014  5 11  1 10 15.70  -3.4300  146.1100  10.0 0.0 5.9 BISMARCK SEA
event name:     C201405110110A
time shift:      4.3000
half duration:   2.1000
latitude:       -3.3200
longitude:     146.1800
depth:          12.0000
Mrr:      -3.500000e+22
Mtt:      -8.440000e+23
Mpp:       8.790000e+23
Mrt:       4.020000e+23
Mrp:      -9.860000e+23
Mtp:       8.340000e+24
