 PDE 2011 10  8  8 53 12.00 -20.6000 -173.2200   6.0 6.1 5.9 TONGA ISLANDS REGION
event name:     C201110080853A
time shift:      4.1000
half duration:   2.3000
latitude:      -20.7500
longitude:    -172.7900
depth:          12.0000
Mrr:      -8.560000e+24
Mtt:       2.200000e+23
Mpp:       8.340000e+24
Mrt:       1.660000e+24
Mrp:       3.900000e+24
Mtp:       3.520000e+24
