 PDE 2012  6  1  6 56 20.20  -0.7200  133.2700  25.0 5.8 5.8 IRIAN JAYA REGION, INDONESIA
event name:     C201206010656A
time shift:      3.4000
half duration:   2.0000
latitude:       -0.7400
longitude:     133.1800
depth:          33.3000
Mrr:       3.690000e+23
Mtt:      -2.800000e+24
Mpp:       2.430000e+24
Mrt:      -5.610000e+24
Mrp:       2.540000e+24
Mtp:      -1.360000e+24
