 PDE 2010  2 28 19 48 37.90 -38.0800  -73.6300  35.0 5.4 5.9 OFF COAST OF CENTRAL CHILE
event name:     C201002281948A
time shift:      1.2000
half duration:   2.3000
latitude:      -38.3600
longitude:     -74.1500
depth:          15.1000
Mrr:       3.880000e+24
Mtt:      -6.300000e+22
Mpp:      -3.810000e+24
Mrt:      -2.000000e+22
Mrp:      -6.080000e+24
Mtp:      -3.400000e+22
