 PDE 2014 11 17  1  5 57.70  -9.5500  155.1400  10.0 0.0 5.8 D'ENTRECASTEAUX ISLANDS REGION
event name:     C201411170106A
time shift:      3.3000
half duration:   2.1000
latitude:       -9.6400
longitude:     155.1800
depth:          12.0000
Mrr:      -8.380000e+24
Mtt:       5.070000e+24
Mpp:       3.310000e+24
Mrt:      -4.700000e+23
Mrp:       1.200000e+24
Mtp:       4.000000e+24
