 PDE 2013 11 19 23 18  0.50 -63.2900 -164.9400  10.1 0.0 5.7 PACIFIC-ANTARCTIC RIDGE
event name:     C201311192318A
time shift:      3.1000
half duration:   1.9000
latitude:      -63.2000
longitude:    -165.1600
depth:          15.0000
Mrr:      -5.410000e+23
Mtt:       4.420000e+24
Mpp:      -3.880000e+24
Mrt:      -9.310000e+23
Mrp:      -9.820000e+23
Mtp:       3.880000e+24
