 PDE 2014  6 20 20 22 27.10 -19.8100  -71.0000  12.2 0.0 5.8 OFF COAST OF NORTHERN CHILE
event name:     C201406202022A
time shift:      9.6000
half duration:   2.0000
latitude:      -19.7200
longitude:     -71.2100
depth:          18.4000
Mrr:       4.640000e+24
Mtt:       1.060000e+23
Mpp:      -4.750000e+24
Mrt:       7.630000e+23
Mrp:      -5.480000e+24
Mtp:       1.080000e+24
