 PDE 2014 11  1 18 57 22.40 -19.6900 -177.7600 434.0 0.0 7.1 FIJI ISLANDS REGION
event name:     C201411011857A
time shift:      7.5000
half duration:   8.7000
latitude:      -19.7600
longitude:    -177.6100
depth:         445.4000
Mrr:       1.630000e+26
Mtt:      -3.040000e+26
Mpp:       1.400000e+26
Mrt:      -4.890000e+26
Mrp:      -1.590000e+26
Mtp:       3.710000e+25
