 PDE 2011 12 23  2 18  2.40 -43.4900  172.8600   8.0 5.7 5.9 SOUTH ISLAND, NEW ZEALAND
event name:     C201112230218A
time shift:      4.4000
half duration:   1.9000
latitude:      -43.5500
longitude:     172.5800
depth:          12.0000
Mrr:       3.900000e+24
Mtt:       2.650000e+23
Mpp:      -4.160000e+24
Mrt:       9.660000e+23
Mrp:      -2.080000e+24
Mtp:      -4.470000e+24
