 PDE 2014 12  7  1 22  2.20  -6.5100  154.4600  23.0 0.0 6.6 SOLOMON ISLANDS
event name:     C201412070122A
time shift:      7.2000
half duration:   4.7000
latitude:       -6.6200
longitude:     154.4100
depth:          17.2000
Mrr:       5.470000e+25
Mtt:      -1.670000e+25
Mpp:      -3.790000e+25
Mrt:       4.680000e+25
Mrp:      -5.590000e+25
Mtp:       2.890000e+25
