 PDE 2010 10 28  3 17 24.80  -5.5100  153.7400  33.0 5.7 5.8 NEW IRELAND REGION, P.N.G.
event name:     C201010280317A
time shift:      3.8000
half duration:   2.0000
latitude:       -5.6200
longitude:     153.8300
depth:          30.3000
Mrr:       1.050000e+24
Mtt:      -1.980000e+23
Mpp:      -8.480000e+23
Mrt:       2.350000e+24
Mrp:      -6.490000e+24
Mtp:       1.250000e+24
