 PDE 2011  3 12  1 19  7.20 -16.7200 -173.2100  14.0 5.7 6.0 SAMOA ISLANDS REGION
event name:     C201103120119A
time shift:      5.5000
half duration:   2.2000
latitude:      -16.7900
longitude:    -172.7700
depth:          31.8000
Mrr:      -1.010000e+25
Mtt:       1.880000e+24
Mpp:       8.200000e+24
Mrt:      -1.100000e+24
Mrp:       6.900000e+23
Mtp:       2.350000e+24
