 PDE 2011  8 15  2 53 18.70  -1.8100  -76.9100 177.2 5.7 5.7 PERU-ECUADOR BORDER REGION
event name:     C201108150253A
time shift:      2.0000
half duration:   1.8000
latitude:       -2.0200
longitude:     -77.1800
depth:         183.3000
Mrr:      -2.420000e+24
Mtt:       1.180000e+24
Mpp:       1.240000e+24
Mrt:       3.510000e+24
Mrp:      -1.610000e+24
Mtp:      -2.330000e+24
