 PDE 2013 11 25  7 21 18.40 -53.8700  -53.9100  14.8 0.0 6.0 SOUTH ATLANTIC OCEAN
event name:     C201311250721A
time shift:      4.1000
half duration:   2.3000
latitude:      -53.9700
longitude:     -53.9500
depth:          18.3000
Mrr:       4.000000e+23
Mtt:      -5.550000e+24
Mpp:       5.150000e+24
Mrt:       3.150000e+24
Mrp:       3.600000e+23
Mtp:       8.080000e+24
