 PDE 2013  6  8 12 25  8.60 -22.5900  -66.6900 215.0 5.5 5.6 JUJUY PROVINCE, ARGENTINA
event name:     C201306081225A
time shift:      2.2000
half duration:   1.6000
latitude:      -22.6200
longitude:     -66.8600
depth:         215.3000
Mrr:      -2.060000e+24
Mtt:       2.420000e+23
Mpp:       1.820000e+24
Mrt:       8.390000e+23
Mrp:      -2.770000e+24
Mtp:      -1.110000e+24
