 PDE 2012 11 30 11 20 38.40 -18.8200 -175.6000 200.2 5.1 5.7 TONGA ISLANDS
event name:     C201211301120A
time shift:      6.5000
half duration:   1.6000
latitude:      -18.8700
longitude:    -175.1500
depth:         233.3000
Mrr:      -1.320000e+24
Mtt:       1.140000e+24
Mpp:       1.780000e+23
Mrt:      -1.440000e+24
Mrp:      -2.740000e+24
Mtp:       1.180000e+24
