 PDE 2010  1  6 17 27 55.30  -4.4100  151.7500 199.6 5.3 0.0 NEW BRITAIN REGION, P.N.G.
event name:     C201001061727A
time shift:      2.7000
half duration:   1.6000
latitude:       -4.5200
longitude:     151.7900
depth:         195.1000
Mrr:       1.050000e+24
Mtt:      -6.010000e+23
Mpp:      -4.460000e+23
Mrt:       8.170000e+23
Mrp:      -2.550000e+24
Mtp:       1.800000e+24
