 PDE 2014  5 11 20 42 30.40 -13.8800  167.2400 189.1 0.0 5.6 VANUATU ISLANDS
event name:     C201405112042A
time shift:      2.6000
half duration:   1.6000
latitude:      -14.0100
longitude:     167.1300
depth:         198.4000
Mrr:       3.210000e+24
Mtt:      -4.560000e+23
Mpp:      -2.760000e+24
Mrt:      -1.300000e+24
Mrp:      -4.960000e+23
Mtp:       1.460000e+24
