 PDE 2014  4 12 15 59 27.50  -7.1800  155.0500  10.0 0.0 5.8 SOLOMON ISLANDS
event name:     C201404121559A
time shift:      6.5000
half duration:   1.9000
latitude:       -7.4600
longitude:     155.1100
depth:          12.0000
Mrr:       3.960000e+24
Mtt:      -2.410000e+24
Mpp:      -1.540000e+24
Mrt:       3.130000e+24
Mrp:      -2.760000e+24
Mtp:       2.050000e+24
