 PDE 2011  9  4 21 44 18.10 -19.1800  168.7100  37.0 5.7 5.9 VANUATU ISLANDS
event name:     C201109042144A
time shift:      5.2000
half duration:   2.1000
latitude:      -19.2000
longitude:     168.4200
depth:          49.3000
Mrr:       7.260000e+24
Mtt:       2.800000e+23
Mpp:      -7.530000e+24
Mrt:      -1.900000e+23
Mrp:      -1.900000e+23
Mtp:       2.780000e+24
