 PDE 2011  1 15 12 56 26.80  -5.6500  130.2500 198.8 5.5 5.7 BANDA SEA
event name:     C201101151256A
time shift:      1.2000
half duration:   1.8000
latitude:       -5.5800
longitude:     130.2600
depth:         195.9000
Mrr:      -2.800000e+24
Mtt:       2.300000e+24
Mpp:       5.020000e+23
Mrt:      -2.340000e+24
Mrp:       2.830000e+24
Mtp:      -1.570000e+24
