 PDE 2010 12 23 16 28 14.80  -8.0000  119.9500 206.8 5.5 5.5 FLORES REGION, INDONESIA
event name:     C201012231628A
time shift:      1.7000
half duration:   1.4000
latitude:       -8.1500
longitude:     119.9700
depth:         197.8000
Mrr:      -1.050000e+24
Mtt:       9.960000e+23
Mpp:       5.800000e+22
Mrt:      -2.120000e+24
Mrp:       4.450000e+23
Mtp:       2.340000e+23
