 PDE 2011  4  6 14  1 43.30   1.6200   97.1000  25.3 5.9 6.0 OFF W COAST OF NORTHERN SUMATRA
event name:     C201104061401A
time shift:      3.5000
half duration:   2.1000
latitude:        1.4000
longitude:      96.8200
depth:          24.4000
Mrr:       5.240000e+24
Mtt:      -2.010000e+24
Mpp:      -3.230000e+24
Mrt:       4.300000e+24
Mrp:      -3.830000e+24
Mtp:       2.400000e+24
