 PDE 2014  6 29 17 15  9.30 -14.9800 -175.5100  18.0 0.0 6.7 TONGA ISLANDS
event name:     C201406291715A
time shift:     11.4000
half duration:   5.0000
latitude:      -15.0000
longitude:    -175.5200
depth:          15.3000
Mrr:      -1.000000e+25
Mtt:       5.150000e+25
Mpp:      -4.150000e+25
Mrt:       5.500000e+24
Mrp:      -7.500000e+24
Mtp:       1.000000e+26
