 PDE 2011  1 18 11 33 44.40   2.6300   96.4000  16.7 5.7 5.9 NORTHERN SUMATRA, INDONESIA
event name:     C201101181133A
time shift:      2.7000
half duration:   2.1000
latitude:        2.3800
longitude:      96.1700
depth:          15.0000
Mrr:       3.050000e+24
Mtt:      -1.830000e+24
Mpp:      -1.220000e+24
Mrt:       7.140000e+24
Mrp:      -6.610000e+24
Mtp:       1.440000e+24
