 PDE 2011  3  9 18 44 38.50  38.5000  143.1700  23.8 5.7 5.9 OFF EAST COAST OF HONSHU, JAPAN
event name:     C201103091844A
time shift:      1.7000
half duration:   2.2000
latitude:       38.4700
longitude:     143.5000
depth:          18.3000
Mrr:       4.610000e+24
Mtt:      -2.440000e+23
Mpp:      -4.360000e+24
Mrt:       3.090000e+24
Mrp:       6.490000e+24
Mtp:      -1.450000e+24
