 PDE 2010  5 20 22 16 30.60   9.2400  -84.3000  21.0 5.6 5.9 COSTA RICA
event name:     C201005202216A
time shift:      5.9000
half duration:   2.3000
latitude:        9.2000
longitude:     -84.2000
depth:          23.9000
Mrr:       7.470000e+24
Mtt:      -6.100000e+24
Mpp:      -1.370000e+24
Mrt:       5.980000e+24
Mrp:      -2.600000e+24
Mtp:       3.700000e+24
