 PDE 2010  2 12 12  3 38.80 -33.6200  -68.7900 148.2 5.6 5.8 CHILE-ARGENTINA BORDER REGION
event name:     C201002121203A
time shift:      4.8000
half duration:   2.0000
latitude:      -33.6300
longitude:     -69.0200
depth:         173.5000
Mrr:      -2.400000e+24
Mtt:       5.730000e+24
Mpp:      -3.330000e+24
Mrt:       1.000000e+22
Mrp:      -3.980000e+24
Mtp:      -2.930000e+24
