 PDE 2010  9 13  5 47 49.00  41.4900  141.9900  60.6 5.8 5.8 HOKKAIDO, JAPAN REGION
event name:     C201009130547A
time shift:      1.0000
half duration:   2.0000
latitude:       41.4700
longitude:     142.3200
depth:          60.7000
Mrr:       5.500000e+24
Mtt:      -1.020000e+23
Mpp:      -5.400000e+24
Mrt:       1.760000e+24
Mrp:       3.230000e+24
Mtp:      -2.030000e+24
