 PDE 2011  1 26 17  3 30.10 -11.0100  166.3000 148.5 5.8 5.7 SANTA CRUZ ISLANDS
event name:     C201101261703A
time shift:      3.4000
half duration:   1.8000
latitude:      -11.0000
longitude:     166.2500
depth:         156.6000
Mrr:       4.070000e+24
Mtt:      -1.410000e+24
Mpp:      -2.660000e+24
Mrt:      -6.570000e+23
Mrp:      -3.040000e+24
Mtp:       2.410000e+24
