 PDE 2011  8 27 20 31 53.30 -24.5900  179.9200 508.7 5.1 5.7 SOUTH OF FIJI ISLANDS
event name:     C201108272031A
time shift:      4.7000
half duration:   1.7000
latitude:      -24.4700
longitude:     179.9600
depth:         516.8000
Mrr:      -2.380000e+23
Mtt:       3.030000e+23
Mpp:      -6.500000e+22
Mrt:       4.300000e+23
Mrp:      -4.380000e+24
Mtp:      -7.530000e+23
