 PDE 2013  2 28 18  7 48.30 -10.8900  165.9200  39.0 5.5 5.8 SANTA CRUZ ISLANDS
event name:     C201302281807A
time shift:      4.5000
half duration:   1.9000
latitude:      -10.9600
longitude:     165.6700
depth:          45.3000
Mrr:       5.870000e+24
Mtt:      -1.140000e+24
Mpp:      -4.730000e+24
Mrt:      -6.940000e+23
Mrp:       1.220000e+23
Mtp:       2.430000e+24
