 PDE 2014 10  9  2 14 31.40 -32.1100 -110.8100  16.5 0.0 7.0 SOUTHERN EAST PACIFIC RISE
event name:     C201410090214A
time shift:     11.0000
half duration:   7.3000
latitude:      -32.3400
longitude:    -110.8100
depth:          12.0000
Mrr:       2.890000e+26
Mtt:      -3.170000e+26
Mpp:       2.850000e+25
Mrt:      -7.160000e+25
Mrp:       8.200000e+25
Mtp:       8.540000e+25
