 PDE 2011 10  6  7 37  1.40   9.7000  138.2400  20.0 5.6 5.9 W. CAROLINE ISLANDS, MICRONESIA
event name:     C201110060737A
time shift:      2.6000
half duration:   2.1000
latitude:        9.6900
longitude:     138.2100
depth:          22.4000
Mrr:       3.620000e+24
Mtt:       4.560000e+24
Mpp:      -8.180000e+24
Mrt:       2.660000e+24
Mrp:       9.200000e+23
Mtp:      -1.710000e+24
