 PDE 2010  7 20 19 38  9.50  27.0200   53.8600  10.0 5.6 5.8 SOUTHERN IRAN
event name:     C201007201938A
time shift:      2.7000
half duration:   1.9000
latitude:       26.8900
longitude:      53.6500
depth:          12.0000
Mrr:       4.840000e+24
Mtt:      -4.360000e+24
Mpp:      -4.810000e+23
Mrt:       1.860000e+24
Mrp:      -2.760000e+24
Mtp:       1.040000e+24
