 PDE 2010 12 20 15 15  8.70  10.1700 -103.9800  10.0 5.5 5.9 NORTHERN EAST PACIFIC RISE
event name:     C201012201515A
time shift:      3.2000
half duration:   2.1000
latitude:       10.2800
longitude:    -104.0800
depth:          12.0000
Mrr:       4.000000e+23
Mtt:      -7.600000e+24
Mpp:       7.200000e+24
Mrt:       4.900000e+23
Mrp:      -8.500000e+23
Mtp:       3.810000e+24
