 PDE 2010 10 25 22 59 53.40  -3.2900  100.4600  19.0 5.8 5.9 SOUTHERN SUMATRA, INDONESIA
event name:     C201010252300A
time shift:      3.2000
half duration:   2.8000
latitude:       -3.5500
longitude:     100.1200
depth:          14.3000
Mrr:       4.090000e+24
Mtt:      -2.490000e+24
Mpp:      -1.600000e+24
Mrt:       7.420000e+24
Mrp:      -4.960000e+24
Mtp:       1.920000e+24
