 PDE 2010  4 11  2 19  6.80 -12.9700  166.5200  10.0 5.3 5.8 SANTA CRUZ ISLANDS
event name:     C201004110219A
time shift:      6.7000
half duration:   1.9000
latitude:      -12.9900
longitude:     166.2400
depth:          23.2000
Mrr:       5.150000e+24
Mtt:       1.210000e+23
Mpp:      -5.270000e+24
Mrt:       1.250000e+24
Mrp:      -1.680000e+24
Mtp:       1.550000e+24
