 PDE 2014 12 31  1 37 33.90  -4.4400  144.0000 123.0 0.0 5.8 NEAR N COAST OF NEW GUINEA, PNG.
event name:     C201412310137A
time shift:      2.8000
half duration:   2.0000
latitude:       -4.5100
longitude:     144.0000
depth:         133.9000
Mrr:       4.600000e+24
Mtt:      -2.510000e+24
Mpp:      -2.080000e+24
Mrt:       6.790000e+23
Mrp:       3.190000e+24
Mtp:       3.980000e+24
