 PDE 2012  2  6 11 33 37.00   9.8200  123.0800  15.0 5.8 5.9 NEGROS, PHILIPPINES
event name:     C201202061133A
time shift:      1.4000
half duration:   2.1000
latitude:        9.9100
longitude:     123.0700
depth:          12.0000
Mrr:       4.590000e+24
Mtt:      -4.900000e+24
Mpp:       3.120000e+23
Mrt:      -2.680000e+24
Mrp:       1.290000e+24
Mtp:      -6.350000e+24
