 PDE 2011  7  5  3 36 25.10 -38.6700  175.7500 152.3 5.4 0.0 NORTH ISLAND, NEW ZEALAND
event name:     C201107050336A
time shift:      1.9000
half duration:   1.4000
latitude:      -38.6300
longitude:     175.6800
depth:         159.1000
Mrr:       1.170000e+24
Mtt:       7.880000e+23
Mpp:      -1.950000e+24
Mrt:       1.470000e+24
Mrp:      -8.440000e+23
Mtp:       3.920000e+23
