 PDE 2011  8 29 18 57 39.00 -16.3500  167.9400 202.3 5.5 5.6 VANUATU ISLANDS
event name:     C201108291857A
time shift:      2.8000
half duration:   1.6000
latitude:      -16.3400
longitude:     167.8600
depth:         195.2000
Mrr:      -1.230000e+23
Mtt:       1.310000e+24
Mpp:      -1.190000e+24
Mrt:      -2.240000e+24
Mrp:      -2.320000e+24
Mtp:       1.030000e+24
