 PDE 2014  5  4  9 25 16.00 -25.8100  178.2400 634.2 0.0 6.3 SOUTH OF FIJI ISLANDS
event name:     C201405040925A
time shift:      3.0000
half duration:   3.8000
latitude:      -25.8000
longitude:     178.2500
depth:         654.5000
Mrr:      -2.720000e+25
Mtt:       4.500000e+25
Mpp:      -1.780000e+25
Mrt:      -1.520000e+25
Mrp:      -1.990000e+25
Mtp:       3.080000e+24
