 PDE 2011 12  7 13 38 28.10  -1.4400  126.5100  28.5 5.8 5.9 SOUTHERN MOLUCCA SEA
event name:     C201112071338A
time shift:      4.0000
half duration:   2.0000
latitude:       -1.4500
longitude:     126.4900
depth:          19.3000
Mrr:      -6.010000e+24
Mtt:       4.480000e+23
Mpp:       5.560000e+24
Mrt:      -6.450000e+23
Mrp:      -1.140000e+24
Mtp:      -3.080000e+24
