 PDE 2013  5 14  0 32 25.90  18.7300  145.2900 602.2 6.2 6.8 MARIANA ISLANDS
event name:     C201305140032A
time shift:      3.7000
half duration:   6.3000
latitude:       18.6700
longitude:     145.3500
depth:         604.7000
Mrr:      -1.040000e+26
Mtt:      -5.780000e+25
Mpp:       1.620000e+26
Mrt:      -1.280000e+26
Mrp:       7.800000e+24
Mtp:      -9.720000e+25
