 PDE 2010 12  7 18 17 39.40  54.3600  169.1200  10.0 6.1 5.8 KOMANDORSKIYE OSTROVA REGION
event name:     C201012071817A
time shift:      5.8000
half duration:   1.9000
latitude:       54.3800
longitude:     169.0900
depth:          19.6000
Mrr:       1.730000e+24
Mtt:      -4.030000e+24
Mpp:       2.300000e+24
Mrt:      -3.730000e+23
Mrp:      -2.550000e+24
Mtp:      -4.560000e+24
