 PDE 2010  9 16  1 54 40.30 -16.0300 -173.9600  84.0 5.5 5.8 TONGA ISLANDS
event name:     C201009160154A
time shift:      4.8000
half duration:   1.9000
latitude:      -16.0000
longitude:    -173.4900
depth:          93.2000
Mrr:       7.290000e+23
Mtt:      -2.590000e+23
Mpp:      -4.700000e+23
Mrt:      -1.690000e+24
Mrp:      -5.310000e+24
Mtp:      -1.210000e+24
