 PDE 2014  8 27 23 11 34.20 -15.0500  167.3900 115.2 0.0 5.9 VANUATU ISLANDS
event name:     C201408272311A
time shift:      2.5000
half duration:   2.3000
latitude:      -15.0500
longitude:     167.2400
depth:         120.4000
Mrr:       9.710000e+24
Mtt:      -4.500000e+23
Mpp:      -9.260000e+24
Mrt:      -6.800000e+23
Mrp:      -1.290000e+24
Mtp:      -2.530000e+24
