 PDE 2011  8 25 10 39 58.20 -13.6000  167.0000 158.6 5.6 5.9 VANUATU ISLANDS
event name:     C201108251039A
time shift:     -0.6000
half duration:   2.2000
latitude:      -13.6800
longitude:     166.8300
depth:         123.7000
Mrr:      -6.700000e+24
Mtt:       1.320000e+24
Mpp:       5.380000e+24
Mrt:      -4.610000e+24
Mrp:      -1.770000e+24
Mtp:      -5.520000e+24
