 PDE 2013  4  5 13  0  2.10  42.7400  131.0000 563.3 6.2 6.4 E. RUSSIA-N.E. CHINA BORDER REG.
event name:     C201304051300A
time shift:      2.9000
half duration:   3.3000
latitude:       42.7700
longitude:     131.0200
depth:         571.9000
Mrr:       6.560000e+24
Mtt:      -2.500000e+24
Mpp:      -4.070000e+24
Mrt:       1.030000e+24
Mrp:      -3.090000e+25
Mtp:       4.510000e+24
