 PDE 2010  9 13  7 15 49.80 -14.6100  -70.7800 181.0 5.6 5.9 CENTRAL PERU
event name:     C201009130715A
time shift:      1.1000
half duration:   2.0000
latitude:      -14.7300
longitude:     -71.0900
depth:         171.0000
Mrr:      -5.020000e+24
Mtt:       4.990000e+24
Mpp:       3.400000e+22
Mrt:      -4.640000e+23
Mrp:      -2.300000e+24
Mtp:      -5.200000e+24
