 PDE 2011  1  2 15 19 31.00  -4.4600  101.4300  21.6 5.7 5.8 SOUTHERN SUMATRA, INDONESIA
event name:     C201101021519A
time shift:      4.5000
half duration:   1.9000
latitude:       -4.7300
longitude:     101.2200
depth:          20.8000
Mrr:       2.930000e+24
Mtt:      -1.630000e+24
Mpp:      -1.300000e+24
Mrt:       4.130000e+24
Mrp:      -3.270000e+24
Mtp:       1.360000e+24
