 PDE 2014 12 12 20 22 35.30 -18.9000 -176.4400 316.4 0.0 5.8 FIJI ISLANDS REGION
event name:     C201412122022A
time shift:      3.8000
half duration:   1.9000
latitude:      -18.8300
longitude:    -176.4300
depth:         328.0000
Mrr:      -1.950000e+24
Mtt:      -1.810000e+23
Mpp:       2.130000e+24
Mrt:      -1.800000e+24
Mrp:      -4.470000e+24
Mtp:      -2.440000e+24
