 PDE 2012  9  5 13  9 10.10 -12.4800  166.5100  27.0 5.6 6.0 SANTA CRUZ ISLANDS
event name:     C201209051309A
time shift:      6.8000
half duration:   2.4000
latitude:      -12.5800
longitude:     166.1400
depth:          34.0000
Mrr:      -9.770000e+24
Mtt:       1.750000e+24
Mpp:       8.020000e+24
Mrt:      -6.460000e+24
Mrp:      -2.210000e+24
Mtp:      -5.940000e+24
