 PDE 2012  4 11 22 51 57.30   2.8700   89.5600   6.6 5.4 0.0 NORTH INDIAN OCEAN
event name:     C201204112251A
time shift:      8.0000
half duration:   1.9000
latitude:        2.8300
longitude:      89.5500
depth:          12.0000
Mrr:       1.070000e+24
Mtt:      -4.960000e+24
Mpp:       3.890000e+24
Mrt:      -5.630000e+23
Mrp:      -4.240000e+24
Mtp:       5.950000e+23
