 PDE 2012  7 20  6 32 56.10  49.3500  156.1300  10.0 5.8 5.9 KURIL ISLANDS
event name:     C201207200632A
time shift:      6.9000
half duration:   2.0000
latitude:       49.2400
longitude:     156.5400
depth:          26.8000
Mrr:       5.550000e+24
Mtt:      -1.590000e+24
Mpp:      -3.970000e+24
Mrt:       2.520000e+24
Mrp:       4.030000e+24
Mtp:      -2.510000e+24
