 PDE 2010  9 24 19  1 32.30  -7.8100  -74.3700 150.3 5.7 5.5 PERU-BRAZIL BORDER REGION
event name:     C201009241901A
time shift:      1.8000
half duration:   1.4000
latitude:       -7.9000
longitude:     -74.5300
depth:         155.8000
Mrr:      -9.320000e+23
Mtt:      -7.130000e+23
Mpp:       1.650000e+24
Mrt:       7.630000e+23
Mrp:      -1.470000e+24
Mtp:      -2.200000e+23
