 PDE 2012  2 15  3 31 20.60  43.6200 -127.5200  11.0 5.5 5.8 OFF COAST OF OREGON
event name:     C201202150331A
time shift:      1.7000
half duration:   2.2000
latitude:       43.4000
longitude:    -127.6800
depth:          17.9000
Mrr:      -6.700000e+23
Mtt:      -5.920000e+24
Mpp:       6.590000e+24
Mrt:      -1.010000e+24
Mrp:      -7.200000e+23
Mtp:      -5.820000e+24
