 PDE 2012 11  2  1 22 14.00  -7.7900  121.6400 275.3 5.3 0.0 FLORES SEA
event name:     C201211020122A
time shift:      1.8000
half duration:   1.6000
latitude:       -7.8600
longitude:     121.6800
depth:         282.8000
Mrr:      -8.200000e+23
Mtt:       2.690000e+24
Mpp:      -1.870000e+24
Mrt:      -1.050000e+24
Mrp:       1.650000e+24
Mtp:       1.420000e+24
