 PDE 2010  9 11  7 12 31.60  -1.0700  129.2400  14.0 5.6 5.8 HALMAHERA, INDONESIA
event name:     C201009110712A
time shift:      3.0000
half duration:   1.9000
latitude:       -1.0400
longitude:     129.2400
depth:          12.5000
Mrr:      -3.220000e+23
Mtt:       1.770000e+24
Mpp:      -1.440000e+24
Mrt:       8.560000e+23
Mrp:       9.980000e+23
Mtp:       5.810000e+24
