 PDE 2010  9 26 12 12 41.70  -5.3100  133.9200  30.0 6.1 6.0 ARU ISLANDS REGION, INDONESIA
event name:     C201009261212A
time shift:      2.3000
half duration:   2.4000
latitude:       -5.2000
longitude:     133.9100
depth:          18.9000
Mrr:      -9.760000e+24
Mtt:      -5.000000e+22
Mpp:       9.810000e+24
Mrt:       2.100000e+23
Mrp:       5.360000e+24
Mtp:       2.840000e+24
