 PDE 2010  6  2  1 49  3.90 -57.3700  -26.4500 127.4 5.9 5.9 SOUTH SANDWICH ISLANDS REGION
event name:     C201006020149A
time shift:      4.4000
half duration:   2.1000
latitude:      -57.6400
longitude:     -26.1100
depth:         135.1000
Mrr:       5.890000e+24
Mtt:       5.600000e+23
Mpp:      -6.450000e+24
Mrt:      -1.360000e+24
Mrp:       5.710000e+24
Mtp:      -8.800000e+23
