 PDE 2014 11  7  3 33 55.30  -5.9900  148.2300  53.2 0.0 6.6 NEW BRITAIN REGION, P.N.G.
event name:     C201411070333A
time shift:      9.7000
half duration:   5.1000
latitude:       -6.4000
longitude:     148.3600
depth:          41.9000
Mrr:       9.460000e+25
Mtt:      -1.070000e+26
Mpp:       1.240000e+25
Mrt:       4.940000e+25
Mrp:      -7.500000e+24
Mtp:       0.000000e+00
