 PDE 2014 11 10 10  4 21.10 -22.7700  171.4500   7.0 0.0 5.9 SOUTHEAST OF LOYALTY ISLANDS
event name:     C201411101004A
time shift:      7.2000
half duration:   2.1000
latitude:      -22.7900
longitude:     171.4000
depth:          18.0000
Mrr:       2.160000e+24
Mtt:      -1.960000e+24
Mpp:      -2.010000e+23
Mrt:       7.030000e+24
Mrp:      -1.450000e+24
Mtp:       3.230000e+24
