 PDE 2014 11 15  3  8  4.80  -0.1400  123.8900  92.3 0.0 5.9 MINAHASSA PENINSULA, SULAWESI
event name:     C201411150307A
time shift:      1.1000
half duration:   2.2000
latitude:       -0.2300
longitude:     123.9900
depth:          85.8000
Mrr:      -4.200000e+23
Mtt:       3.970000e+24
Mpp:      -3.550000e+24
Mrt:       8.600000e+23
Mrp:       3.900000e+24
Mtp:       7.970000e+24
