 PDE 2011  8 12  3 15  9.10 -21.8100 -177.0200 218.8 5.3 5.6 FIJI ISLANDS REGION
event name:     C201108120315A
time shift:      2.0000
half duration:   1.5000
latitude:      -21.8600
longitude:    -176.6300
depth:         214.6000
Mrr:      -1.630000e+24
Mtt:      -8.740000e+23
Mpp:       2.510000e+24
Mrt:      -1.380000e+24
Mrp:      -1.460000e+24
Mtp:      -6.190000e+23
