 PDE 2011  3 12 12 53 52.10  37.7300  143.5100  34.1 5.8 5.9 OFF EAST COAST OF HONSHU, JAPAN
event name:     C201103121253A
time shift:      0.6000
half duration:   2.2000
latitude:       37.7100
longitude:     143.6000
depth:          20.7000
Mrr:      -5.970000e+24
Mtt:      -4.270000e+24
Mpp:       1.020000e+25
Mrt:       1.900000e+24
Mrp:       4.050000e+24
Mtp:       2.940000e+24
