 PDE 2014  5  1 14 35 37.10   1.9600   97.9700  37.0 0.0 5.9 NORTHERN SUMATRA, INDONESIA
event name:     C201405011435A
time shift:      5.2000
half duration:   2.0000
latitude:        1.8800
longitude:      97.7200
depth:          43.5000
Mrr:       5.280000e+24
Mtt:      -1.640000e+24
Mpp:      -3.640000e+24
Mrt:       4.500000e+24
Mrp:      -2.400000e+24
Mtp:       2.660000e+24
