 PDE 2013  2 26 19 57 55.80 -21.5000 -179.3900 624.7 5.2 5.7 FIJI ISLANDS REGION
event name:     C201302261957A
time shift:      2.5000
half duration:   1.9000
latitude:      -21.4800
longitude:    -179.3100
depth:         626.1000
Mrr:       4.670000e+23
Mtt:      -4.140000e+24
Mpp:       3.670000e+24
Mrt:      -1.640000e+24
Mrp:       3.000000e+21
Mtp:       3.620000e+24
