 PDE 2010 10 20  6 58 14.10  24.4700 -109.0200  10.0 5.5 5.8 GULF OF CALIFORNIA
event name:     C201010200658A
time shift:      4.3000
half duration:   1.9000
latitude:       24.7200
longitude:    -109.1800
depth:          15.5000
Mrr:      -7.050000e+23
Mtt:      -5.480000e+24
Mpp:       6.180000e+24
Mrt:       1.300000e+24
Mrp:       2.250000e+23
Mtp:      -1.210000e+24
