 PDE 2013  2  6 13 54 54.20 -10.8100  166.5300  13.7 6.0 5.8 SANTA CRUZ ISLANDS
event name:     C201302061354A
time shift:      4.0000
half duration:   1.9000
latitude:      -10.7200
longitude:     166.6100
depth:          12.0000
Mrr:      -5.170000e+24
Mtt:      -1.250000e+24
Mpp:       6.420000e+24
Mrt:      -1.580000e+24
Mrp:       3.800000e+22
Mtp:      -1.240000e+24
