 PDE 2011  2 11 23 39 21.30 -37.2000  -73.2000  15.0 5.5 6.0 OFF COAST OF CENTRAL CHILE
event name:     C201102112339A
time shift:      2.0000
half duration:   2.4000
latitude:      -37.4500
longitude:     -74.1100
depth:          16.4000
Mrr:       6.280000e+24
Mtt:      -3.300000e+23
Mpp:      -5.940000e+24
Mrt:      -3.400000e+23
Mrp:      -1.010000e+25
Mtp:      -7.000000e+23
