 PDE 2014 12  7 12 11 31.20  13.7500  -91.3800  28.0 0.0 5.9 NEAR COAST OF GUATEMALA
event name:     C201412071211A
time shift:      3.7000
half duration:   2.0000
latitude:       13.6900
longitude:     -91.8100
depth:          20.0000
Mrr:       3.940000e+24
Mtt:      -3.630000e+24
Mpp:      -3.080000e+23
Mrt:       4.730000e+24
Mrp:      -3.680000e+24
Mtp:       1.190000e+24
