 PDE 2013 10  1  3 38 21.70  53.2000  152.7900 573.0 0.0 6.7 SEA OF OKHOTSK
event name:     C201310010338A
time shift:      3.2000
half duration:   5.6000
latitude:       53.2000
longitude:     152.8100
depth:         585.5000
Mrr:      -1.070000e+26
Mtt:       1.250000e+26
Mpp:      -1.840000e+25
Mrt:      -4.430000e+25
Mrp:      -8.660000e+25
Mtp:       3.900000e+24
