 PDE 2012  2 10  1 47 34.20 -17.9700 -178.5500 582.3 6.0 6.0 FIJI ISLANDS REGION
event name:     C201202100147A
time shift:      4.0000
half duration:   2.3000
latitude:      -17.9800
longitude:    -178.4200
depth:         598.0000
Mrr:      -7.000000e+23
Mtt:       5.850000e+24
Mpp:      -5.150000e+24
Mrt:       3.330000e+24
Mrp:      -6.880000e+24
Mtp:      -4.160000e+24
