 PDE 2010 12 24  5 48 53.00 -63.5900 -167.3400   4.0 5.8 6.0 PACIFIC-ANTARCTIC RIDGE
event name:     C201012240548A
time shift:      4.5000
half duration:   2.3000
latitude:      -63.5900
longitude:    -167.6200
depth:          14.6000
Mrr:      -1.360000e+24
Mtt:       9.250000e+24
Mpp:      -7.890000e+24
Mrt:      -1.440000e+24
Mrp:       6.200000e+23
Mtp:       5.740000e+24
