 PDE 2011  9  3  1  6 53.80 -12.7800  166.7900  85.0 5.6 5.8 SANTA CRUZ ISLANDS
event name:     C201109030106A
time shift:      3.3000
half duration:   2.0000
latitude:      -12.8000
longitude:     166.5400
depth:          94.1000
Mrr:       5.860000e+24
Mtt:      -6.240000e+24
Mpp:       3.820000e+23
Mrt:      -2.440000e+24
Mrp:      -2.120000e+24
Mtp:      -1.380000e+24
