 PDE 2010 12 11 13 43 20.60 -21.8100 -179.3500 601.2 5.1 5.6 FIJI ISLANDS REGION
event name:     C201012111343A
time shift:      1.9000
half duration:   1.3000
latitude:      -21.8800
longitude:    -179.0600
depth:         603.1000
Mrr:       6.630000e+23
Mtt:      -2.300000e+23
Mpp:      -4.330000e+23
Mrt:      -2.910000e+23
Mrp:      -2.000000e+24
Mtp:       8.500000e+22
