 PDE 2012 12  5 17  8 13.60  33.5100   59.5700  14.4 5.6 5.8 NORTHERN AND CENTRAL IRAN
event name:     C201212051708A
time shift:     -0.9000
half duration:   1.9000
latitude:       33.4100
longitude:      59.6000
depth:          15.0000
Mrr:       1.920000e+24
Mtt:      -1.700000e+24
Mpp:      -2.260000e+23
Mrt:       7.300000e+22
Mrp:       3.820000e+24
Mtp:       3.900000e+24
