 PDE 2014  3 29  7 46 50.20  -0.8500  -21.9200  12.0 0.0 5.9 CENTRAL MID-ATLANTIC RIDGE
event name:     C201403290746A
time shift:      5.6000
half duration:   2.2000
latitude:       -0.6900
longitude:     -21.7300
depth:          24.1000
Mrr:      -1.280000e+23
Mtt:       2.680000e+24
Mpp:      -2.550000e+24
Mrt:       1.510000e+24
Mrp:       5.250000e+23
Mtp:      -8.790000e+24
