 PDE 2010 11 19 21 55 16.10   1.1900  100.1300 217.7 5.5 5.7 NORTHERN SUMATRA, INDONESIA
event name:     C201011192155A
time shift:      2.1000
half duration:   1.6000
latitude:        1.2100
longitude:     100.0000
depth:         210.1000
Mrr:      -3.300000e+23
Mtt:      -3.000000e+23
Mpp:       6.290000e+23
Mrt:      -3.180000e+23
Mrp:      -3.500000e+24
Mtp:      -9.790000e+23
