 PDE 2011  3 15  9 49 52.60  37.3700  142.3000   8.0 6.0 5.8 OFF EAST COAST OF HONSHU, JAPAN
event name:     C201103150949A
time shift:      1.7000
half duration:   2.0000
latitude:       37.4400
longitude:     142.2900
depth:          12.0000
Mrr:      -5.900000e+24
Mtt:       9.840000e+23
Mpp:       4.920000e+24
Mrt:       1.950000e+24
Mrp:       2.840000e+24
Mtp:       1.930000e+24
