 PDE 2010  3  8 17  3 16.80 -25.7100  -66.6200  10.0 5.6 5.8 SALTA PROVINCE, ARGENTINA
event name:     C201003081703A
time shift:      6.1000
half duration:   1.9000
latitude:      -25.9400
longitude:     -66.8400
depth:          15.1000
Mrr:      -1.740000e+24
Mtt:       6.400000e+24
Mpp:      -4.660000e+24
Mrt:       2.420000e+24
Mrp:      -2.190000e+23
Mtp:      -2.680000e+24
