 PDE 2011 11  7 11 59 31.40  36.5000   71.1000 212.1 5.7 5.7 AFGHANISTAN-TAJIKISTAN BORD REG.
event name:     C201111071159A
time shift:      0.9000
half duration:   1.7000
latitude:       36.5900
longitude:      71.0200
depth:         222.0000
Mrr:       4.010000e+24
Mtt:      -5.720000e+23
Mpp:      -3.440000e+24
Mrt:      -3.080000e+23
Mrp:       1.260000e+24
Mtp:       1.050000e+24
