 PDE 2014  6 14  3 58 41.70  36.4500   70.7200 200.0 0.0 5.6 HINDU KUSH REGION, AFGHANISTAN
event name:     C201406140358A
time shift:      2.6000
half duration:   1.6000
latitude:       36.4800
longitude:      70.6200
depth:         206.5000
Mrr:       2.000000e+24
Mtt:      -1.570000e+24
Mpp:      -4.290000e+23
Mrt:       2.050000e+24
Mrp:      -1.560000e+24
Mtp:       6.950000e+23
