 PDE 2013  4  2 14 34 55.10 -40.4400   45.3800   9.0 5.9 5.9 SOUTHWEST INDIAN RIDGE
event name:     C201304021434A
time shift:      4.2000
half duration:   2.1000
latitude:      -40.1900
longitude:      45.3200
depth:          12.0000
Mrr:      -6.480000e+24
Mtt:       6.280000e+24
Mpp:       1.980000e+23
Mrt:       1.590000e+24
Mrp:      -3.950000e+23
Mtp:       3.970000e+24
