 PDE 1995  8 16 23 10 28.90  -5.7800  154.2600  74.0 6.1 7.2 SOLOMON ISLANDS
event name:     M081695P
time shift:     19.4000
half duration:   8.7000
latitude:       -6.0800
longitude:     154.1900
depth:          45.0000
Mrr:       6.869000e+26
Mtt:      -3.826000e+26
Mpp:      -3.042000e+26
Mrt:      -1.390000e+25
Mrp:      -8.000000e+23
Mtp:       3.630000e+26
